Cattle_ID,Milk_Yield_L
1,18.45366249873573
2,10.466619016594745
3,23.37860722035603
4,14.913211883221404
5,17.411390364319608
6,19.62010932849398
7,14.385685204131267
8,17.61087705752496
9,21.537114817671586
10,14.946217797448192
11,12.500939449496325
12,15.535915113572441
13,19.893528177724697
14,11.781540678658175
15,17.58799145840554
16,13.253873975510688
17,13.91066109439015
18,14.474199491709587
19,16.9869840169551
20,11.604228437247155
21,12.52133363587335
22,18.362420445007128
23,16.983342767659835
24,11.529891391826066
25,20.475997166978082
26,14.409586971318069
27,20.620576473741963
28,12.583064479574169
29,14.63029114876123
30,15.843160418120611
31,12.81140981794976
32,18.87255016160688
33,13.52166358403372
34,14.642290619774837
35,9.722329635623074
36,12.680161488272399
37,16.885514861656215
38,11.899180322593068
39,13.793886309108862
40,13.269765227223251
41,17.428269682573422
42,14.942336800986565
43,13.94104498316297
44,17.34140695585217
45,9.742911155354705
46,13.787592816543507
47,18.52308901521748
48,19.106222738199705
49,14.468581779691096
50,8.185343457129505
51,12.233571776202496
52,12.23392349247328
53,19.520284351535302
54,17.558878120593377
55,13.518958909930259
56,16.346581819923927
57,15.78308795898567
58,14.518074231150715
59,11.510152463193782
60,14.11111099220187
61,17.03219448312708
62,18.323749228842022
63,25.040502565810158
64,13.651590194279056
65,16.53171965394406
66,15.322459554331212
67,15.635290134135632
68,22.119273005722363
69,16.686235512454154
70,12.924279714557585
71,14.161201743956388
72,23.52295072150355
73,14.94911196098564
74,14.909146798782729
75,12.724413372629213
76,11.485613901669065
77,11.409256416572621
78,18.169310386177784
79,15.370211697577352
80,13.695931432396772
81,14.49352824435461
82,14.147012018022007
83,18.45832645269627
84,17.315354121412923
85,12.28685199150394
86,15.63240603204055
87,16.76149758259224
88,14.33033049616576
89,16.11096157282308
90,17.271446848597236
91,15.144232706815643
92,14.855220438548699
93,15.777258330303
94,15.702546365533914
95,18.43082773122236
96,10.74755385573544
97,12.289047875850489
98,16.460638636340672
99,20.78461574781926
100,19.36812258409834
101,11.98515717656206
102,20.197158558044435
103,11.098979229597866
104,17.313094454452923
105,12.916370408578672
106,18.62127489553471
107,13.56710273132471
108,18.898906633206444
109,12.98413203133846
110,21.084517032023165
111,17.503341227746937
112,16.839050995391045
113,7.573247966707869
114,13.706209027299575
115,21.91921907431133
116,15.441486611747852
117,10.946093814489942
118,18.58542448148933
119,12.766341471151758
120,12.562030094213725
121,12.862424920466587
122,10.819395867947442
123,12.887693341714307
124,17.538051849653314
125,17.347237509930768
126,17.82908630582825
127,19.144327933273402
128,23.685883738716655
129,12.948753867865681
130,13.467171281981937
131,13.203261477541783
132,15.492650750120761
133,17.440543358164973
134,18.663796456719936
135,14.69286646978133
136,19.28696446358152
137,14.641021251572605
138,13.00157381526353
139,16.00999385155327
140,20.39222031774034
141,15.348770419080497
142,18.838157483795136
143,12.61553669157005
144,14.241358108096287
145,11.415111845144434
146,12.754183619956624
147,19.494728732078983
148,10.47331292669971
149,12.202254426809823
150,14.292017800472633
151,18.000573989178456
152,11.922508721100526
153,16.665741318542025
154,13.84669129008659
155,17.788568347384345
156,13.46040806684789
157,11.515977532396935
158,20.399672426725843
159,12.400878792866934
160,19.951008712634362
161,19.496019687605575
162,16.224267180509287
163,14.325686419754053
164,11.730022371026546
165,17.86735447452066
166,15.976757605657296
167,17.79164114319213
168,17.378461864146576
169,19.44750769836766
170,18.040590061962725
171,17.428555319670302
172,13.869143860164
173,11.39178439093416
174,19.89885319347846
175,10.321796597704626
176,12.17598690728161
177,17.778556331030394
178,12.558364031052502
179,13.580690764249434
180,18.88810664522162
181,19.081612367202297
182,11.399542592311082
183,11.288593376636028
184,15.3624310292967
185,19.110513758632017
186,13.718187188833564
187,11.969388250047427
188,19.472599596192616
189,21.292216003583768
190,11.809044397085064
191,12.348287161249747
192,22.16577906578059
193,11.839018541810987
194,22.90799909251257
195,13.350293870526036
196,9.548223044729113
197,19.514168934562733
198,23.813160204288017
199,22.921714188305742
200,16.65240519834162
201,11.588844113377057
202,14.072992943917312
203,18.672216105406566
204,14.277683707412786
205,14.787541751438502
206,20.05566131950102
207,21.227283398653316
208,11.392486875826492
209,10.466746964463725
210,16.29595170340275
211,16.964756198774843
212,16.925839867988536
213,20.29796271479114
214,14.109262831615576
215,10.723364663856309
216,16.225960939286843
217,15.513262366946883
218,14.3195787762676
219,15.165209583238568
220,12.930640630642612
221,16.346779016810423
222,14.405673697627227
223,15.48947059200748
224,17.68958394214611
225,16.816530070715977
226,14.239823977589454
227,18.849820736843576
228,21.289375381235878
229,18.670795199930154
230,17.87329326682265
231,12.0132567557098
232,14.650319780537435
233,20.63165743985734
234,16.20200260910665
235,16.687056771003263
236,15.97802796878499
237,18.276326686224085
238,12.949269604666215
239,15.878353320059874
240,21.252242142210292
241,19.633165412462716
242,21.527166457876344
243,10.538907164473251
244,14.931469207245248
245,13.638819690375922
246,15.128459450652574
247,17.788710105948745
248,13.681273337259807
249,18.00351894966991
250,20.8057080645515
251,15.799100508486001
252,14.7871233538135
253,16.206493565796976
254,14.163747082416114
255,13.268505651959778
256,16.017692887606046
257,17.131261778588176
258,18.735450334770135
259,19.469270142848686
260,19.19721851660968
261,18.110387705015718
262,16.000928674503342
263,12.994966090903397
264,17.846474917296305
265,16.215429534569182
266,11.230776882400676
267,19.102184219288745
268,10.937216941959704
269,21.019646252771572
270,20.027961199002096
271,15.099721838369895
272,13.052354615764335
273,13.060898514111312
274,15.70178047888077
275,16.889975531574457
276,17.461401688112126
277,23.361292193119567
278,10.40134177038043
279,12.94633353774681
280,11.652943169706937
281,20.77403546087624
282,15.011532554526346
283,13.533269528757046
284,14.515380755395661
285,11.044066488826576
286,14.72909840888871
287,10.939757270931192
288,16.701361868788233
289,18.47853937369733
290,22.05057751460734
291,14.916226446288897
292,15.94904310857216
293,17.77677504732071
294,15.699032330579344
295,15.823118135151505
296,19.10814468682367
297,13.53583180196819
298,12.015029851594097
299,14.162999397615861
300,23.230583522339153
301,12.482579610943304
302,16.413664682236963
303,11.76747337414611
304,20.611178425912858
305,19.45048763124186
306,14.794239412512095
307,18.5597014006012
308,19.64615376709032
309,14.87191882670158
310,17.909480895095292
311,12.106466640806286
312,14.723724801433177
313,23.651006751528953
314,12.723812282823683
315,16.482282475784032
316,17.8402678147986
317,13.988971647449874
318,12.106989620246075
319,12.255740999247648
320,10.69907659980467
321,20.631046180187383
322,13.225950885809493
323,9.705217999753842
324,14.854993159395175
325,16.58325675643563
326,13.288627246296947
327,19.89855550203091
328,15.916269468526417
329,12.606044102334732
330,16.65514895728805
331,24.191096346801793
332,20.886627025812647
333,23.641320240794414
334,12.186370432461457
335,16.81221632775643
336,20.08364349728066
337,20.282392324327958
338,16.46056230695774
339,15.072815483034452
340,12.809394897441084
341,24.420898391887945
342,8.749013078492885
343,19.875159355428146
344,13.600349625555221
345,10.71298556588236
346,21.298796061789798
347,13.301531535394991
348,17.269588502177264
349,22.395526005364864
350,11.099415986109546
351,21.829019007800404
352,14.683275923525596
353,18.876608918457045
354,18.770680295000744
355,14.904673624288916
356,18.581605809630922
357,14.077135129960043
358,18.324329228064258
359,10.959329843440683
360,11.274243982826981
361,16.582851949589
362,17.19991370886077
363,17.55547020523634
364,14.408025416769197
365,13.256719388036172
366,14.888226369343494
367,16.856379716738935
368,14.964758036079
369,16.378598663497172
370,16.88392543116288
371,22.57619388381449
372,11.96438559740997
373,10.699123097029904
374,16.50059048819177
375,14.674813619003364
376,17.467060814165368
377,12.936529332106645
378,15.245034402309582
379,18.690214706116002
380,18.414827983631106
381,11.639634271065482
382,17.177171527940864
383,17.177480304363137
384,11.871845553644114
385,15.593672271356093
386,17.608971634485066
387,17.641297632940258
388,18.94125252555557
389,13.229288572534074
390,22.04186667302728
391,13.069240438217316
392,11.667994834225482
393,13.763030226411125
394,8.977971894000518
395,20.836808112801975
396,14.452524580829126
397,14.272156266921888
398,17.48766740817449
399,11.44927077954068
400,13.22083780414181
401,14.148190816087709
402,16.284158766929835
403,14.09431122045694
404,17.63811484388619
405,14.730121100563235
406,17.634451082544494
407,14.51957762359939
408,18.838952889938305
409,19.668057835385675
410,14.868816286188162
411,16.259260066478404
412,15.031760945954344
413,19.81761371670021
414,9.58187383618359
415,15.008103690919057
416,19.719297312467553
417,12.53588396044453
418,15.448368179455008
419,19.808382869885705
420,15.689328668767939
421,15.131066566587856
422,14.07564003130351
423,21.001167791765084
424,14.535265683483013
425,13.570015578304792
426,14.245918433538172
427,22.355958252102546
428,11.090506991781526
429,20.01182165209228
430,17.9360838480401
431,15.097249307773383
432,17.587623559219374
433,8.490588576960844
434,17.620522470213984
435,15.332500511915775
436,15.965235463086563
437,14.683964991049118
438,11.65004339480082
439,17.50720476409137
440,14.217549816956796
441,13.148861094177187
442,18.32220535783388
443,16.926314920790713
444,14.30255864716525
445,19.76177858379892
446,14.657128184020392
447,15.894172198935168
448,9.141724327041931
449,13.804575789419165
450,13.650682289777233
451,17.45201248731697
452,23.52015182226141
453,10.790961949733495
454,13.450753139851482
455,10.56098654212894
456,21.321134998359625
457,15.872352327631575
458,16.022758821506677
459,15.990855189801392
460,12.262594446464808
461,15.137542269922703
462,13.144535398374982
463,14.938783435938516
464,19.404428675236723
465,16.007057132841357
466,11.010666969933315
467,14.029437433829859
468,12.379480371748816
469,22.852473236675472
470,12.642448587143127
471,17.199654430920994
472,11.760307171016148
473,16.138042281693018
474,15.63813116322766
475,15.654414309948496
476,17.697932075895068
477,16.56456985115544
478,14.969012632470628
479,12.586514611744176
480,11.035251397839955
481,15.721672679569506
482,15.078365047280405
483,11.809379297582636
484,12.212024190641522
485,16.868764517723406
486,16.027782662105345
487,15.275304712679342
488,18.697043007349194
489,18.713509144781554
490,12.682943764885149
491,17.20938297787479
492,13.044649111087718
493,15.891539826738063
494,10.494681800027696
495,15.239249620979564
496,18.670077381926415
497,12.304092419918945
498,11.666325878728188
499,19.884144564688235
500,19.54420634775287
501,19.94360654441217
502,12.640588381603402
503,11.430545656053813
504,11.008775060346434
505,20.093836208760408
506,17.665052804708772
507,14.51588766590578
508,11.464098671854076
509,15.900954823102975
510,15.995785696772984
511,21.753450966472016
512,14.856511947064075
513,9.367132095027253
514,15.843480505810998
515,19.171227388031923
516,13.320682837269361
517,8.212448733315027
518,19.377594710146994
519,12.017270432802656
520,16.761818371207646
521,10.857446165041491
522,16.775463386894813
523,11.658718976408538
524,16.944582378300694
525,11.97821741428877
526,22.15661404874971
527,22.622263627275025
528,14.56330511694088
529,16.74475114181375
530,15.179646462278182
531,14.309584240269464
532,15.744985631485378
533,13.5029113063589
534,13.263255274144399
535,13.257885796727656
536,16.027565073792253
537,14.43640091441319
538,22.643350170180064
539,10.997640209467791
540,11.688399820749868
541,15.573028995489084
542,18.82465542540509
543,16.751965123601437
544,13.561695801493116
545,17.862775413940682
546,11.227303897112675
547,15.938859078384729
548,18.819852770131085
549,18.985286465382696
550,13.383218879697356
551,13.599519472716757
552,15.295590302920004
553,8.65610558915192
554,12.080093039315718
555,18.580871437986865
556,14.432278407139723
557,15.032806060666285
558,16.392980177049747
559,14.164326687099118
560,19.550194172187407
561,14.174033961342063
562,12.474420603043235
563,19.330551896285545
564,17.348699982277175
565,8.084102322840042
566,11.781840124008507
567,12.728321412776179
568,14.246641977352477
569,13.75423279450305
570,17.253950345853724
571,15.4200073858747
572,19.666392675620486
573,14.124154395870228
574,13.599947994761193
575,11.450537810068667
576,15.989096729260323
577,16.198015770029265
578,16.44474180748088
579,13.516687398295755
580,12.216602356787561
581,14.587180922357494
582,13.53400178271297
583,11.505002271694426
584,21.803039347681437
585,17.782603781640148
586,14.860551052762165
587,18.272074462307557
588,15.368386421580794
589,18.377022493506068
590,14.686216997580598
591,22.5344425687098
592,16.887639529756413
593,16.267648553703538
594,12.063922178144253
595,14.200212805255426
596,19.199082288822815
597,16.70365782677066
598,15.72625792261818
599,14.772473562411745
600,12.442093738488097
601,15.00146760141636
602,11.79388985245762
603,17.13695094055491
604,11.721821522829
605,17.28641267815128
606,15.340948137395225
607,18.390388203897345
608,18.513662866431133
609,14.17219395268497
610,13.538727753351022
611,21.20612423455183
612,18.24624514431102
613,12.900223729666669
614,14.754100390454548
615,18.551451474784063
616,18.186215186737826
617,12.78016371703552
618,16.252491816620555
619,12.015557389415081
620,18.8633027393119
621,12.293962826477419
622,12.41140142355717
623,17.780260546118853
624,16.321744289890056
625,17.47764457560401
626,15.657897744262858
627,14.400209205454507
628,17.895833413888184
629,16.07353948261116
630,12.651541038368965
631,12.835788283954344
632,11.408889596055852
633,13.678972091408204
634,12.007660122453904
635,19.50600007429744
636,19.670563221068285
637,16.73282886961422
638,17.488964872286694
639,17.71895151543323
640,7.720675978232171
641,11.758262370760953
642,20.26934634006114
643,19.62707756298628
644,23.79224880316213
645,14.0096711111257
646,18.28971627167075
647,16.583813776783828
648,13.00051368441727
649,12.370275306760176
650,11.4847855345586
651,19.990228287240036
652,16.962975027709604
653,18.00819127856849
654,22.799191302084637
655,16.439110242060046
656,13.343614709005047
657,12.606306052075519
658,19.85689610741593
659,15.379549199857903
660,10.886831795824666
661,10.502318212167419
662,18.285849878576357
663,19.30919268201318
664,12.527642057422545
665,19.880698579827616
666,11.715986908802895
667,18.435208258003236
668,14.605710728885633
669,12.882227471053625
670,11.422691788680646
671,13.074692371834931
672,15.829579443161597
673,15.495938183548633
674,13.961963888683373
675,23.10805108661367
676,17.75691312633562
677,11.255549521968142
678,14.95986882732826
679,13.640910679514814
680,17.360223620939372
681,15.474819799567952
682,11.725567495616897
683,10.791188281016845
684,15.630206692197696
685,11.910770967917365
686,17.91272540875206
687,21.06067724702717
688,18.773387427856143
689,10.155203808459515
690,14.268800884946776
691,13.332861362378871
692,21.76906487042154
693,11.305645069665626
694,11.678356396902428
695,12.290954848630681
696,20.970014921210876
697,13.974746126397106
698,10.516258895704425
699,13.341503236418685
700,15.088051939124169
701,15.357023438776112
702,10.184276594634106
703,16.005334028270255
704,13.624673755494829
705,15.356181158650008
706,20.329112456081013
707,16.61164537497453
708,18.436125144867336
709,10.361758318629116
710,18.292691771955845
711,13.231101213094167
712,9.58491818042759
713,13.005116428655672
714,15.529794038316494
715,19.230600386038738
716,17.035090133267687
717,13.127977868732279
718,18.58786737498954
719,17.848151913366543
720,16.349526074763332
721,17.3619652527436
722,12.250147606759914
723,21.336653609490394
724,10.552737437339026
725,14.924471049714269
726,10.496236598132448
727,17.583433112827418
728,19.288114386594373
729,10.824132313936655
730,15.068941800272158
731,23.00607366512225
732,10.698783835851268
733,17.10903653445015
734,18.544989842509757
735,15.407089005967219
736,15.40492795917905
737,20.721946132941618
738,13.98455160822181
739,16.58128912737695
740,17.609911101806873
741,19.346335065194815
742,16.331627065832457
743,14.527779263500946
744,13.366719495821314
745,15.5922590830235
746,15.635110224073744
747,14.500954463810308
748,18.406324116189502
749,19.375725627134614
750,7.889178051548857
751,11.11616385768412
752,17.327061373024975
753,13.086612797704936
754,18.154769236269388
755,22.298497495301888
756,21.83300861926506
757,18.738065985981386
758,12.929331782013332
759,19.350271988485815
760,13.52603582291431
761,20.625391510966267
762,22.0752922051269
763,15.186143050332184
764,11.812878727141737
765,14.340967159444919
766,12.129404184530618
767,9.96038681912557
768,12.53299877577318
769,14.732858497856535
770,16.745872788868223
771,11.907312116218947
772,14.070226320995928
773,12.946279474281512
774,18.53692649916269
775,16.66860266859103
776,11.924980919921913
777,11.88931235330789
778,10.69227147637276
779,12.648252456856486
780,8.332416321796309
781,14.005176422280362
782,14.096796246295861
783,16.650143474877627
784,14.450272626156156
785,10.845098653190105
786,22.63266456058829
787,16.718569782065416
788,14.489262461854102
789,14.880458323047675
790,17.026097434370357
791,11.986106290257563
792,17.31002997369434
793,9.279715034268069
794,17.258299903857093
795,14.369704954488826
796,17.81930362763837
797,10.161411654532227
798,18.098335168214085
799,17.415238519526596
800,18.695813202839744
801,14.819853275594367
802,18.556367482515604
803,19.482959853448712
804,18.242773256624485
805,13.82008085027568
806,17.563363897925587
807,15.908256511342644
808,13.39926638550967
809,11.646095137221074
810,12.672979174780913
811,17.415836614197097
812,17.709923562428145
813,12.72249102499337
814,7.744561933950428
815,15.881313316616003
816,18.491927903509442
817,17.791839105565415
818,17.865130883670616
819,22.59032671870669
820,20.73543574108908
821,8.056415962402358
822,12.69164937392623
823,14.382704540159898
824,19.589113858936173
825,17.456195572349856
826,15.002554795424723
827,13.81308719457156
828,17.921657808174302
829,12.777009179586662
830,13.624627381959654
831,12.344615386967806
832,15.526624003263594
833,14.882540996166384
834,20.27060806779621
835,13.950341958711169
836,15.991844020924795
837,16.74264189237146
838,14.383297510374534
839,16.25942640505581
840,19.52002455597519
841,12.823066455712704
842,9.91161626657533
843,16.528360662105467
844,16.74629710122661
845,19.401960036190346
846,16.60125076630066
847,11.531723637404397
848,16.56194175865128
849,14.379874831037016
850,13.167534346004395
851,12.821653515397196
852,18.59452225927139
853,17.174022127096286
854,11.852515201234018
855,7.736707215980899
856,18.83810508001578
857,20.253100093722743
858,14.735060059146363
859,13.829073022141886
860,12.461856507845624
861,24.12919820056303
862,15.751558688527405
863,16.46988751112069
864,12.34843319678398
865,16.380391594124
866,12.989378211235644
867,14.255538078375261
868,15.821984865949394
869,9.73587784443247
870,9.873669660866256
871,12.231816852725391
872,18.465771922609637
873,21.149939696723088
874,16.089406753095226
875,17.705083641234772
876,20.981425635014638
877,14.373726038165433
878,20.217210127265442
879,17.33115443053228
880,18.03849811519045
881,21.947802764564052
882,12.017823196189006
883,15.10619062610096
884,18.354980228352723
885,19.052227233918188
886,17.322280178171155
887,10.903999448947925
888,10.988355995876208
889,12.426395292911575
890,15.533670729809568
891,19.943306934229106
892,16.43912532659464
893,11.38374623892122
894,13.062606217060964
895,11.620973223782837
896,15.595256833615236
897,10.54988692828501
898,14.798886210419903
899,19.135844920398434
900,23.4753037678271
901,10.330039687215738
902,9.493697278622857
903,14.369208284679852
904,15.68842912431579
905,14.112519160940732
906,11.718968320051935
907,16.988690336376237
908,17.3601123817878
909,18.475546378349524
910,10.980387700578877
911,15.388234701418414
912,18.155480936332808
913,12.368690378507019
914,22.59552406590167
915,20.292790403814116
916,17.2600509393505
917,14.676992632346845
918,13.180965950670268
919,13.700253211796289
920,13.679412647825238
921,13.024266895697927
922,13.477714938086422
923,20.879560214321167
924,16.40374146277388
925,15.644087435343858
926,17.00016188193269
927,14.170226741846173
928,17.954563894025902
929,16.428082823482203
930,18.934658616872493
931,20.286469971852064
932,16.8851476515422
933,15.30586864491766
934,17.656520940988177
935,12.575567591299297
936,14.395480709082545
937,15.284756551601552
938,13.276722487544946
939,15.14351854255784
940,14.420438964345266
941,17.822726962428867
942,23.970523381153
943,13.397528139268184
944,19.127398857174583
945,16.99881435934453
946,14.300523738899177
947,17.138849544883968
948,13.676956614378206
949,19.935395318601003
950,21.54488167730979
951,9.127035658961237
952,14.162227761071994
953,16.832007092541687
954,23.752237132012105
955,10.010753858189902
956,13.094748175465423
957,16.85397329432621
958,16.442380528234445
959,15.141253313603341
960,19.249802225594536
961,16.540736499537594
962,14.549575972694889
963,14.334820606784973
964,16.0671648280184
965,16.709889646377732
966,17.519569821941516
967,12.828143678457986
968,13.898746863415887
969,10.545218365183233
970,16.7152383635473
971,13.656707070807702
972,10.518576781099096
973,13.887886353366099
974,12.891615431255296
975,14.906940856214522
976,11.63012927565388
977,12.926780373618719
978,18.363641634701864
979,18.692797026544966
980,18.75338035208101
981,17.270902369539463
982,16.047830898004193
983,14.800136126137325
984,14.336778513534322
985,20.03252597086555
986,22.319793915123057
987,13.23543648310881
988,13.331761095836764
989,16.035745170721306
990,16.309717085393054
991,15.051178394756514
992,8.294089033636949
993,17.162193384632943
994,14.290673966305823
995,15.80119489502657
996,19.35293955144833
997,15.551431456695079
998,19.729927230331462
999,10.117931580248875
1000,15.745974829931795
1001,13.539985166533134
1002,16.504247528468433
1003,12.049544668016518
1004,11.576341096652147
1005,18.01991430614421
1006,10.50536319493654
1007,13.966059463595487
1008,18.610386897823005
1009,16.331955028937116
1010,15.339497153083494
1011,17.298980690104415
1012,8.325557628516446
1013,15.953086723120522
1014,14.610721566990609
1015,15.776298605970412
1016,15.99347295225399
1017,14.879709936712683
1018,19.484942599407233
1019,10.516763818916427
1020,14.417147554058266
1021,15.920375245152785
1022,18.315779477596458
1023,15.68956710506871
1024,18.854634655210127
1025,15.994474190832946
1026,13.135375767060948
1027,14.398502379343585
1028,17.132556940517617
1029,18.637442864250758
1030,14.696938241552807
1031,15.995819958714671
1032,15.789862664751565
1033,19.905689861430716
1034,14.405817565301769
1035,15.954832733197074
1036,15.72112203556817
1037,15.585794729539186
1038,16.75421476282763
1039,18.470109655191862
1040,12.901183271472991
1041,11.813416855683206
1042,15.47858464638963
1043,23.614624290329957
1044,11.713675452303825
1045,20.11852035046875
1046,13.294299620160745
1047,13.866404846493571
1048,13.333652820008624
1049,10.524478787290377
1050,16.27744154385676
1051,15.89068051659993
1052,18.16748333737022
1053,20.86556987930021
1054,16.591175256583448
1055,17.27872074334245
1056,14.88340587479147
1057,14.548446953355343
1058,13.672590550683205
1059,21.213790869893643
1060,19.06151633049759
1061,19.01590234971971
1062,14.893323944714597
1063,13.948736721515907
1064,21.15823810426928
1065,14.996717188605192
1066,18.021563152461468
1067,13.32528941581674
1068,15.673118178584131
1069,18.96154716876312
1070,13.85922312709516
1071,15.142536453249095
1072,12.930810990620667
1073,12.778453292078392
1074,17.003686785501294
1075,14.322312377057036
1076,17.33720882874912
1077,20.671631061869824
1078,15.502914295693413
1079,14.851040753419328
1080,17.12226555594448
1081,11.10614266666126
1082,13.71571930087929
1083,16.412825033182642
1084,17.301810866743196
1085,18.356572948514312
1086,10.48722573217498
1087,17.065908002428348
1088,15.448329762446104
1089,10.335682974010535
1090,16.311662561680876
1091,20.864888182633777
1092,15.487330155094964
1093,24.03285360541478
1094,15.504526207896019
1095,11.053833585351473
1096,13.483425588988036
1097,12.788016431358761
1098,12.314813323911443
1099,16.23261170093864
1100,10.265577346565692
1101,17.60197108976339
1102,17.79707449321867
1103,8.938211449282758
1104,13.065400271988487
1105,15.89707995886516
1106,17.075859319103692
1107,19.576544078855378
1108,14.907489675188899
1109,13.829308412426705
1110,12.996703655642417
1111,9.421645890538235
1112,25.1038362573531
1113,12.280512721637605
1114,13.363326232094227
1115,11.717873931038525
1116,16.55301121285264
1117,24.412054956004027
1118,9.479007719076916
1119,18.24294401074435
1120,13.009003809199472
1121,14.42830100429485
1122,19.831412508050235
1123,17.693276759097095
1124,18.951474491138086
1125,13.630748278839873
1126,12.156283566766719
1127,17.790031682349763
1128,16.78910216293599
1129,17.008907372481815
1130,12.733033377990736
1131,12.22880648906242
1132,10.568680653089118
1133,11.683928659188446
1134,16.593228113239118
1135,16.742491024514464
1136,13.98890937883351
1137,17.35254873322319
1138,12.45211067697704
1139,9.028049059944603
1140,22.31604327045457
1141,9.57764846042706
1142,18.738828043231685
1143,15.838854659929167
1144,13.633501072221533
1145,16.022146341696704
1146,17.114053152315904
1147,12.76587569041496
1148,16.74900036869598
1149,14.160144943115373
1150,14.917524674520156
1151,10.123552381783776
1152,17.846081674294133
1153,17.76076040752624
1154,10.702379998477005
1155,13.363118702099413
1156,16.148453780862624
1157,15.395402790274316
1158,15.189893252101724
1159,16.124926003840404
1160,13.564095397117502
1161,17.679028897390992
1162,12.002678284972394
1163,16.21170933351452
1164,17.853950610727956
1165,15.104078365684952
1166,13.917787014970045
1167,16.640976225129684
1168,12.93582233702584
1169,17.376821752853672
1170,17.17673108642188
1171,17.110132867089163
1172,15.63413871132098
1173,13.839078471893574
1174,22.930985851425874
1175,16.750956823772555
1176,18.319203255386842
1177,21.441205290006614
1178,19.000633299972176
1179,14.049989211182256
1180,15.523746901532094
1181,13.928690483077183
1182,17.090033979848343
1183,15.047578838223775
1184,15.661901852113372
1185,21.39754287268258
1186,15.184680545386998
1187,14.431170358278028
1188,15.633547979569661
1189,18.04266007368286
1190,20.991429033181404
1191,18.67638524037784
1192,14.328047846986586
1193,16.631631052549487
1194,14.32598155848036
1195,13.739456812261983
1196,18.27974775874756
1197,15.98419914626148
1198,11.660364898692864
1199,18.475965339879004
1200,15.294161443656407
1201,12.842834508439925
1202,15.030453253569064
1203,24.441037831540676
1204,14.295283057980816
1205,16.69563483650333
1206,16.37734259280127
1207,16.433680895541237
1208,17.79003785522935
1209,13.9291644183858
1210,12.46057000367985
1211,12.103957416467102
1212,16.79336821248965
1213,15.176726494734396
1214,16.52008953739893
1215,12.625982182336374
1216,10.547214093255546
1217,12.444600352948044
1218,14.692602887427675
1219,15.49475337929722
1220,12.341162761882702
1221,17.004504327022886
1222,22.412738180781282
1223,13.23951284230234
1224,14.443075331039154
1225,11.838779996798554
1226,10.985530941778197
1227,14.476801997791544
1228,9.570540322684597
1229,14.22191811400972
1230,15.703218939416013
1231,14.631653395785714
1232,11.98359832821965
1233,16.400305639039907
1234,15.993754375098701
1235,12.804536623626927
1236,19.575090892476375
1237,15.58002277342281
1238,22.2279321568434
1239,11.582532802540737
1240,15.511854498875538
1241,16.772424796290746
1242,17.545794179326883
1243,9.604284310276206
1244,15.699013262623467
1245,16.521035271765253
1246,15.927094467081753
1247,8.95723648566667
1248,15.112776767123348
1249,10.534994564372786
1250,12.987585195903716
1251,17.26300062031791
1252,21.494141518706975
1253,17.78680124809058
1254,17.942367517241156
1255,13.712357712808986
1256,22.914289761279207
1257,16.689358352053173
1258,18.453478587788947
1259,14.974271628975824
1260,8.75990831354376
1261,16.431865835006633
1262,12.556673246432478
1263,10.536819175117063
1264,15.315465965499493
1265,14.688128091821575
1266,11.95902583196397
1267,15.950859334509904
1268,18.91231191059439
1269,21.037040630958494
1270,18.757740790489898
1271,19.467058507173498
1272,13.99461017876141
1273,12.643388568718393
1274,18.20182155226056
1275,14.552045075794078
1276,13.711062317227265
1277,16.954713079376425
1278,13.916603097649974
1279,17.299891912460417
1280,11.071407358613197
1281,14.487177769953425
1282,17.80483735806324
1283,16.670577867586054
1284,18.87774217700771
1285,15.851558488333072
1286,11.925498729253842
1287,17.461653779423685
1288,21.174856645549966
1289,13.627895565402367
1290,13.86161790130007
1291,20.879041264008663
1292,14.610172826423641
1293,11.243662164526445
1294,17.234573679291096
1295,16.216523986308523
1296,13.126716004380576
1297,20.18218455166771
1298,15.354099648032543
1299,22.74307909278317
1300,20.955729460374517
1301,16.85939590425123
1302,14.465033144334903
1303,8.928853612014805
1304,15.581053841444351
1305,19.34632664594311
1306,15.399317867283123
1307,13.662715038800386
1308,10.40758803255504
1309,15.867407093096151
1310,18.188555584064403
1311,13.471424102139624
1312,16.335871283788684
1313,12.602887357101903
1314,13.160462464299773
1315,23.868526591325768
1316,15.577305994147663
1317,14.469444334030715
1318,11.73629098858968
1319,16.724803332697928
1320,14.515559265395767
1321,11.691350660370983
1322,12.839982729710037
1323,20.68810207209244
1324,15.327697453725612
1325,11.77008586935184
1326,15.715281311964015
1327,15.150881949839585
1328,21.303557239274234
1329,20.473267860615117
1330,14.444188680665313
1331,13.39165746148341
1332,16.839837579173803
1333,15.083259649828824
1334,12.893589992740733
1335,10.565546595216656
1336,17.589419693492033
1337,22.516663797600366
1338,12.188802813326923
1339,17.141767016821987
1340,18.359820983215307
1341,18.610298303361198
1342,14.800557704522591
1343,21.25431528136889
1344,14.492508627492516
1345,11.30647988849105
1346,21.219386168832866
1347,17.464360899339503
1348,13.340905685575919
1349,17.701244990049886
1350,17.540642293891004
1351,16.49164531505273
1352,10.541118147466733
1353,12.025684093552535
1354,17.492398805994114
1355,16.17109270353106
1356,17.29702726196195
1357,11.938408578481129
1358,15.962401681582469
1359,18.662199667079943
1360,10.986510978398606
1361,17.60304428294119
1362,15.032309925721831
1363,14.279655756858837
1364,19.51258813569538
1365,17.878339291051304
1366,18.321413397526936
1367,24.057408190758707
1368,15.408060759748064
1369,12.454954639558373
1370,14.117488262374241
1371,22.637308384732158
1372,19.383399031233292
1373,14.920711334011497
1374,13.203503853083742
1375,9.997415596540403
1376,15.825329223719828
1377,17.848361255117695
1378,15.341664431755168
1379,14.389786673482345
1380,11.725808028173466
1381,16.519147256586344
1382,18.936500726507543
1383,13.58358343363264
1384,14.315971120346338
1385,15.885782611922535
1386,8.84403639419089
1387,14.622377829826993
1388,13.738239541462418
1389,9.032986182463178
1390,11.664214316020189
1391,14.046880168460376
1392,19.667803706635432
1393,14.607079589209677
1394,21.667279822174628
1395,18.874625347511156
1396,17.379985511646957
1397,19.000152840116307
1398,14.443509082706745
1399,12.352349275607128
1400,8.240733171277022
1401,15.01266290899049
1402,17.10439839190679
1403,20.59286806316888
1404,18.912698779906904
1405,17.305054218109248
1406,19.157477487228448
1407,15.565330145884126
1408,12.703043662666502
1409,18.038734827367076
1410,9.557620852786854
1411,13.630164701418579
1412,15.334711182509844
1413,16.570714697365272
1414,16.826065473444558
1415,16.12797402612965
1416,14.847489943036692
1417,14.01931048738351
1418,15.01036952918946
1419,20.772701480878695
1420,13.307189246578815
1421,20.684862213055737
1422,18.75363944176521
1423,15.151739302639994
1424,24.089120175559884
1425,20.744049315021947
1426,17.267105461006942
1427,11.679021869827604
1428,18.751542154479445
1429,17.38976880211228
1430,15.886431219020508
1431,9.89544765838656
1432,10.574709639205457
1433,12.234203920933712
1434,18.41627073038815
1435,14.347888054511126
1436,12.091828731196562
1437,17.09665716476813
1438,13.583493344855707
1439,15.27243047484474
1440,12.935833495879018
1441,19.94080320758774
1442,14.316283649313405
1443,16.209230827031092
1444,13.192550282518013
1445,18.32299994421321
1446,17.085944395832684
1447,11.836416332352888
1448,9.612032339589486
1449,13.952889652635593
1450,11.286451916184552
1451,10.715338052610011
1452,14.748153317135658
1453,17.604571854326334
1454,14.638762194013934
1455,20.197339793863748
1456,13.728329294360677
1457,17.81186894975228
1458,18.16883898687909
1459,16.10158187636761
1460,13.333814084435597
1461,13.154607259000317
1462,13.15142489410604
1463,11.773311567467388
1464,15.803057474851292
1465,12.38970957204897
1466,15.292473790360264
1467,13.398913922793666
1468,19.887526871794
1469,17.71641473092775
1470,19.742517298370274
1471,13.743887479928611
1472,13.654638561603814
1473,8.111060443348268
1474,16.887381939206975
1475,13.10653949585743
1476,9.175591586817148
1477,18.13905480136341
1478,17.39657159818395
1479,19.164659451843157
1480,13.139478560758885
1481,11.585063709998968
1482,12.502108804560667
1483,18.918366377295186
1484,13.87335942760065
1485,21.865109510519765
1486,9.339860696831327
1487,14.526033143312455
1488,14.979179652409961
1489,20.823757701628047
1490,18.42523887579484
1491,12.508670060303414
1492,12.675246496068201
1493,19.490400229885793
1494,18.850086670816914
1495,15.208742581107076
1496,17.910024954279933
1497,16.71112103414346
1498,11.78761401951323
1499,17.76623747347854
1500,17.488840814755534
1501,18.17521121740564
1502,15.195640525720892
1503,11.922234918172302
1504,18.205769008786586
1505,24.046221640836876
1506,16.526873511600364
1507,15.783600971518064
1508,8.674402636316566
1509,13.009625444096788
1510,11.0795955340699
1511,10.5730827969139
1512,12.517100848544157
1513,12.53619338224534
1514,16.643103062222075
1515,13.95694205856618
1516,13.253982116143463
1517,17.881916659834694
1518,16.88396396615625
1519,17.611155578690173
1520,19.072467753591255
1521,13.553617830688758
1522,21.078586705166757
1523,12.044430198377196
1524,9.939117117865656
1525,15.443300260324413
1526,14.789760033296286
1527,14.852805683415637
1528,17.742013605433755
1529,14.22234640201678
1530,14.507089960454227
1531,21.107695844874954
1532,9.599359510072816
1533,15.484095857271244
1534,12.045615298536571
1535,14.29001704564642
1536,16.8079962893522
1537,13.89501350414757
1538,14.814812424071976
1539,7.487719092223559
1540,21.393876539652553
1541,11.871055591734011
1542,16.146333409480356
1543,16.501747684838143
1544,12.677130720996233
1545,17.94213784753859
1546,13.96938336340146
1547,17.443838368442915
1548,15.934535118991523
1549,12.948919752106164
1550,21.938249396835765
1551,17.031609057335576
1552,18.470394747193065
1553,18.690780745010688
1554,19.260813719179694
1555,14.186414919766634
1556,16.909868305167933
1557,16.875995693298957
1558,12.454850120868459
1559,18.32192304023911
1560,16.025828505458836
1561,12.999070938438845
1562,17.391993055830447
1563,16.897405468713657
1564,17.47034227668601
1565,12.295597526294005
1566,14.94140850724343
1567,16.971457225719078
1568,13.284221826408189
1569,18.520665978308024
1570,20.97129932582306
1571,15.333216216562763
1572,16.447598818723044
1573,16.602479910194475
1574,15.880749704016216
1575,13.444484506488841
1576,9.49856033782918
1577,15.50810127820012
1578,17.018020861998536
1579,15.557701396028444
1580,14.136003928978646
1581,17.238374786366634
1582,14.427317209325826
1583,17.594953775958373
1584,11.161775079929036
1585,10.029433440231863
1586,19.05100652983728
1587,17.517807715263736
1588,11.475268991190475
1589,19.611765812360133
1590,14.169238596896667
1591,11.558451951532057
1592,15.1916974564046
1593,18.76038081440096
1594,13.496658322398478
1595,12.19151350155949
1596,14.676145861530491
1597,16.032525429152592
1598,14.027248744390114
1599,9.974429971110386
1600,19.99983435778514
1601,13.356785214846525
1602,15.864490337893342
1603,10.990213754979202
1604,16.520337653589973
1605,10.791917958268584
1606,13.168213609304429
1607,22.004859891642745
1608,12.865323667052321
1609,13.334056492823725
1610,15.74746526916506
1611,18.02285793369588
1612,20.461636251067418
1613,14.939450798059331
1614,13.372669049936519
1615,14.431712636782732
1616,19.504056801844044
1617,9.325136624676587
1618,11.650210348123203
1619,19.110858030084685
1620,12.759644012152988
1621,12.113860074857513
1622,15.822639799396596
1623,16.297643507198714
1624,22.485344636343108
1625,15.925479622548904
1626,20.377230217158996
1627,23.178085567174257
1628,14.988362254016907
1629,21.098802741157996
1630,21.005324227395015
1631,16.441212054142035
1632,16.465098741948736
1633,15.88789978861564
1634,18.87552706740979
1635,20.70187135240198
1636,11.997708866404402
1637,16.387982361897038
1638,15.539097232432537
1639,21.211911150469444
1640,14.365657914316524
1641,16.518099847308264
1642,23.61103339191841
1643,21.60088922872079
1644,12.870206692481217
1645,14.204937666809135
1646,18.429184281816752
1647,14.382318427029698
1648,14.963308937155547
1649,12.918952915298561
1650,15.17104427471439
1651,13.872950379021727
1652,20.303284335548653
1653,14.750005388600195
1654,11.611898559430708
1655,16.79727110795919
1656,14.651836624958106
1657,20.01759160994647
1658,17.184347506158126
1659,11.499665783460797
1660,19.022757397416974
1661,16.329903857989258
1662,15.130551786826539
1663,13.7167994263188
1664,8.322484472594503
1665,12.334193369674443
1666,15.142196854250813
1667,13.183349931162967
1668,22.082293263742713
1669,15.11671688326778
1670,10.078923003333015
1671,16.620851735913256
1672,18.81137331252907
1673,13.658502474865788
1674,17.694310148505295
1675,13.924815770671396
1676,17.990535852501488
1677,16.128155579142785
1678,13.066369860228427
1679,10.086331539862389
1680,13.04733999228332
1681,11.469398751165857
1682,17.614774941575178
1683,13.117252502228919
1684,14.857565622094508
1685,21.10645842313842
1686,16.386861815040113
1687,13.317565974385467
1688,11.823859323567042
1689,15.361086679276106
1690,14.415716310570675
1691,17.244936056117233
1692,14.877727383445695
1693,12.029615529297947
1694,18.442532347897483
1695,15.34684578908183
1696,12.983963738236984
1697,20.64007828263
1698,20.047184164693377
1699,17.104678746889384
1700,21.608799961259553
1701,16.639330269258423
1702,13.181760583894311
1703,15.989608909969581
1704,14.713431921013326
1705,16.182233212295934
1706,17.079714583931718
1707,9.27666416229786
1708,12.660090152701544
1709,18.094626650695496
1710,15.37717709066954
1711,14.61303029762503
1712,10.385876381401623
1713,13.54442915414105
1714,24.58965308008984
1715,15.677848063952068
1716,13.99233580071499
1717,13.408639306760026
1718,9.826481587331774
1719,13.918769456552392
1720,11.396505980449955
1721,12.00503505370633
1722,17.965061378187087
1723,10.670814166288224
1724,13.837417247712128
1725,11.925203624850441
1726,12.010689885389692
1727,14.545030136370706
1728,10.392160162443918
1729,15.151886469631044
1730,16.14697205517809
1731,14.10017465046617
1732,13.36458572689595
1733,15.056068946473346
1734,13.083368663847036
1735,19.014165891770425
1736,13.898751592380556
1737,17.896898858725606
1738,16.299094941572548
1739,16.89824788294569
1740,8.712327119015589
1741,19.210855503936898
1742,17.744645971440796
1743,14.368896936111744
1744,23.35653941071638
1745,22.21348167211074
1746,10.232468316509046
1747,10.554423489628293
1748,11.027866939363122
1749,14.627357292947064
1750,19.296067927129492
1751,10.230582191859234
1752,13.82516655138897
1753,17.309931699513214
1754,13.556518946814272
1755,13.013908437526588
1756,16.772155308690518
1757,9.340779592313803
1758,13.939008677579789
1759,12.795580914569722
1760,12.748595643677445
1761,15.420994921552168
1762,16.512862962271285
1763,15.487231260421611
1764,18.83670883672145
1765,16.034790047954907
1766,16.026611402630067
1767,11.13173605457433
1768,10.19464645463
1769,10.598386755347185
1770,10.965220448310319
1771,18.41523198273479
1772,14.580484406878254
1773,13.978650754054254
1774,11.472957725054297
1775,8.465997205700356
1776,18.29874227601868
1777,12.373157061478562
1778,16.754112379731303
1779,15.909558227282089
1780,15.44543632879319
1781,14.905714382990013
1782,10.902113387294312
1783,21.42273235923851
1784,20.54556330528524
1785,18.138997812247432
1786,17.515950951586134
1787,13.930875375470599
1788,17.659776161086697
1789,16.1533967826053
1790,9.058431517210792
1791,11.968349490038122
1792,15.351594350945236
1793,14.693851498486625
1794,17.46499021903203
1795,14.011553636404734
1796,19.63306949779924
1797,17.955324911582494
1798,10.245663247931773
1799,17.267031168778615
1800,16.921078358879072
1801,21.12120486795566
1802,18.119734830460498
1803,14.184524804491426
1804,19.63283396084926
1805,15.107637281611701
1806,19.10594701534186
1807,17.316951833208982
1808,16.37712499658315
1809,24.05186427381154
1810,11.134222806892888
1811,11.92014267821206
1812,12.855565268334425
1813,11.773482130052614
1814,9.41722005648045
1815,10.931401616316478
1816,11.957309935813193
1817,11.904075010160824
1818,20.064198575677445
1819,14.538504170418507
1820,17.581232829948686
1821,15.822680973136363
1822,12.247623103008465
1823,22.07860779020612
1824,15.755560015957625
1825,17.41214086020997
1826,15.683313580143997
1827,12.021460930532283
1828,14.522492128253532
1829,18.98970591316187
1830,9.62079209655462
1831,13.149908346602658
1832,13.703257410251783
1833,14.298646765592542
1834,24.347306154756716
1835,22.785325525402456
1836,15.916572814262173
1837,20.91964550786237
1838,15.512231544561821
1839,16.434914562853265
1840,20.031375465519822
1841,12.53381400612913
1842,22.131408634154305
1843,19.030901884372447
1844,12.389715509205114
1845,15.463832636146151
1846,14.465110428104873
1847,12.829595724045497
1848,21.274033330077664
1849,14.93099131021321
1850,11.49244984644199
1851,16.347128793890427
1852,22.186002600666818
1853,21.958057627602926
1854,11.578392341701946
1855,16.979359448828166
1856,12.756932607110256
1857,15.438997278917492
1858,12.278122204395407
1859,15.939067519615334
1860,16.68128710866135
1861,15.239004326717918
1862,20.935806279484858
1863,13.296147150648295
1864,17.275235977218863
1865,18.779452966101452
1866,16.262714671427744
1867,15.16584710305437
1868,19.067768687546142
1869,11.396967076221609
1870,12.395413135964285
1871,17.415761594125385
1872,18.5800528442091
1873,11.616209423525618
1874,19.035639248046785
1875,13.358733963576356
1876,17.338302324613167
1877,12.732583434039608
1878,13.691862030627611
1879,15.405730347968582
1880,8.39954968320644
1881,18.739304141614234
1882,13.651091302930574
1883,14.312880746538317
1884,16.090495696784345
1885,17.590722418880205
1886,11.313608483393182
1887,11.499321750432372
1888,19.27619237846241
1889,17.46920546005824
1890,12.853839911462742
1891,13.577365457195464
1892,14.042798217134878
1893,18.924231287863876
1894,12.400975023901204
1895,12.609697303787215
1896,15.955215166162192
1897,18.36886542768562
1898,22.49394225442711
1899,13.781955771418577
1900,11.041263765618908
1901,19.282038811942193
1902,24.07473262687091
1903,13.95792805482973
1904,12.390286793000111
1905,19.17090639125884
1906,20.018622726726868
1907,14.211877338702529
1908,20.995010277984463
1909,13.325424662600309
1910,14.791909171921409
1911,16.364512306742313
1912,17.14109332711749
1913,16.277492990244014
1914,14.484365838535867
1915,20.554876237569502
1916,16.148282902007374
1917,12.072766590263077
1918,18.242868704104247
1919,14.167236297333575
1920,15.632603556803344
1921,13.254351475891724
1922,24.76146489062608
1923,9.494142822582386
1924,10.912767743652207
1925,21.938063075100317
1926,20.68378205707849
1927,11.008852429168549
1928,13.546006263868424
1929,16.18014067238143
1930,16.830203988810716
1931,16.210025636579623
1932,13.47454456115679
1933,17.852614642407403
1934,23.572786958722567
1935,10.865667642882897
1936,13.495717340260423
1937,17.8010197152476
1938,16.619830180328968
1939,13.579386290240768
1940,15.37845657077648
1941,18.50449340017326
1942,13.947854185946767
1943,12.338115580742604
1944,23.077236732475228
1945,17.8954570470923
1946,17.131524457039852
1947,14.606844333215097
1948,12.376700092480764
1949,17.075908154041684
1950,15.948484060167925
1951,24.865721061291772
1952,15.901499558880284
1953,15.11423129183224
1954,18.190273308791635
1955,14.877997742739682
1956,13.523487148055775
1957,10.77645986772183
1958,15.984513355462711
1959,19.86951282350136
1960,16.883371628644433
1961,17.775159317205137
1962,11.457811604457753
1963,10.562173086594209
1964,15.999186665474006
1965,10.270609146267986
1966,16.272165382804374
1967,18.930210716606574
1968,19.930987049124063
1969,17.42383582298558
1970,8.15097631701418
1971,11.811566445877563
1972,12.451914184950489
1973,12.458967767265786
1974,16.03915850492384
1975,14.69675287135732
1976,16.934529728488954
1977,23.320973858648046
1978,10.361780066123439
1979,15.236917276212532
1980,10.373555387674207
1981,12.386992528430703
1982,12.393810990159732
1983,11.76775053773019
1984,13.15856800619083
1985,10.013065599496075
1986,14.220541094499719
1987,13.446240837882497
1988,11.345817716672299
1989,16.83995336173218
1990,12.003190039787873
1991,13.064092862531673
1992,13.754357129378448
1993,11.189203579957773
1994,19.972363140954002
1995,15.12525085059809
1996,15.488966663072132
1997,16.225138415234213
1998,13.966695327407697
1999,12.372424132447394
2000,12.082841440022792
2001,21.155834269702716
2002,18.146017994825762
2003,18.564597748801795
2004,12.32687683154565
2005,15.908452797254983
2006,11.430948356693628
2007,9.378940565987932
2008,15.012563248341342
2009,13.495256437383768
2010,18.41807274689581
2011,18.24832902977629
2012,14.791431693006798
2013,16.731880280702967
2014,18.62907864787403
2015,16.709856727371935
2016,13.468560454678371
2017,13.855037712471265
2018,10.929252370392888
2019,12.049872242615818
2020,13.262372860711213
2021,16.663808061103186
2022,20.56561895811143
2023,13.739487264962822
2024,13.166999741034923
2025,14.359049861730714
2026,15.842655871180462
2027,13.940068649269515
2028,13.19877842512797
2029,21.594957400452145
2030,14.50519000036001
2031,17.537778522115694
2032,17.679214554892205
2033,12.830047029647325
2034,12.21289702226088
2035,16.515359513637616
2036,15.464504229808236
2037,15.307503332859364
2038,10.73863161051958
2039,15.819167773906583
2040,19.595545275699692
2041,14.46630828581808
2042,16.08505416580506
2043,21.781311422278918
2044,15.62762925292872
2045,11.289360751248061
2046,12.254161927658494
2047,14.708326859880396
2048,14.684851621697595
2049,16.815408955281754
2050,9.02472235172359
2051,14.42115117980825
2052,16.998738108566062
2053,18.646625912422508
2054,15.852815938556356
2055,15.468858305799627
2056,15.609220010352669
2057,15.613552770181595
2058,12.646720441028627
2059,15.134518893746014
2060,18.124315734181835
2061,9.823297113457489
2062,13.582802129075942
2063,15.823371628019492
2064,19.672283833188075
2065,13.822888450292975
2066,10.671076066497125
2067,12.352969804036531
2068,12.015697754430896
2069,11.044023049271088
2070,11.280385891471376
2071,15.610181680775113
2072,18.594858916064723
2073,14.618538379389326
2074,17.74146469599371
2075,18.909701829983803
2076,17.72814520167239
2077,17.031199143500736
2078,13.918731832503852
2079,17.872009556396556
2080,20.041370401390658
2081,18.232360972151294
2082,15.663611139260745
2083,15.409937547819647
2084,12.940456149531517
2085,24.945609595280843
2086,15.74912592296433
2087,16.255697647816646
2088,17.408672388561477
2089,12.283795341161788
2090,12.214318996175205
2091,15.265075015076807
2092,11.10807503271084
2093,16.54120855269646
2094,18.180692189217282
2095,14.426767786207003
2096,18.315697668327207
2097,14.30249099124568
2098,19.40016297351882
2099,17.6657876934076
2100,13.251060450520274
2101,17.02609090093233
2102,15.676960731007517
2103,16.49669173471748
2104,17.942450069462893
2105,11.574640688005983
2106,14.941848491700018
2107,11.66066182592221
2108,8.13107677691686
2109,16.894840088528788
2110,12.965869334084204
2111,18.38178144972239
2112,11.99520885386234
2113,14.98932338471459
2114,12.071932899218154
2115,18.077851449622308
2116,20.139324421767327
2117,17.446375406950665
2118,15.588843403727095
2119,15.714920047390523
2120,16.695219202937245
2121,10.580674179610716
2122,12.467512772472737
2123,18.20045337695531
2124,10.949225210043894
2125,11.237632569640628
2126,13.568530622484381
2127,14.914271167271481
2128,14.662277768444325
2129,10.778929654190408
2130,22.449876905471378
2131,15.895398780986701
2132,13.796791363618853
2133,19.931721662823712
2134,12.864364690558839
2135,16.334058645745806
2136,14.319937930001634
2137,18.965096594187763
2138,11.203464383837922
2139,13.92944666734211
2140,16.485414564399065
2141,12.317002625822347
2142,12.04662792265941
2143,23.30945858918455
2144,13.858521202596986
2145,17.282924379906806
2146,21.20142056015898
2147,22.59996601556351
2148,13.009012730810074
2149,15.988977935252377
2150,14.61106062223152
2151,16.34296854960789
2152,13.574872629999174
2153,20.097308570523616
2154,23.78954779059419
2155,17.03270683595551
2156,18.15233393659794
2157,12.87607361408845
2158,21.66218842891909
2159,15.994966541674916
2160,22.721252140489185
2161,16.471706690470178
2162,14.99290737994874
2163,14.062989558603128
2164,9.912128493348748
2165,12.83555748818855
2166,12.80920838657276
2167,13.31058849680085
2168,13.899128908132509
2169,8.859701647842947
2170,18.688348798886807
2171,13.569065798378832
2172,18.083929823875494
2173,16.242332791760596
2174,22.37204393729855
2175,13.586923478842436
2176,20.02272091230595
2177,11.900814741396134
2178,10.89576728321988
2179,17.86400929945813
2180,16.080753484826275
2181,16.972156744415983
2182,19.226198569807643
2183,9.344213691456444
2184,13.672727367150621
2185,18.405422808449913
2186,13.468163142687272
2187,12.269446317519055
2188,19.947281338615177
2189,12.13802269134424
2190,15.319611350354194
2191,13.151524086063622
2192,19.137540772031187
2193,17.418401064699673
2194,12.765984070345379
2195,11.936468265258906
2196,14.274167028798162
2197,14.859167070522114
2198,13.678110949121757
2199,15.354042832270126
2200,16.161037770270397
2201,13.258716226031678
2202,17.513062811164396
2203,16.518408971683087
2204,13.998715628469864
2205,16.341729254534123
2206,22.072833167700352
2207,17.927443266303193
2208,21.62922415706992
2209,13.973958986981375
2210,15.742799265772527
2211,16.30761994381973
2212,14.386256192075079
2213,16.745447204987986
2214,14.88526369989628
2215,16.696941957829964
2216,17.760861604001292
2217,14.49362258701107
2218,11.681291515571791
2219,15.370676111299877
2220,13.148307978873975
2221,22.1576452184159
2222,11.200302963276405
2223,15.645045644349974
2224,16.525343904149377
2225,18.75180477788395
2226,18.18507767372931
2227,12.709886192331975
2228,14.041898776959302
2229,16.81645646885608
2230,14.560889297954954
2231,13.101705728101361
2232,16.823675562220565
2233,16.142340523593568
2234,11.830222055736836
2235,9.21162652417831
2236,11.7139839735832
2237,10.732222750864384
2238,11.723996042684849
2239,16.193237621582888
2240,20.427049857813465
2241,13.43329194268765
2242,22.037763128248308
2243,13.289361678184894
2244,13.600279447829735
2245,15.527034555880446
2246,17.47740993754958
2247,17.575107537295956
2248,14.320902153233307
2249,9.922448199241671
2250,18.523592530334284
2251,22.877413491147145
2252,17.16395765428429
2253,11.832883507176
2254,20.292916212127363
2255,15.601600771323852
2256,15.625668577281262
2257,15.366592052359112
2258,14.451391282202682
2259,14.008208441641093
2260,11.474824203348007
2261,23.026225250649347
2262,17.197276837083614
2263,14.70509686813202
2264,17.446760191502328
2265,8.247440566825382
2266,23.108587845749412
2267,14.278916020072462
2268,13.07654516840692
2269,16.691391331540366
2270,22.142237018373507
2271,15.597455557557687
2272,11.572041317587479
2273,11.22658405854462
2274,15.269436969271087
2275,22.969707565610847
2276,16.591368814782008
2277,18.639146383005716
2278,13.371954748665239
2279,17.42389147922212
2280,15.604326713820754
2281,16.762004551449518
2282,14.599108092252754
2283,13.901172267743263
2284,23.18617021394563
2285,13.088132739590408
2286,15.64921241712285
2287,12.535683971179456
2288,12.363618165656936
2289,19.65353972647032
2290,13.091305941785814
2291,10.57985105169535
2292,16.52049966058175
2293,19.295999468092983
2294,15.40657404519247
2295,9.588466606899257
2296,14.582078412702801
2297,10.215131280102405
2298,14.447344341976798
2299,16.41625618160473
2300,10.80497877702572
2301,22.651444809635542
2302,17.356641946025363
2303,11.57618091619
2304,15.921159515915114
2305,11.031731103487214
2306,13.332967665636254
2307,16.608596961992344
2308,14.452020331688981
2309,17.83856177595957
2310,13.634237855745702
2311,9.792862117904921
2312,15.71368428283724
2313,14.628572354589705
2314,17.194426388555996
2315,15.399492828477982
2316,13.22563826610888
2317,14.977354580303176
2318,19.157025057293275
2319,14.401468731034171
2320,10.994428076155625
2321,17.75572476850565
2322,22.417674326399002
2323,12.4552434323753
2324,18.189989082232344
2325,12.318583098477944
2326,8.859541093483186
2327,18.95234040496353
2328,11.975788998868985
2329,18.59715857167175
2330,15.006172835793036
2331,12.867551790978702
2332,17.54574175199413
2333,15.87328387075278
2334,10.747640072258259
2335,17.45155036058143
2336,8.326740065878083
2337,17.2594992184276
2338,9.500258117869997
2339,19.322858516154167
2340,12.453402311038694
2341,12.94961482786058
2342,24.455892552519252
2343,10.943899295593756
2344,10.090118868796718
2345,11.96572756152867
2346,9.33544981036979
2347,17.916983018575785
2348,20.0057644106966
2349,18.204135517653434
2350,20.509895936602625
2351,15.932080568317852
2352,13.066767365288555
2353,13.68099546909231
2354,17.668110596059343
2355,15.781365184353104
2356,17.0335546736732
2357,23.127942503478785
2358,11.316017887530702
2359,17.20466071707763
2360,11.990108251337793
2361,16.817494531601024
2362,14.61503082714189
2363,16.195092224658566
2364,14.885896339746706
2365,16.95701515141579
2366,15.487960703851074
2367,22.237287609331453
2368,18.227304175694158
2369,11.160611654417798
2370,15.054382211073696
2371,19.74607007562843
2372,20.89358281564796
2373,12.60191222603917
2374,19.5297690684984
2375,13.451973354549429
2376,17.167453795619245
2377,13.002614580692626
2378,17.7922277033121
2379,18.302340546206775
2380,13.24821693717826
2381,21.021137512247797
2382,19.290318768148392
2383,13.473689660066437
2384,16.561443467364327
2385,13.839666104394059
2386,14.47633099869695
2387,19.853305387675302
2388,18.343559800610755
2389,17.70926689169123
2390,13.230569324909219
2391,13.945080718568699
2392,14.698846431423814
2393,22.168300753442715
2394,16.578932351955956
2395,21.494181096888546
2396,18.851701845460724
2397,21.97596324669982
2398,20.570368462067233
2399,13.728584648893966
2400,19.411033833431425
2401,13.361420035013607
2402,15.737246474545225
2403,8.957006672073813
2404,21.69030956171307
2405,12.318386490032012
2406,19.609907694335895
2407,12.141400564637898
2408,20.053918078396926
2409,15.845724047805318
2410,17.69030768158097
2411,19.457333331806403
2412,14.608425723585885
2413,21.232120712331437
2414,19.94446294382351
2415,14.608811687306986
2416,17.474781436724825
2417,20.229364275987606
2418,18.20683905489436
2419,13.785759979953154
2420,13.12715781441472
2421,10.186219162977617
2422,8.108436710233697
2423,16.59713479351987
2424,13.75038969374305
2425,18.239713982784366
2426,12.881501369129431
2427,18.94368962787177
2428,11.751992973798773
2429,18.595019806870148
2430,14.487522187765189
2431,15.731466165314517
2432,19.030038337663015
2433,18.037542727931584
2434,18.678885715793044
2435,15.88669587611211
2436,17.620444198886815
2437,17.726822648018768
2438,21.10729621054068
2439,16.325530287326963
2440,15.008981810538348
2441,15.621203450362332
2442,16.582764892808704
2443,14.519238707905023
2444,10.500360696819687
2445,14.196201758940694
2446,20.58636854698282
2447,12.138392830452535
2448,14.991525271153247
2449,9.13605251204153
2450,12.98678245305923
2451,15.713393507804163
2452,15.88303025667237
2453,15.110192663010993
2454,15.67913635547859
2455,16.62319753500445
2456,14.904767362462456
2457,16.779549907353214
2458,22.15177113074683
2459,13.366168598640067
2460,12.431602984205767
2461,17.847155339390618
2462,13.883489265362895
2463,14.19869528662392
2464,19.578400275670127
2465,10.775216921959121
2466,13.701713689563698
2467,12.725194479871767
2468,17.510369427988884
2469,17.654160175322858
2470,24.55015883144199
2471,11.084148128397214
2472,16.262553918067887
2473,9.115501772831426
2474,13.317432328741143
2475,15.235329453096858
2476,16.028040471492886
2477,17.245613617296257
2478,15.57557582370865
2479,17.24942761025779
2480,21.064705214228944
2481,16.616043207406328
2482,16.433755627661224
2483,15.928813738182752
2484,16.267217244848666
2485,14.961624804281973
2486,15.00369392531968
2487,18.60074052675644
2488,12.806268418361107
2489,21.236340537488516
2490,8.122423017414249
2491,15.482114125716372
2492,17.060115793689256
2493,17.345693024952986
2494,12.99382505983499
2495,11.574917407066337
2496,19.524104038309947
2497,17.125253216843603
2498,15.795173763557425
2499,16.809277493567947
2500,16.02355262770339
2501,13.506338373549099
2502,14.019870743288129
2503,12.751305484438866
2504,12.870199048849129
2505,17.773456378520926
2506,13.98892156088392
2507,12.71408467851207
2508,13.249795961573161
2509,19.4873493950138
2510,15.997441270756859
2511,12.248271632284624
2512,20.920578625436406
2513,17.207660690695484
2514,13.325829208474403
2515,18.040649378648553
2516,15.327163307478232
2517,17.50164923156199
2518,14.54240930219192
2519,18.120675624857988
2520,13.3649606705353
2521,14.666642906449791
2522,10.794211431695022
2523,18.772907443401508
2524,21.924406407705227
2525,18.489446149964436
2526,17.113427130620472
2527,15.323500599762843
2528,14.773651345833551
2529,14.569887079316144
2530,17.24293846261181
2531,18.379108410422198
2532,13.090995630313342
2533,18.23277373677191
2534,14.245474939741698
2535,12.756814845940102
2536,20.570015422996246
2537,14.041392677496988
2538,11.7359330753699
2539,18.927875837669042
2540,18.652508073155055
2541,17.189106316831907
2542,12.681221615859512
2543,17.720964584947794
2544,16.954235168726555
2545,24.927712483399006
2546,16.253359793381964
2547,9.94993276335611
2548,15.755330014292895
2549,18.772353459268757
2550,16.340367695972077
2551,8.442146457599893
2552,11.831259885221934
2553,19.154436983844185
2554,24.54432047813294
2555,19.68366905861893
2556,16.249082727014155
2557,13.719669905707502
2558,19.404477802170103
2559,11.711476861491978
2560,21.76411981574905
2561,18.477292110029907
2562,14.557954769655531
2563,11.041478407633782
2564,14.611887672914172
2565,14.937801986639146
2566,12.85470639604471
2567,17.99828561356509
2568,13.152257128446902
2569,13.137587214492381
2570,15.124769902177972
2571,10.862920612850015
2572,14.495057527172666
2573,18.883771557405858
2574,16.092824248371073
2575,20.240903593611122
2576,23.057698157146056
2577,20.680897997612607
2578,15.937936125930632
2579,23.668842443594095
2580,13.27191612192565
2581,16.489706628893757
2582,18.61452631669894
2583,8.405813616871091
2584,15.597451593926198
2585,20.736524939996414
2586,14.874845077977781
2587,21.494209657635373
2588,15.836324132859824
2589,8.242286229005993
2590,13.620843913558499
2591,14.555100142075064
2592,17.834530916033934
2593,19.427180481098958
2594,20.220096368226788
2595,12.921239828297375
2596,23.935712099295777
2597,14.486861594398363
2598,20.856815005768873
2599,15.782825448563674
2600,11.74893914161786
2601,18.069649838792756
2602,16.829596767627585
2603,14.283472291972384
2604,14.18750533362213
2605,18.702479072431608
2606,16.71155665045574
2607,14.258021283586492
2608,15.012848736099773
2609,16.073705303844324
2610,11.652411033859265
2611,14.97915500611744
2612,9.92211966898616
2613,12.041072873709897
2614,10.643020175025326
2615,15.751872068789341
2616,20.622955427679017
2617,12.23245890272281
2618,16.50332920772084
2619,17.711338258719827
2620,9.64622899230782
2621,14.17135137806912
2622,16.3630677452473
2623,12.805751147391396
2624,12.720396873304432
2625,19.172186663415186
2626,17.601080219307192
2627,15.407791779804198
2628,14.474585822722638
2629,14.550415860157022
2630,16.1915455256689
2631,18.988349276858266
2632,14.523016791435841
2633,16.318646303940525
2634,7.876829767304649
2635,25.005012637544112
2636,16.755987666589082
2637,15.965153484378023
2638,18.163459342611503
2639,13.462192840696655
2640,18.02273925248971
2641,12.117556227512134
2642,17.678031882073086
2643,10.23002046694932
2644,14.854995099437273
2645,19.61307030014509
2646,15.376099691143695
2647,19.02798347157998
2648,14.051592337843433
2649,16.960766868692637
2650,17.084832009261298
2651,14.109628314645452
2652,16.041908121425394
2653,11.826347390756787
2654,11.9918240469068
2655,18.1373853028198
2656,13.570133408623297
2657,19.27034802916026
2658,12.628941651632035
2659,19.512922354950163
2660,12.252116400150452
2661,10.737051016583376
2662,22.18759470486782
2663,13.45019175148003
2664,17.28104317183208
2665,19.08804027756141
2666,18.186771259007358
2667,18.658826513891864
2668,13.596781913356892
2669,18.89318415997161
2670,16.654547989615814
2671,11.747433538424918
2672,12.938746058801662
2673,11.021397073461783
2674,21.94981043653194
2675,20.13874187492432
2676,19.51231831516874
2677,17.27375376205665
2678,18.536482517268084
2679,15.029010740297092
2680,14.042740481835125
2681,18.123844038131544
2682,15.008227394472025
2683,16.224354018343213
2684,14.958115350470893
2685,10.877259503606535
2686,16.077443672967433
2687,11.756969797253298
2688,10.786545375898802
2689,12.171176119664018
2690,14.186835456372865
2691,17.569740641456306
2692,15.580953732461237
2693,20.416521637235476
2694,16.07602067461846
2695,25.298454308782155
2696,19.000395785597952
2697,9.663213700814548
2698,19.991366943418445
2699,16.921554909321912
2700,10.051494655822712
2701,21.869414024828536
2702,16.097943293738282
2703,11.741671019448493
2704,16.197036440543698
2705,15.051398961562265
2706,19.98941488836091
2707,8.578633428712841
2708,19.04707747714428
2709,18.9716098505587
2710,12.661690488586627
2711,14.141712975449092
2712,17.89333840242923
2713,21.211517752406703
2714,21.618031873393726
2715,14.969259399955824
2716,19.40358164355439
2717,16.39973903401274
2718,17.40841245012551
2719,18.334615780025516
2720,15.350419148349735
2721,13.213878443504232
2722,15.147923728859364
2723,12.476626914531034
2724,10.118677589945836
2725,19.228420352424315
2726,12.752244862907252
2727,13.7527105586953
2728,20.557157660615974
2729,20.566927514085116
2730,12.951175178253159
2731,18.104080879407583
2732,14.812853087612078
2733,11.235244199549868
2734,20.353135607644468
2735,15.05084070817217
2736,13.102434147630241
2737,13.492162545519838
2738,18.191180441957258
2739,15.361427218239184
2740,14.692606159533275
2741,19.252991533457987
2742,19.80298748579515
2743,17.728215988980537
2744,20.987801995964297
2745,15.800472512067321
2746,13.28543652072244
2747,20.957937741868097
2748,10.164138879560884
2749,12.892879664737963
2750,15.16707168106602
2751,13.066586777965469
2752,13.19740091339877
2753,12.843286425372858
2754,16.375293197711606
2755,16.37058465660069
2756,16.620816919002223
2757,16.555257813152213
2758,19.145501447467744
2759,22.24054392174977
2760,13.252587302989578
2761,16.925433285921528
2762,20.75857289607694
2763,11.630410578528698
2764,12.157745491668903
2765,13.848093153413283
2766,20.115561015307414
2767,19.267460182789996
2768,17.325089721782234
2769,13.611963958706415
2770,15.23740893146303
2771,14.387935422058456
2772,13.156809263207352
2773,15.176877557268224
2774,18.313490085327338
2775,16.469106001506596
2776,18.543806959735484
2777,13.61426320869747
2778,20.296948409824104
2779,13.247753681289314
2780,13.36321272348679
2781,14.965693962218849
2782,20.382363789335784
2783,14.624638243870566
2784,16.028002558049977
2785,23.07760737953879
2786,19.74154627115
2787,15.751820239809003
2788,14.168292888859195
2789,9.987615832821103
2790,16.917877666638944
2791,20.11181338247944
2792,17.63364749185662
2793,14.268279488940736
2794,11.959812679824704
2795,13.203960971400239
2796,16.125607716825982
2797,15.28116273256575
2798,15.488502454792977
2799,11.971257511760856
2800,13.492738879493396
2801,12.254285588078059
2802,20.30588902622265
2803,11.669942412575889
2804,15.623972664135806
2805,19.444825744329393
2806,17.38159090983132
2807,16.99796252436844
2808,15.090471687185605
2809,13.910339300152614
2810,12.952439099101152
2811,15.82707512889889
2812,16.424895887110626
2813,12.052345335442116
2814,23.765143501803934
2815,20.954587895634653
2816,19.708111124815602
2817,17.80722006998353
2818,9.400791878396344
2819,12.526523364488938
2820,17.49173877214193
2821,12.086597919289865
2822,19.26175578699435
2823,16.904334440032684
2824,18.319171380079673
2825,19.459847377101084
2826,12.006068314741968
2827,19.05079914095721
2828,11.261399147772153
2829,10.322868075070005
2830,14.580626580149621
2831,18.789718669678656
2832,13.996773090769683
2833,16.738442445755005
2834,16.46671166852846
2835,16.481115836988543
2836,18.698854718051173
2837,11.636787018455438
2838,10.38294753823154
2839,14.68717856801817
2840,11.914889660102101
2841,14.798176971764532
2842,15.083161556880576
2843,16.62904375573963
2844,15.268672661881675
2845,16.179160898890096
2846,12.632199145836958
2847,17.369333203835907
2848,18.164940637929277
2849,20.400939850293955
2850,23.228570205903146
2851,9.0097855849973
2852,14.791626805243707
2853,16.673495870837556
2854,20.015701476425434
2855,19.79470641950234
2856,10.108706672843859
2857,22.533061479861807
2858,18.843207837316964
2859,19.709811121522435
2860,17.820273121172004
2861,10.245958150549491
2862,11.433895288689616
2863,16.224190328734863
2864,14.298680261163067
2865,18.395592687569042
2866,15.095786603734359
2867,14.648907144797596
2868,15.016742700034037
2869,17.379465752496706
2870,16.870973544346356
2871,14.20637390319982
2872,12.872110374598037
2873,12.343116069258176
2874,22.757921976200564
2875,14.546247942403255
2876,15.272748855059024
2877,13.69666370985837
2878,16.267429764997782
2879,12.482835332503383
2880,14.804981139754425
2881,11.636247170805953
2882,16.675104925305583
2883,14.427817530503765
2884,8.955612166049441
2885,13.084416032433737
2886,14.253306714685884
2887,19.535734078991176
2888,13.201623408884412
2889,13.951699531914484
2890,19.652335990647416
2891,12.2354678942837
2892,16.926357933568276
2893,15.416253778527814
2894,11.005025852871784
2895,18.248693741167205
2896,10.196777734320255
2897,13.758916436893882
2898,18.652715352145712
2899,13.903096047527459
2900,11.55886390374908
2901,13.297936561105413
2902,12.4651868591694
2903,13.968577909721553
2904,22.014235554187536
2905,16.17495064733616
2906,19.74291224167763
2907,23.145736885561888
2908,16.373184305950915
2909,15.767336788984485
2910,13.834982164947093
2911,16.546574118141756
2912,16.406972535656926
2913,16.122394454240997
2914,13.014203499279773
2915,14.85600853547229
2916,19.897624458444206
2917,16.12594111192839
2918,22.30321677936164
2919,17.277641023531295
2920,10.501709754268422
2921,17.653443462607633
2922,13.337759570922561
2923,13.48063159461519
2924,17.832399161251487
2925,13.167511147512432
2926,22.128041240259968
2927,19.351256090817934
2928,10.41072256084447
2929,15.439658461829824
2930,16.90962659350334
2931,13.066050343169415
2932,12.842894431270393
2933,15.094799280098181
2934,13.782996586814122
2935,20.298534224314295
2936,10.907335199597668
2937,14.090640939842087
2938,21.784551553249095
2939,14.945553299438274
2940,13.493023201369844
2941,15.396423977259342
2942,14.928748183989194
2943,15.304274909655021
2944,18.896868161002196
2945,14.580027389112745
2946,21.96625868102892
2947,11.103199844836613
2948,18.042748269616958
2949,15.930204930645376
2950,14.841731818415653
2951,18.601330253288914
2952,18.49848836244974
2953,15.31046771475229
2954,14.542269768921303
2955,17.318781310261365
2956,14.883881666031284
2957,14.56806423326364
2958,14.729837461573098
2959,9.602366958935164
2960,13.347822580591554
2961,8.308911588940688
2962,13.8885596058108
2963,16.75813768735491
2964,11.915013144278518
2965,20.384972854461132
2966,16.598842924466958
2967,18.48025722200799
2968,15.915941490688592
2969,13.508893563978928
2970,13.05072561083556
2971,19.38110919743644
2972,16.22825613519762
2973,18.15474460789473
2974,11.572870688026981
2975,14.65411052518919
2976,12.185450069500254
2977,16.254077390090856
2978,18.852422889717158
2979,17.253867651056567
2980,17.300598545977977
2981,15.442632145253839
2982,14.172961942618723
2983,12.084267585054452
2984,19.751980376549863
2985,22.790940142264432
2986,10.795515905487832
2987,17.160362246503944
2988,19.11660545722105
2989,22.813641580524447
2990,18.123141609698642
2991,16.829598226832935
2992,18.27855595811187
2993,19.364267587746355
2994,17.870069790372554
2995,15.653586139399739
2996,14.551221364407558
2997,21.43730788190578
2998,24.316231550583232
2999,15.454112913803826
3000,18.65646197605934
3001,15.547164352326407
3002,11.28623642436266
3003,19.086951505009942
3004,17.817169465050185
3005,16.349130229503018
3006,11.398271546625384
3007,10.729941803814265
3008,16.396863389253017
3009,14.039504112552196
3010,9.521858768363868
3011,14.562633882029354
3012,18.185790270026928
3013,12.815381700285856
3014,18.487037606036807
3015,14.073601735105829
3016,11.761467391570864
3017,18.439649458828555
3018,20.212457649357198
3019,20.219012794225137
3020,14.587155048959971
3021,13.26710760395153
3022,16.613709335665
3023,13.667342868981137
3024,17.590044666870988
3025,9.912020240962878
3026,17.256235233496945
3027,14.015991839539778
3028,22.591772290459886
3029,16.733227746083877
3030,14.70250160924901
3031,12.210689970744868
3032,16.698497769518447
3033,16.63388715030102
3034,25.276019809233325
3035,15.60849429015449
3036,14.527952678704347
3037,18.23589728731007
3038,17.834451862602712
3039,17.45321386492934
3040,15.614388277123002
3041,14.952031142355189
3042,11.751391495800927
3043,12.088120129797003
3044,14.596636934228519
3045,15.37981084594475
3046,18.1887299018056
3047,13.70122152789727
3048,10.900019005558551
3049,16.880326675848668
3050,15.498915010012839
3051,17.78655189601386
3052,14.407634277638113
3053,15.282330891956427
3054,19.87387291897185
3055,15.677658112937882
3056,20.837019146522934
3057,15.017416149942752
3058,10.820174251842595
3059,21.642884239584216
3060,10.637984896803893
3061,24.35450518518976
3062,19.465486219008397
3063,16.277710516892178
3064,8.717862669285347
3065,13.686143295036581
3066,25.29171611264608
3067,16.416365740326356
3068,19.554743888112768
3069,20.616887873487123
3070,14.50400300682019
3071,15.38354677264106
3072,16.089601272346226
3073,14.283245388439196
3074,14.645666544133777
3075,12.764471913613402
3076,11.101471274372543
3077,19.06738873739573
3078,14.679744593430163
3079,11.642004965938195
3080,18.071091257754475
3081,19.805409909531434
3082,18.509343753236216
3083,15.599310988130688
3084,17.15157084321082
3085,12.98063627286744
3086,20.111908268131046
3087,17.553136332649295
3088,18.886968881828217
3089,18.459368085292994
3090,18.67240243703381
3091,14.721886813097868
3092,14.17302764453294
3093,15.948937280087463
3094,17.94702755559728
3095,16.846539494638293
3096,12.035832856078613
3097,17.486767669462367
3098,14.631703549404023
3099,19.164189750656853
3100,9.821380054382098
3101,12.913930209358618
3102,12.418443704056923
3103,16.5435172367727
3104,13.66406700443206
3105,18.17413350208335
3106,19.97231564717312
3107,18.746028000591757
3108,12.307638196458926
3109,14.66254996876717
3110,14.715751963618661
3111,12.678895085812002
3112,21.82170188041688
3113,20.468064980310913
3114,19.53498637035264
3115,12.677613693720588
3116,21.245947758465018
3117,20.91178277702725
3118,23.365185040928104
3119,13.588655929763554
3120,17.341645017786853
3121,19.063870606177183
3122,12.162786753707984
3123,17.133739284900916
3124,17.891562509262627
3125,16.076541694693987
3126,18.591141716271142
3127,10.146067840901472
3128,11.705176120379274
3129,14.178056058030172
3130,13.263657156969494
3131,15.903320450363596
3132,12.315301256815038
3133,19.02624754412231
3134,17.150425616443044
3135,17.06640453690129
3136,12.800295911638104
3137,15.954908653184207
3138,14.479697172624402
3139,21.70054587246804
3140,11.520205217980903
3141,11.393767597125436
3142,18.152830697405495
3143,15.089225487710177
3144,12.98979836161378
3145,16.31647216747723
3146,16.311574277896476
3147,9.41306541831381
3148,11.429876428183128
3149,14.943081613121755
3150,10.844465682443685
3151,17.79346283040892
3152,15.8526836212073
3153,18.879678048359807
3154,16.971868637756167
3155,23.874972185889483
3156,12.819789577057577
3157,14.862514010904968
3158,12.265639702638431
3159,14.919316841641962
3160,14.335807603551702
3161,15.12231039235198
3162,15.753288630484755
3163,15.81378713461312
3164,10.58283381625694
3165,12.894698990145393
3166,11.85375815755804
3167,11.997694238802223
3168,16.63663821947305
3169,19.616913628938832
3170,11.706605406562016
3171,18.20771420864239
3172,10.744871860770616
3173,17.640543472261754
3174,20.76825825423652
3175,19.35933447419096
3176,16.006120056388145
3177,20.314943829100777
3178,17.4242822698265
3179,11.058701473150624
3180,12.600722020356411
3181,14.50886608703694
3182,18.62188686404079
3183,12.368499884346063
3184,16.068974618665848
3185,19.02480067683865
3186,12.267099785551705
3187,17.909152982823578
3188,16.33701485313805
3189,12.1160114018399
3190,20.960872511680773
3191,13.933358180680203
3192,19.686054742254885
3193,15.468068988307923
3194,19.7340356844088
3195,15.756126498224218
3196,16.6800558229233
3197,17.06060858593782
3198,17.275778112699825
3199,15.588533969264137
3200,16.4436353646405
3201,10.146761436992396
3202,18.569850814192023
3203,13.577174534018818
3204,17.92704817639006
3205,15.862916641488203
3206,14.26999853143292
3207,14.648466321943669
3208,12.96359834041305
3209,13.68659711608256
3210,21.626781532803314
3211,22.37952643460151
3212,21.864840078868188
3213,17.028985324596718
3214,19.697799129783064
3215,13.322584734729157
3216,8.223109632975328
3217,14.981014616629466
3218,16.522322484498055
3219,15.753865604825222
3220,10.904422896844018
3221,13.975085562167838
3222,14.589122992233
3223,11.84415234837463
3224,9.311644508404674
3225,14.324884829846818
3226,11.22782212217458
3227,16.469302633978813
3228,16.380324498448353
3229,16.04375760379378
3230,13.450607831113086
3231,17.912174121544147
3232,14.678788226440854
3233,18.119517841559254
3234,17.777459538834872
3235,12.956809290567705
3236,23.670213016756648
3237,17.104972271838427
3238,10.591120180580104
3239,18.146846299591985
3240,14.23739436536744
3241,11.126343245068519
3242,14.276005305984155
3243,19.42384196287825
3244,15.290499093190165
3245,13.511609032352059
3246,13.2901174187074
3247,15.922871191046658
3248,23.921277400785513
3249,11.947848457390737
3250,11.724640574241853
3251,21.071667569349792
3252,15.440644950580593
3253,15.418913121659081
3254,15.348619234096228
3255,16.64710616730077
3256,11.244048832609067
3257,17.176408133661965
3258,17.587488837416288
3259,14.394123601675657
3260,11.375257288342535
3261,11.69400443429246
3262,13.949309859987366
3263,18.686107902430273
3264,12.968403530054948
3265,16.973995990578963
3266,10.066711943153276
3267,14.089524004853955
3268,19.224019929317677
3269,17.006533562258255
3270,21.564738394793224
3271,19.126908824918296
3272,20.943090767219267
3273,14.837306754964379
3274,15.709745989046523
3275,18.019504992014745
3276,16.814591058429254
3277,17.08342137776509
3278,14.328605060940252
3279,16.69174536056169
3280,14.45422189346334
3281,17.30744641877277
3282,17.468427978521404
3283,17.31766383145021
3284,19.864453655328376
3285,15.020602383628448
3286,20.066082267755725
3287,13.731770826828793
3288,15.31734751467488
3289,13.723841334624126
3290,10.853435988859555
3291,16.350674857396
3292,13.401274825775877
3293,18.649240961481567
3294,15.17857668144733
3295,12.369262891383835
3296,14.924770406073483
3297,13.996498244383499
3298,20.998885038092446
3299,15.663785330567833
3300,12.377591393997001
3301,9.36766416185407
3302,20.0324314996055
3303,23.89998539446639
3304,18.25370242833454
3305,19.496782607050584
3306,24.727492299225872
3307,11.08416678159782
3308,14.32311788143794
3309,17.998327710148274
3310,11.589527054397216
3311,14.848648919026557
3312,19.83033365251746
3313,15.467164294300398
3314,16.722423748453522
3315,19.396014724227236
3316,19.607913189884414
3317,11.278896836107833
3318,18.741849934466536
3319,14.936371876800989
3320,16.831391041379028
3321,16.4101010634109
3322,19.429725793127147
3323,10.775222722148671
3324,21.420131702802696
3325,11.98059569646962
3326,11.533141201143565
3327,23.956575733256393
3328,16.563283138456597
3329,20.180285340957006
3330,11.644748030239475
3331,11.57831593074517
3332,15.273695374145213
3333,15.65276542414258
3334,17.349583402910987
3335,12.497229813827003
3336,21.745580074039303
3337,13.97720483921041
3338,14.8446171540197
3339,15.310223049515978
3340,8.739324704408906
3341,10.519778228287262
3342,21.847397600530748
3343,11.582249448927008
3344,9.127572734365584
3345,13.313298310811533
3346,14.281157884992949
3347,10.356678788670418
3348,15.201491516941138
3349,16.774459516020897
3350,14.303122878187224
3351,11.852511650799899
3352,18.76939914799661
3353,14.346989270735895
3354,21.20887746531762
3355,17.315561800310714
3356,10.854508739756625
3357,13.863550474993017
3358,9.496495998972097
3359,13.119489134590747
3360,19.338442975245925
3361,17.458403306039266
3362,17.29764698082392
3363,15.37624048225482
3364,13.053039327560118
3365,16.363204004182535
3366,17.601910030173542
3367,18.981816399328714
3368,13.336194012162744
3369,9.868654674984054
3370,19.681341246206344
3371,10.715470929749117
3372,17.398270225852094
3373,18.03209971348958
3374,11.653844565102677
3375,14.80628770733099
3376,14.998600065268404
3377,12.054296836105198
3378,13.23381336000265
3379,13.262333297147748
3380,13.59328592503029
3381,13.814945769274864
3382,20.764384330001626
3383,14.229764841529073
3384,14.938443770899182
3385,10.299051550612916
3386,10.971221148925153
3387,15.298216262665916
3388,20.19228334681366
3389,13.651463810391862
3390,20.331541962927368
3391,11.498693733089233
3392,19.772950640696813
3393,18.908122479612906
3394,17.83728497907776
3395,20.050980066007487
3396,18.26032904939113
3397,12.285917657166603
3398,18.051808912753245
3399,11.822789486233232
3400,13.182884893019967
3401,13.218865422930214
3402,15.499983066186457
3403,13.139681278206444
3404,15.50048257258334
3405,17.40122201186817
3406,10.752457028145333
3407,14.635770044416361
3408,13.023887888613725
3409,12.734670822440922
3410,14.96174253151053
3411,20.132085989703278
3412,12.79948053256328
3413,17.48488338247177
3414,17.279651591274543
3415,12.314322142653722
3416,16.714864156854013
3417,22.21497863830121
3418,12.61891551372649
3419,16.938607014115547
3420,14.569121116312877
3421,15.112410572197804
3422,17.457241956548554
3423,11.713096191039815
3424,17.404989324471337
3425,10.319697709249356
3426,14.623197555328522
3427,12.785056050596541
3428,9.74976283544773
3429,14.43411158860863
3430,17.938117844235514
3431,14.54781242355695
3432,17.25673735298478
3433,22.669443818394612
3434,13.312780136218642
3435,8.790112698950518
3436,14.374124775543498
3437,22.45273123270144
3438,10.854932886963507
3439,11.733263209240917
3440,15.359419934045379
3441,13.91206356911753
3442,20.996298277969366
3443,19.122633806721737
3444,19.790236468343316
3445,20.197598613853067
3446,11.088678830022367
3447,11.819719960501946
3448,18.78991413330273
3449,14.458520047873725
3450,18.344902074070617
3451,11.983644426686938
3452,20.972146670143474
3453,10.93175706681397
3454,11.96239668231835
3455,16.33799235177152
3456,18.05405079122199
3457,11.838658537531316
3458,12.921108637669604
3459,13.457829724740957
3460,13.661703165446418
3461,22.628950559064023
3462,15.420844166160977
3463,17.440761531773177
3464,9.452180765917866
3465,16.768635815443865
3466,22.570706923770786
3467,10.82945691928768
3468,16.446313245934462
3469,14.75872952677069
3470,16.989604295600508
3471,20.289893716119735
3472,19.677146387063402
3473,15.797299673085606
3474,14.797438651299458
3475,16.111450541041883
3476,24.39240140544419
3477,17.621385486434754
3478,16.68904385004967
3479,21.718284131848435
3480,11.597286212838494
3481,19.113533415446675
3482,11.765433619651251
3483,14.4328428687369
3484,11.869525740328054
3485,14.641408393524852
3486,11.200681321450443
3487,13.694060023047438
3488,16.659062102147608
3489,16.986049960138494
3490,8.337549247988893
3491,19.985765938425295
3492,18.954516094124727
3493,14.218720239345663
3494,12.501289156258508
3495,10.950039344423555
3496,13.786819198515133
3497,15.394625628173394
3498,19.207768661007535
3499,18.507391219111273
3500,14.499468174477391
3501,17.841373291744482
3502,14.795477845244372
3503,17.721540262002748
3504,13.415324065015454
3505,18.869747140935743
3506,17.212437868097133
3507,11.647080149440113
3508,16.40034202374449
3509,13.461828299314838
3510,10.693017524768266
3511,9.79840789539779
3512,13.661114553103506
3513,12.028487282221919
3514,17.475879261716734
3515,22.43773745762911
3516,15.867141293315049
3517,12.948331366925768
3518,18.252053745258564
3519,17.02573385733656
3520,10.490575166853924
3521,15.002906300939248
3522,16.770891112857093
3523,15.196068635851267
3524,15.88499842885908
3525,17.035018957016078
3526,11.394831448700394
3527,19.003193682089567
3528,12.607730388640338
3529,16.68106109691035
3530,20.33609784695392
3531,16.54671487724368
3532,16.35268428363549
3533,15.180810734206299
3534,11.62283836980451
3535,13.368467672855136
3536,18.063829017421057
3537,13.679953193884465
3538,18.986405081235855
3539,15.50988013445125
3540,12.992389808699684
3541,13.730540046457477
3542,12.43480843711322
3543,15.643566782256705
3544,12.463373893769939
3545,17.424713856298048
3546,17.757743035461694
3547,14.81244193254547
3548,15.742029088146259
3549,18.82717281201591
3550,12.806701889604557
3551,22.200401246540693
3552,21.3976190540655
3553,16.295012349691014
3554,20.05623936039496
3555,16.729497506851246
3556,16.208206593436145
3557,23.065519102891095
3558,18.776861691009522
3559,11.973237921334086
3560,15.659387664586427
3561,17.996340989876927
3562,12.596916345855565
3563,13.868170070991617
3564,15.553990068813977
3565,17.072774451371608
3566,16.57081415051624
3567,8.791077365833674
3568,14.468998589231415
3569,13.736443260131036
3570,16.02575649478075
3571,16.874498335156744
3572,15.428142743674897
3573,14.736656881242657
3574,13.46759088880614
3575,15.347617194901382
3576,15.026855581958324
3577,15.778267058912407
3578,13.449641953227083
3579,15.812720427193751
3580,7.935659842321106
3581,11.054120641570695
3582,12.39665997338868
3583,11.63006057322663
3584,12.721284701754605
3585,11.73356490817233
3586,14.24633213281484
3587,12.55987725124481
3588,13.300931676805655
3589,16.006729976575073
3590,18.257218979272736
3591,11.690297990377077
3592,16.914129937848692
3593,18.95013499252706
3594,16.361463543429284
3595,12.141323423897006
3596,17.046252207839203
3597,11.627818184707547
3598,24.772223609425502
3599,14.601038217733866
3600,15.558850980781937
3601,19.458235936644222
3602,14.731861649310714
3603,15.252041942140412
3604,21.882529387083373
3605,16.335539759559552
3606,15.431356707303637
3607,17.006142298645386
3608,23.026393721328517
3609,13.409248680148476
3610,11.334381287173235
3611,11.817386587473399
3612,11.340754750489642
3613,14.98027331328592
3614,14.938412606544409
3615,11.767587408595267
3616,15.58572250741126
3617,16.448249368456445
3618,11.728266370185956
3619,17.79646319854661
3620,10.070877135191477
3621,13.167747993822061
3622,19.32919179563136
3623,18.982398195015286
3624,10.544184754675658
3625,13.400337486736365
3626,15.477983680985968
3627,16.33534040252865
3628,15.391650409891788
3629,23.791191473642726
3630,11.147014563338951
3631,18.168235082773784
3632,16.772481402968427
3633,13.648233875381163
3634,15.294078730955645
3635,16.820719583420278
3636,18.90152493612691
3637,11.879342042332475
3638,21.404391489567786
3639,13.092983692720342
3640,10.859138961588993
3641,12.39286443866861
3642,17.907977847290187
3643,13.598580435348296
3644,20.347549232439977
3645,12.501276115938914
3646,9.255261245510113
3647,18.124312984540268
3648,15.24887633442602
3649,13.667256406765794
3650,11.886422588088045
3651,19.297264355475246
3652,16.8295965754176
3653,15.453152955736083
3654,16.738057945372546
3655,16.751181689084262
3656,16.118876645846285
3657,17.67250342983889
3658,13.752204636315746
3659,18.70559739030454
3660,10.980543878021908
3661,15.17736939682284
3662,14.997838558112507
3663,16.839278915937623
3664,20.914091075462856
3665,10.710674220565236
3666,19.850570382961735
3667,12.500962940365115
3668,11.375148996100137
3669,19.513485800775683
3670,20.93576235716077
3671,13.945433497484396
3672,17.635160582350558
3673,18.77765939990742
3674,13.545235829626284
3675,13.631266217762855
3676,14.615402918115741
3677,16.71618511048073
3678,14.45002266727951
3679,16.70309214157784
3680,17.09621159913442
3681,17.325077495986775
3682,18.766231696135236
3683,15.64066026787671
3684,14.07457012478738
3685,14.35355810911636
3686,19.20947625716311
3687,12.193553402028872
3688,11.645890201805756
3689,11.37832793682177
3690,14.950253057318774
3691,17.179080458569786
3692,17.890652760438225
3693,18.616283000557154
3694,18.442076110309905
3695,23.519824322636936
3696,20.74762953829055
3697,19.03975033801261
3698,12.664928753211502
3699,12.488197656838778
3700,9.61201273255394
3701,11.167975723253551
3702,17.21324436094953
3703,14.696144897157529
3704,17.206876356763217
3705,13.186312411841346
3706,21.818400224342497
3707,14.090891756102968
3708,16.159637663575246
3709,12.190984438214626
3710,12.59098040222162
3711,17.04059990474086
3712,18.97886461693436
3713,16.030118942414724
3714,14.118005273362494
3715,11.633085444058402
3716,24.49341651304605
3717,11.195146194051024
3718,19.976420596136133
3719,20.35717160271051
3720,14.376457164942781
3721,16.237428299269368
3722,16.661008967507755
3723,21.951029223195654
3724,17.23396409283116
3725,15.87869195232881
3726,21.4219335031897
3727,18.025721445180267
3728,21.12898615103526
3729,17.94826852003329
3730,15.788674546864218
3731,17.692488677094907
3732,20.045435111303206
3733,14.921338784645906
3734,17.20179328398909
3735,17.603058401402038
3736,14.063944712743249
3737,15.396511514208655
3738,13.76439500928714
3739,15.706232533588222
3740,12.76840602812059
3741,11.288676477750146
3742,20.417695351627348
3743,13.89008738601882
3744,12.361625603650445
3745,16.16457455427609
3746,15.339709299181948
3747,14.861161872046939
3748,12.774813827254377
3749,11.692311489352978
3750,11.521109663721933
3751,14.011800154410237
3752,13.103307560825789
3753,17.432190166057506
3754,14.033761527960639
3755,8.883566876875344
3756,17.440911199755597
3757,16.634200608551513
3758,21.810184162836975
3759,22.810344022069565
3760,22.32260530116006
3761,16.843586379705172
3762,10.983298922248022
3763,14.22973232264617
3764,12.314992111096714
3765,12.300814899687838
3766,15.048337425396982
3767,17.99317258607915
3768,16.093174637113137
3769,15.837579641452672
3770,22.52534980454344
3771,13.300741710773757
3772,12.535667540653687
3773,10.06329068714751
3774,18.511868700125852
3775,13.716092596998859
3776,17.54607640712519
3777,10.153120244981558
3778,14.473745917731085
3779,9.0767968448823
3780,13.23310395691783
3781,11.20884882612209
3782,20.546381597373383
3783,15.958986199921233
3784,17.873181997035758
3785,15.125966472475307
3786,22.14420992286705
3787,17.78991302923243
3788,12.479637855718824
3789,21.434481502460038
3790,18.247773305891137
3791,14.305705032161265
3792,12.305776019091603
3793,14.9869192405249
3794,11.346756625512626
3795,18.15079359544163
3796,16.060367713267688
3797,19.626518048258646
3798,17.092752685548845
3799,14.74272779007957
3800,11.425834593493663
3801,14.456477440375847
3802,13.105022059768764
3803,17.75587219900747
3804,9.389312292419362
3805,14.959645475596956
3806,10.349943451185851
3807,14.88358734609194
3808,10.395733704758953
3809,16.37029426191224
3810,14.01800880076044
3811,11.542893364373844
3812,13.180043062355487
3813,19.925161766000166
3814,14.485961993467761
3815,20.326899286854253
3816,18.94767565975095
3817,17.53173109732063
3818,17.51599403226099
3819,15.658362793234462
3820,17.977102109124093
3821,12.267140900811206
3822,17.172728733635108
3823,20.789837769816003
3824,17.319022556652534
3825,19.365491180326217
3826,13.566172721145668
3827,10.762927855635386
3828,19.014074530815414
3829,20.140872607086727
3830,11.830322016321631
3831,15.483271838121007
3832,16.610854707847587
3833,16.81152777504643
3834,17.16536436982986
3835,15.479737577892474
3836,16.03380025444276
3837,20.36202961843997
3838,21.571214501279428
3839,17.991897402706343
3840,17.999404206475923
3841,11.56873460233334
3842,15.623428931499161
3843,12.651720439674733
3844,14.214599505497903
3845,19.10344838719116
3846,16.775197693628975
3847,13.864969908139411
3848,17.518439206240117
3849,19.169425894255674
3850,13.101160418368314
3851,14.03234929979059
3852,9.71625263235224
3853,14.36923226779186
3854,22.342384623444204
3855,16.79542571006476
3856,13.329703111698512
3857,12.794417033274003
3858,12.636149448625877
3859,13.691919584018855
3860,13.535069695902253
3861,10.92792947541558
3862,12.207025367855572
3863,23.28445482650914
3864,21.64007495645241
3865,9.576478842369951
3866,14.168973028239828
3867,21.425053311796788
3868,16.156868458286887
3869,17.402093152957384
3870,16.839312260106425
3871,11.255814743076556
3872,13.35976894310268
3873,13.984120857434753
3874,17.0056646393958
3875,15.439260430852697
3876,17.191823896499134
3877,13.78112819594583
3878,20.691597961991384
3879,20.27365850590288
3880,9.587986702543244
3881,15.0777001906476
3882,10.346179173053244
3883,21.71495200495864
3884,18.510457185987363
3885,18.40917499620216
3886,14.04182763662925
3887,17.619855122772456
3888,16.309539405056363
3889,17.12995770274707
3890,16.619523276519615
3891,12.991359453725357
3892,19.73490615602806
3893,13.176448701137002
3894,18.23213417192453
3895,16.714836730930415
3896,15.548042094690683
3897,19.519686008877493
3898,16.63350980800751
3899,22.341993663310802
3900,12.026071907652593
3901,21.485042489693203
3902,12.163670503416643
3903,8.551860976535128
3904,17.91059736447388
3905,13.430559498088027
3906,16.73084840604608
3907,17.482144654443246
3908,15.003115673099
3909,10.717350476839897
3910,11.536327484670956
3911,13.121120728474349
3912,18.62736265477068
3913,13.758328664214375
3914,18.865981991025066
3915,13.5744933214255
3916,18.488465127851278
3917,11.225091650395
3918,12.683372357022959
3919,16.586638386827836
3920,18.899448935220367
3921,15.352797167444898
3922,17.70590795623652
3923,20.504979644454465
3924,12.331744983469004
3925,18.852446769908358
3926,14.731172020506408
3927,19.265304790893772
3928,21.81982435185501
3929,18.371085092583513
3930,15.165240563358095
3931,8.86866575032441
3932,15.261333531867114
3933,18.54111520453203
3934,12.139501781491443
3935,16.261644771922334
3936,17.149063502328794
3937,12.808753178052356
3938,13.570923744593237
3939,12.664727687975995
3940,14.98203951013149
3941,16.70646210647687
3942,12.83831508678445
3943,19.169928378756772
3944,10.152742955196462
3945,16.49518436042917
3946,18.61398959333232
3947,17.200275142427685
3948,16.883507271712247
3949,19.132414275840084
3950,15.065538993266623
3951,13.390739216309226
3952,13.990444478188481
3953,14.67312044550116
3954,11.732206150156497
3955,19.34423157612907
3956,21.24224059675514
3957,14.202352871862887
3958,17.67957090674775
3959,14.475545306093567
3960,23.13722109670764
3961,19.01766287485851
3962,11.551622726841305
3963,19.144992758535047
3964,15.005082180700674
3965,20.40085876662107
3966,10.957933970608254
3967,12.982189102455202
3968,20.0400497377587
3969,13.508753333558552
3970,13.019307019106755
3971,17.535789109330924
3972,12.889212458009844
3973,13.557941324653289
3974,12.905938481991988
3975,16.996996960257924
3976,19.299176543326965
3977,21.226269333037173
3978,16.92020501391064
3979,18.18458942369154
3980,18.167654857685097
3981,18.66331148262774
3982,11.386926156125604
3983,16.70882360755683
3984,13.127676504222334
3985,11.519866991460024
3986,13.132763363543441
3987,21.9997748035428
3988,19.243773665061752
3989,12.97310552025234
3990,21.908869050786468
3991,13.882649545786702
3992,24.06481624661268
3993,16.596076011339697
3994,14.864854332525516
3995,12.98565326774132
3996,18.012548528070035
3997,12.618477178572244
3998,15.319933915867386
3999,15.72494427797239
4000,19.072251292951474
4001,18.262204121492125
4002,10.881314358055626
4003,11.122118797802997
4004,19.923329620358516
4005,15.524508787833879
4006,18.086960690194033
4007,13.74976195946933
4008,21.57580497235113
4009,14.76176803760053
4010,21.776825773313902
4011,18.694789014594562
4012,16.695562384561956
4013,14.882801224754509
4014,18.371652163633797
4015,10.498103576551399
4016,17.901173540744153
4017,12.082921197046911
4018,15.419755559445372
4019,18.018609915139983
4020,24.48171988198832
4021,16.63472528615962
4022,16.877605102573582
4023,15.424093675564936
4024,14.242551258578114
4025,15.491120547063135
4026,15.988820009835967
4027,11.196191275650886
4028,20.252700494204245
4029,13.246066893779904
4030,16.99711088030709
4031,12.896354627185055
4032,12.980287252503913
4033,13.381000464040426
4034,14.615336097516716
4035,15.542091219734884
4036,22.502199832658228
4037,19.837911896285092
4038,15.231505331720795
4039,15.584356339682673
4040,17.996387323915513
4041,20.93997955261284
4042,14.59290066547172
4043,17.73347079238873
4044,17.33964475628578
4045,24.06780921570406
4046,16.520938252043806
4047,12.23658659557788
4048,10.414228713943421
4049,11.94094039628375
4050,13.420685972925245
4051,14.090796309680739
4052,16.589773900676434
4053,14.99063247920542
4054,12.925023250089865
4055,21.07745527583777
4056,17.8333115999596
4057,13.860895130910894
4058,20.1418870052319
4059,15.273322684253019
4060,24.421169581660514
4061,22.252013861230537
4062,13.299320374725482
4063,13.424145958784608
4064,13.162566808239287
4065,18.979832523419446
4066,16.976914634198394
4067,22.564445623137857
4068,14.909476072224985
4069,16.598071689231304
4070,15.222433960976927
4071,19.00526224913054
4072,17.64214591126197
4073,13.938596902715444
4074,16.47617954279711
4075,14.465585761534946
4076,14.316513256041082
4077,12.282442800638217
4078,19.878464843895152
4079,13.124171375689356
4080,17.610533890225845
4081,15.99954179494531
4082,15.82509154335344
4083,17.544141575594292
4084,13.604592982314527
4085,8.322952074718525
4086,16.255816842461435
4087,12.327162828244866
4088,16.23397060175654
4089,15.030905454124044
4090,10.103961374998317
4091,20.644815060817397
4092,13.320437643940679
4093,18.569340889939273
4094,20.052508466888536
4095,15.945192274872822
4096,18.260475787813085
4097,17.351189189877502
4098,16.9455095015363
4099,15.547347439918306
4100,9.102148791986242
4101,16.39194513785094
4102,14.550836522328838
4103,13.387072345231726
4104,15.764745521667836
4105,15.174283762352818
4106,18.645530388907467
4107,18.268953547983738
4108,13.880334520752836
4109,17.887621483639997
4110,21.438564065467432
4111,12.704662779593987
4112,25.43605282053715
4113,17.51402907454535
4114,9.71492659096975
4115,9.668634256202084
4116,13.28560724387047
4117,15.068936684453055
4118,10.860159135972868
4119,12.266849580231026
4120,15.522760907846608
4121,12.494316056558628
4122,10.717120625322476
4123,17.371353052996795
4124,15.653346696976424
4125,10.867283078606846
4126,20.942660962069283
4127,17.80069870599907
4128,17.45990534788774
4129,14.618165786967177
4130,15.049566529753102
4131,15.929267864027366
4132,12.640619101613977
4133,14.046573002057679
4134,19.45245580709495
4135,17.855611973732394
4136,14.082244678707575
4137,12.423438435726235
4138,15.808891282577198
4139,12.564115401952101
4140,11.536528195278695
4141,17.076515997081003
4142,15.037656195825738
4143,21.300836206434425
4144,13.140681430493025
4145,16.32470301389837
4146,17.972241967832765
4147,18.240943599220778
4148,14.848219014858655
4149,19.922995587853016
4150,11.523278110484892
4151,14.837683633936726
4152,14.243454080258374
4153,19.95220767437361
4154,18.529553911614595
4155,12.68279832605523
4156,10.829324089015572
4157,17.539449309244546
4158,13.044023449774443
4159,10.261112034436787
4160,9.798218079997929
4161,12.73971688572342
4162,13.167207671705798
4163,11.256970570226471
4164,13.985860050674187
4165,14.730216150682484
4166,19.67840698296265
4167,9.119707288487604
4168,12.590211848402957
4169,17.589403312563263
4170,17.194798497604303
4171,14.116983022294228
4172,16.055063574625635
4173,13.04333379171251
4174,11.793860474321917
4175,12.942212173484421
4176,11.208750847138699
4177,17.991604214612803
4178,19.24675601514032
4179,12.389756055878765
4180,14.482273083991418
4181,16.330942086297
4182,16.754951373948938
4183,13.618912555171567
4184,18.44475764906278
4185,9.829305076398539
4186,23.022367251552254
4187,15.563187211265694
4188,10.45275106123742
4189,16.368863656364397
4190,19.32074709456858
4191,19.79630483744092
4192,9.208617638294054
4193,13.435129970629633
4194,19.892164465952845
4195,13.391985112086546
4196,15.57010797389327
4197,15.5557347043289
4198,11.921652204089604
4199,12.32816797455575
4200,17.806989813008094
4201,15.2398180900456
4202,15.308158842222399
4203,21.330175372986652
4204,16.14338124954864
4205,12.872204999924264
4206,15.339415956056657
4207,14.763317063074178
4208,13.234216812348258
4209,10.807642333659114
4210,21.843236310626047
4211,20.377929190473303
4212,16.69537170260231
4213,11.022824118435272
4214,13.007891922763218
4215,14.016302922045826
4216,16.536152372055213
4217,20.111402837405542
4218,17.151828821556034
4219,14.789228216980659
4220,14.85156886826636
4221,19.809332108535912
4222,10.501488579606358
4223,16.32175406840414
4224,19.736094816508025
4225,15.355118670055077
4226,18.632035789434916
4227,13.875012316662055
4228,14.996870632620443
4229,15.90759788280911
4230,19.654272911425004
4231,13.227005444229974
4232,15.776019188523653
4233,18.599348115539556
4234,12.84217564647576
4235,17.686317180430894
4236,11.199449441754508
4237,14.234305341686603
4238,23.359985609360663
4239,15.157779922463574
4240,12.912384813944387
4241,13.668207654227832
4242,11.552005475414356
4243,15.389226932477968
4244,14.57995497462385
4245,15.026193995306514
4246,18.078006917678252
4247,12.505181980421
4248,16.770427827191902
4249,12.629136383032922
4250,21.629952387520092
4251,15.559374463367583
4252,15.850992836215262
4253,11.425773800556438
4254,19.379915253044405
4255,15.605944528815177
4256,11.641553036827895
4257,22.410274650389965
4258,12.384218624271355
4259,13.959908098053653
4260,15.291999572578659
4261,14.806337722393534
4262,14.260678871237882
4263,17.824868089157036
4264,13.947607682795939
4265,10.014356269092143
4266,18.056241387249187
4267,14.999092734499595
4268,13.069580731581032
4269,19.939611137128246
4270,17.7934953570166
4271,17.416500057803667
4272,21.900610005548415
4273,15.774632880897665
4274,19.53943362692938
4275,13.152766806278272
4276,12.613163066685072
4277,14.637416502305703
4278,15.518910112298865
4279,11.604912608774477
4280,12.972397543369956
4281,15.341425356363212
4282,14.864161357157991
4283,19.814170780628842
4284,14.391251723210068
4285,13.884797104721482
4286,11.176416184427435
4287,12.68762963569754
4288,11.715976576777212
4289,15.714591380298646
4290,17.281347527732493
4291,16.87839537979886
4292,17.39878158410828
4293,13.64494852649974
4294,13.463446213902007
4295,12.84741797753952
4296,19.934350270540413
4297,22.99685961166871
4298,14.164436282579812
4299,18.08309928293156
4300,25.154530653253616
4301,12.54357916679264
4302,11.339241933382784
4303,16.81678704600256
4304,16.22203450101115
4305,13.756629626337457
4306,19.176308601059404
4307,17.736168798121348
4308,15.702248232037881
4309,21.9693649026134
4310,14.270326021851634
4311,15.597454707727662
4312,19.846373556585647
4313,18.208612658944844
4314,16.31560490645203
4315,21.91244989796966
4316,21.063861121075803
4317,11.771522505418021
4318,18.896358413194022
4319,13.218845007517182
4320,15.113454879900049
4321,14.157421886324018
4322,15.113978782979853
4323,20.83805096992328
4324,8.713220938357084
4325,13.997530036594538
4326,13.770375507876478
4327,16.256633852482544
4328,17.730256281793217
4329,16.74343581643003
4330,20.220857652122696
4331,9.117672932504334
4332,16.956576001614266
4333,16.332748792474433
4334,11.802593465250162
4335,17.86698385966591
4336,16.787718188726714
4337,17.70243283605314
4338,21.451997358257557
4339,20.061684469213738
4340,16.79711789560627
4341,12.157656142393096
4342,15.75799396069909
4343,13.917785535970921
4344,14.037280318261338
4345,12.851225737187171
4346,19.319041982023165
4347,16.576401288103465
4348,18.918410889682626
4349,16.945522366334735
4350,15.561370227102229
4351,13.869247400229371
4352,16.919421570748668
4353,14.23668463989844
4354,12.632115272135369
4355,12.821319798972512
4356,12.040756758927774
4357,10.432570221736249
4358,11.965613412952003
4359,14.57704256600273
4360,14.727873194355674
4361,14.372484875434953
4362,21.608710998776154
4363,13.532926656666792
4364,11.906091867672746
4365,18.453800701693343
4366,19.407268658398547
4367,15.528276049702994
4368,15.446577526941384
4369,17.7886302711513
4370,23.34043427259403
4371,15.070648471791642
4372,21.992749800882628
4373,10.38955913498532
4374,15.879119967689734
4375,13.861539094180026
4376,17.023141141228656
4377,22.781417124860653
4378,22.440722241030663
4379,13.731002600548866
4380,12.350447015429427
4381,11.877825330469918
4382,12.4620967812493
4383,17.824250134570505
4384,14.559881326180284
4385,11.56870343431936
4386,10.756957900554024
4387,17.133068453690242
4388,11.447219607087229
4389,19.422287007476115
4390,19.440447509481956
4391,9.433280224388811
4392,16.877834649628305
4393,19.37638520484402
4394,16.70247716834404
4395,21.457245846979347
4396,11.812072740883435
4397,14.914315949322603
4398,12.04670500644715
4399,17.903696948008445
4400,14.37476681389172
4401,22.767776108500577
4402,14.157112919587012
4403,13.063687518196279
4404,15.309513388770034
4405,17.327268223351645
4406,15.8562489152087
4407,17.22137168443706
4408,19.741733623210344
4409,16.347966377980054
4410,24.811506772252955
4411,13.305267721099138
4412,16.547256978983995
4413,17.935651944460894
4414,12.067283481823058
4415,14.148967014149104
4416,10.979059286958417
4417,18.641685782095628
4418,14.866632913486388
4419,10.46501047645879
4420,15.63607497706205
4421,15.083695900945395
4422,11.536971050760972
4423,20.709470491290823
4424,8.436050845576702
4425,21.988773437792602
4426,11.538237921271707
4427,18.20463036338294
4428,14.790981656001989
4429,16.31310507929063
4430,12.829884655208309
4431,14.48361553595998
4432,18.06895160474528
4433,19.49125957542722
4434,18.42479428504624
4435,13.80904431653182
4436,15.379897221354181
4437,22.563242095156802
4438,20.41808859906284
4439,11.571173727621394
4440,13.798975866874091
4441,22.25686389867093
4442,13.882769982588025
4443,13.70901161594438
4444,15.56114030816857
4445,15.529802983670729
4446,14.454039991441023
4447,15.70194689841568
4448,17.408366174063744
4449,15.91249254006977
4450,10.891851522232631
4451,17.890793021906546
4452,13.19016295816414
4453,13.825197686779362
4454,14.318577784536638
4455,13.623920515194442
4456,22.65220391689035
4457,16.674666599067336
4458,13.228216111364041
4459,14.864241629474636
4460,9.840283243785741
4461,13.033128084449512
4462,9.237640360575327
4463,15.475354286895625
4464,14.310359395888915
4465,17.352623406627004
4466,19.380801493424038
4467,20.675551964594664
4468,17.34435138357361
4469,21.885379562301956
4470,14.567840988856073
4471,18.27841591990422
4472,14.587845691083409
4473,18.360443172137632
4474,11.289820611026675
4475,13.081349822995092
4476,15.407373289334306
4477,20.744000212888366
4478,11.797165053620457
4479,9.361100200475029
4480,19.738452113587385
4481,12.892059511102786
4482,14.25100251023556
4483,13.162216426751637
4484,12.20400193935206
4485,11.466661408633534
4486,14.017442921397704
4487,15.638476395166164
4488,18.056319535909523
4489,15.8444836575917
4490,18.580502642491133
4491,21.509953105244684
4492,17.958550022044648
4493,19.58680718130345
4494,15.66960218612296
4495,11.658436416257842
4496,13.541357552469636
4497,14.029583609548537
4498,15.534055945647713
4499,18.114713798231882
4500,14.499887800630257
4501,12.60821547171356
4502,12.025821773132234
4503,10.71730477119678
4504,16.16802328424105
4505,17.583648041048257
4506,18.970022158038745
4507,12.612962831356787
4508,18.58021657026302
4509,17.04334639217081
4510,19.89534147029707
4511,12.93422605489343
4512,19.619762630440775
4513,22.35608177195541
4514,16.133757044681737
4515,11.721937232054362
4516,12.82174682338109
4517,16.830211453257427
4518,19.506840834884102
4519,15.994826605760368
4520,18.016314889723915
4521,15.33470526893521
4522,14.744545892387197
4523,18.25322952991163
4524,17.939047051983454
4525,18.57637663395449
4526,12.828205570346302
4527,23.215333688343208
4528,22.394447245328806
4529,15.44432728718667
4530,14.814216502959269
4531,13.810276238886495
4532,12.594489918828014
4533,21.275068530575716
4534,17.87350231372516
4535,16.994845307101205
4536,10.131983839344723
4537,10.067783264065524
4538,14.910827201896725
4539,22.596480778017124
4540,12.54439466874466
4541,15.842233029965946
4542,21.179484763006037
4543,11.745813366302125
4544,16.03005202214475
4545,15.075915293677891
4546,10.138003336774341
4547,14.084847205711906
4548,15.277763471769811
4549,15.309106682461307
4550,18.577157104769586
4551,16.91873666168337
4552,12.415465240799895
4553,19.884726724248026
4554,17.824659994749794
4555,18.73257525755772
4556,9.804150198845218
4557,11.727735796944664
4558,12.351286586439098
4559,11.515463867126154
4560,21.530511677265487
4561,10.00741066866827
4562,11.404212413770809
4563,15.285975850643943
4564,16.90045704096957
4565,14.734732125459882
4566,18.879870307239237
4567,16.431237371012557
4568,11.236811517316875
4569,14.178234342914628
4570,17.945518240764372
4571,13.553855966511325
4572,15.44878455555026
4573,18.786337840823094
4574,14.566372547261636
4575,13.023458801061626
4576,22.359632083874345
4577,12.971222797591434
4578,11.859575159673152
4579,17.461773215172926
4580,14.456536566279832
4581,17.872155180465278
4582,23.543553241912647
4583,15.969236434777072
4584,10.546245094916232
4585,10.198955888528213
4586,11.663175922461352
4587,9.565544162408179
4588,13.440769487852538
4589,10.152217573241453
4590,9.8395188472251
4591,16.676644905712322
4592,16.574574221349515
4593,18.339762906749193
4594,22.095556312562465
4595,16.06508086525688
4596,13.769270179030855
4597,15.460547944748923
4598,18.675164766609377
4599,18.658507016109727
4600,12.278564883773559
4601,17.655699631507503
4602,14.21987256927858
4603,12.717857543968313
4604,12.268695686680214
4605,14.553976865561392
4606,17.413239675456186
4607,17.60039057113751
4608,18.118784462164193
4609,17.866277361644073
4610,9.20892204948735
4611,13.940686698447319
4612,11.293395750006503
4613,19.566802262445677
4614,10.977452470696702
4615,16.59660398112679
4616,16.716277170960417
4617,12.993480208726771
4618,23.977146307347482
4619,17.07978616330353
4620,22.063264909788124
4621,11.320021792136934
4622,16.39953731706731
4623,15.696953278125386
4624,19.225425459709044
4625,12.010753823688944
4626,18.36483615663723
4627,14.211307384971727
4628,20.66484651273226
4629,14.503692633264412
4630,19.3457565686346
4631,15.835744245441408
4632,18.576864433604783
4633,10.648613520579097
4634,16.90604545377027
4635,19.665381859897913
4636,16.33300463740469
4637,11.398290147389638
4638,12.469460217716005
4639,15.829321407969596
4640,16.64899039580846
4641,11.201659778722519
4642,18.069338192941665
4643,15.147457042403664
4644,9.62077205563029
4645,14.448210451080845
4646,7.534832795910074
4647,17.99187830826194
4648,18.59510321409082
4649,15.008904005560698
4650,13.474269167207018
4651,9.201217857103305
4652,11.088051757885935
4653,11.395778918085997
4654,13.303266568520538
4655,16.272075712617227
4656,19.158650527481342
4657,17.114939153237902
4658,10.122568990240545
4659,19.317876919372488
4660,12.677985243623972
4661,14.04162794809767
4662,12.10721955619022
4663,14.132835257207532
4664,14.239292143454463
4665,12.207804399478087
4666,13.646748648470528
4667,13.034738071768317
4668,20.474059372423966
4669,20.161486566925507
4670,11.724324568548887
4671,18.888145240755094
4672,20.58296820598995
4673,14.37591847974603
4674,20.526470154063503
4675,17.927025178197354
4676,16.862983352715553
4677,18.819883709024268
4678,15.710393969645946
4679,9.17724972564348
4680,17.040767312116273
4681,16.76715744153403
4682,17.16912922925159
4683,15.530197428031782
4684,13.295756285034972
4685,13.56342221000616
4686,15.125636648000663
4687,18.116891721316016
4688,16.354979387553136
4689,20.00999952103404
4690,20.262077117927497
4691,9.669582982395351
4692,11.286181970506023
4693,11.457678034490606
4694,13.547639773804644
4695,17.46514787560801
4696,17.38334178907708
4697,17.206207676567658
4698,18.653300374393865
4699,13.446852914207337
4700,10.433901531139176
4701,17.10868790927119
4702,18.887587405454255
4703,13.781862139024415
4704,17.661313217036486
4705,13.678181578303924
4706,9.54927357878337
4707,18.306770361528606
4708,17.453321627466075
4709,13.864491699019872
4710,18.304997741507364
4711,15.053258486347447
4712,15.494103648415576
4713,16.534180002929947
4714,22.536663341280068
4715,11.477575551437479
4716,20.009654618718706
4717,13.51834579136803
4718,16.631018798781945
4719,14.445451722070866
4720,10.64375812557974
4721,14.245723796721736
4722,18.447132089215195
4723,12.720376338298475
4724,17.114130539769597
4725,12.497419724725747
4726,10.473312782309229
4727,15.126887790684085
4728,12.78723397014363
4729,13.978673326502046
4730,16.18854356169964
4731,12.672491663034268
4732,16.940765953385178
4733,22.175025030004925
4734,10.421126258470853
4735,12.558145048053213
4736,18.564696238060606
4737,14.82708463918896
4738,16.643833994672896
4739,22.582639624080187
4740,17.65088729840153
4741,20.481328129975648
4742,17.325233077774804
4743,20.69173690512558
4744,13.358509794654527
4745,21.834592245687844
4746,14.509671434233404
4747,10.192044235255464
4748,12.763525468933176
4749,19.133571364865126
4750,21.616700217141922
4751,11.681408472953201
4752,15.641687927477854
4753,15.817006697382267
4754,13.294287857424958
4755,12.0060168049325
4756,17.275822039628615
4757,20.08693215230776
4758,16.346604651446476
4759,11.922770601345839
4760,12.041446482186103
4761,17.124482989822262
4762,15.760405697501165
4763,17.7222997622709
4764,16.499880345723497
4765,17.184926854119254
4766,17.13395123570671
4767,18.652387626641428
4768,15.53189183241035
4769,12.711336643797498
4770,14.256903817588293
4771,17.11089745149816
4772,13.758705223391248
4773,21.079616961894036
4774,13.220112782404772
4775,22.09168988479273
4776,16.143225228601587
4777,15.498745425470663
4778,14.990239750323633
4779,19.030080168950867
4780,20.895654725750887
4781,14.853883295310444
4782,13.295160223936822
4783,9.516156985798904
4784,12.82378868914529
4785,18.112801857650773
4786,16.680556123567698
4787,14.473984234230587
4788,15.718620301885808
4789,20.612055388401416
4790,9.805468157995147
4791,10.345579037571024
4792,21.528195748692056
4793,14.104053972533706
4794,15.941924062137977
4795,13.22539764974921
4796,13.017689646833288
4797,19.484120789805814
4798,14.916388842619556
4799,16.7033121898262
4800,15.767371568237568
4801,10.264255427375257
4802,14.395898205660611
4803,15.045541153237012
4804,14.789911111443994
4805,22.178182673764844
4806,14.634852801217747
4807,18.66243122589507
4808,17.258878322622593
4809,21.318987994540947
4810,16.557885960242537
4811,12.168522810678473
4812,23.965952212366574
4813,13.701853805004442
4814,23.223194114502284
4815,19.043019164075584
4816,13.98155738537932
4817,14.85787834280114
4818,10.061999714627381
4819,14.612628368081682
4820,17.12217237228313
4821,15.23875970055868
4822,18.17239825178929
4823,14.981643070229243
4824,16.164040617257
4825,21.07504793161875
4826,9.880942940451515
4827,15.495254196911874
4828,20.966305127345116
4829,20.471310236599574
4830,16.446641743867886
4831,18.201089853138182
4832,15.320934551052387
4833,11.951891947595183
4834,16.95862704467413
4835,19.22523424762985
4836,16.394209274685835
4837,12.496674431328191
4838,9.851560224467745
4839,22.665801584095732
4840,9.470798367885902
4841,19.23237207402031
4842,17.9096024656004
4843,21.588279890138473
4844,12.983477727143187
4845,21.824748121301184
4846,14.32241230009175
4847,13.54056345275035
4848,10.29357159324709
4849,19.90255148554973
4850,19.67685905001578
4851,15.032242645630562
4852,23.72511359601787
4853,18.180378106139518
4854,11.233015532255918
4855,12.498536406226462
4856,11.355134919361891
4857,13.84786233077962
4858,18.894027598605717
4859,17.316740681313654
4860,10.40468163110938
4861,13.947602240275277
4862,17.75818539549435
4863,16.254706243792434
4864,11.693633501290432
4865,16.066426073296206
4866,10.05431088757905
4867,13.985937971705539
4868,13.276336794144921
4869,15.471720820924107
4870,13.503093364604142
4871,23.03519145946693
4872,15.452805776744222
4873,13.233767547410888
4874,17.139948236979457
4875,10.425132580364233
4876,17.73196727312917
4877,11.519063875113455
4878,19.369847121689176
4879,15.200392060873488
4880,19.037103938989638
4881,19.10066936581829
4882,12.43976333954383
4883,14.168588937202392
4884,13.939830678512607
4885,15.49655416729482
4886,19.29664222520296
4887,20.058823992958686
4888,22.66712776421653
4889,12.610534934183185
4890,18.221136929583515
4891,11.000539504992968
4892,17.021465742995723
4893,17.4225588307227
4894,13.63901420206431
4895,15.365086047119009
4896,16.72257359330321
4897,13.757891866827595
4898,12.837059657190236
4899,15.603054157955185
4900,20.30929782914545
4901,20.89959792868992
4902,16.014902456545403
4903,16.90741048314483
4904,11.638405157012247
4905,16.783685642612404
4906,12.763913774165774
4907,14.96990461727801
4908,12.840175581773803
4909,17.74815942367762
4910,18.588576634364067
4911,13.428280495965241
4912,12.947605236922609
4913,11.295626450561892
4914,10.034193363903334
4915,15.41514821099745
4916,16.79633747909368
4917,17.512426712285436
4918,15.03950241496997
4919,16.0960572338061
4920,13.454738286430171
4921,20.92825260066627
4922,17.376306921945876
4923,14.106061946734393
4924,15.708163405842319
4925,14.368867927859126
4926,15.571711311781883
4927,19.424764460499475
4928,15.552114802435542
4929,16.711843893321365
4930,19.176325181874397
4931,17.045827156214415
4932,10.71931177119701
4933,10.712059853243161
4934,15.426525767594361
4935,11.009040669447494
4936,16.480122345246095
4937,13.773995781889694
4938,18.76275707985006
4939,22.317241236689135
4940,25.27432813129473
4941,13.498508338097807
4942,13.809326649598535
4943,15.895711298464098
4944,18.51140102612255
4945,13.14610230544267
4946,12.479078714462629
4947,13.522370806613049
4948,18.255105042447163
4949,11.56319879246367
4950,16.67510935163356
4951,22.043796627386648
4952,14.774105059090301
4953,25.385926489581536
4954,16.064099570541387
4955,16.057490790824176
4956,11.932701738067772
4957,16.489874913503613
4958,19.586460333328617
4959,12.995063661446107
4960,17.87779149357219
4961,19.678251219241012
4962,16.242982200713186
4963,19.2011243495216
4964,12.096122858998283
4965,15.843744128759713
4966,16.864069233191767
4967,19.65024911572568
4968,22.0083594966582
4969,15.008277293139583
4970,17.115628736137346
4971,10.643212563814924
4972,21.71018617467208
4973,11.763164909494412
4974,12.264309081889536
4975,14.378831728114692
4976,17.730539830887786
4977,10.000747884172231
4978,18.28752092762607
4979,18.626851980152534
4980,17.163305650552935
4981,20.89367984679744
4982,23.14359062520328
4983,18.01255640806957
4984,16.925577952435738
4985,13.277637820820456
4986,16.354513300508508
4987,10.603006203577628
4988,16.84725837712233
4989,12.09520583618531
4990,13.60699524408233
4991,12.610023936838008
4992,11.870613190418464
4993,21.655959107954054
4994,16.937332669163613
4995,19.413005738017848
4996,16.399307330050327
4997,14.043282203041928
4998,9.46349122076882
4999,13.98651355185068
5000,22.590119914976178
5001,18.04701877331754
5002,12.930165166999561
5003,11.098607541343952
5004,17.932196650306423
5005,14.984278350871714
5006,22.690392805879277
5007,17.829435047752796
5008,13.82907880823937
5009,11.514220159624784
5010,11.544850161938069
5011,19.870394115691248
5012,14.038577946444127
5013,20.77492362374658
5014,17.921146269239664
5015,18.783737475302082
5016,18.74184440129914
5017,14.920230598956431
5018,14.885973605699089
5019,16.187717976139574
5020,16.167414294051778
5021,15.24334723000941
5022,17.03054907183646
5023,16.358018078288282
5024,16.351513879899443
5025,13.3796653600185
5026,16.092141203235308
5027,22.461374114810212
5028,13.412740702223768
5029,16.15354979259704
5030,10.920901421983569
5031,15.833566562606146
5032,12.008290131516985
5033,17.098446304654342
5034,10.592698342686674
5035,21.08985520621213
5036,19.867305658525083
5037,13.463518671736276
5038,13.022664661375735
5039,9.85270353938415
5040,14.570024632758921
5041,22.313750609838912
5042,11.037366276515183
5043,10.532921235333873
5044,16.76743154208401
5045,10.949887918252333
5046,12.766270039537241
5047,18.46731440494772
5048,13.575839921563645
5049,20.590242659389258
5050,9.6009442354877
5051,15.335170804880423
5052,16.293072211710097
5053,15.29057529589133
5054,18.678407625654117
5055,21.089734834967132
5056,15.761170821655485
5057,15.800464000628692
5058,14.072734556331337
5059,15.2539617392491
5060,14.042704547102717
5061,15.675783238644414
5062,12.618895311866126
5063,14.55796168192097
5064,10.463744836922736
5065,15.636955371244698
5066,17.72848114443878
5067,17.948304351897633
5068,12.353542735549706
5069,17.256112261879785
5070,19.94314358215785
5071,17.030165919578586
5072,20.319310839242
5073,18.036626960533155
5074,12.556149975627598
5075,10.14334641889491
5076,18.93264567333279
5077,12.317101069100923
5078,12.92389021470404
5079,15.083351399067112
5080,12.522061086045895
5081,11.925410870414455
5082,12.961526049684204
5083,17.31841989847951
5084,11.924848150207193
5085,18.66572153766505
5086,14.032322463998366
5087,18.92680188546894
5088,18.321825407833934
5089,13.672171083404123
5090,10.761173593288522
5091,21.72879104610162
5092,12.410339970502513
5093,17.60064883989568
5094,12.985273193927199
5095,14.71304525327531
5096,13.748861865096055
5097,21.404067941522413
5098,13.992617424727127
5099,11.762845481301804
5100,19.402369555118455
5101,19.633860337448873
5102,16.259939803581105
5103,15.12242616662562
5104,14.56708611334328
5105,12.955366380173448
5106,14.870760520359026
5107,19.129213037161023
5108,8.381283704610029
5109,13.047345549518651
5110,22.682241844711648
5111,20.106411940382777
5112,15.048737581064264
5113,11.014377943343968
5114,13.717920750592368
5115,19.213205725069233
5116,12.120983896945873
5117,22.227917430468892
5118,18.56077470936973
5119,9.82353536483281
5120,20.018722651843177
5121,13.111495161269673
5122,16.02817658119133
5123,17.010651630486098
5124,22.71850883511879
5125,21.958274300774654
5126,15.325982883271843
5127,14.555405313139476
5128,15.165153070223719
5129,23.291202165369498
5130,16.98008069460078
5131,15.703568446326653
5132,21.006582526605797
5133,14.965130318189827
5134,10.73796037552845
5135,17.46052071803409
5136,17.63735367486815
5137,19.479356215363744
5138,14.60358584310611
5139,22.880625795463928
5140,14.679512744461688
5141,13.896217144330858
5142,8.314907479877144
5143,17.116502737378198
5144,14.568645055946499
5145,11.804389959862807
5146,18.403376577886746
5147,14.801130199118683
5148,13.76432485094779
5149,18.425182038887215
5150,19.017680798166424
5151,14.695304194132614
5152,14.824504312393946
5153,14.48783179382718
5154,12.379091567320332
5155,15.985449274313103
5156,15.819326367665612
5157,13.492218880881143
5158,20.162693373645354
5159,21.173567384042563
5160,11.708456442342571
5161,15.552672777630873
5162,25.2112134354717
5163,16.68960386994823
5164,10.2383423797286
5165,17.183998597201274
5166,21.718357650632413
5167,10.93061447716173
5168,11.807279674738622
5169,17.804446306635896
5170,17.14961754342557
5171,12.303116010221082
5172,13.443254380404637
5173,10.998153856988756
5174,11.570621050641641
5175,13.444113492066933
5176,17.23981988651532
5177,16.499166696280778
5178,14.078850928671242
5179,19.817644686985517
5180,12.135546091536565
5181,10.909086379445469
5182,16.48272529284099
5183,14.604138345655997
5184,18.36390157417369
5185,16.12837644107313
5186,14.040904468685556
5187,14.076807148104756
5188,20.349087571162826
5189,15.513332145452752
5190,18.819495008748653
5191,16.668347934348134
5192,12.455272921826
5193,13.982162307826702
5194,13.62751144423266
5195,18.784242519467224
5196,19.111162179196732
5197,14.70161422905775
5198,14.456371510878588
5199,13.431263456979556
5200,14.661022324924959
5201,16.667384393566422
5202,16.575529295547
5203,18.35584986999541
5204,10.697932607512989
5205,21.738960787941593
5206,13.939589048070543
5207,16.050924583358103
5208,12.163181442925634
5209,11.41175656079496
5210,10.887898840958037
5211,21.163461435251993
5212,16.84303334886214
5213,14.654724266577029
5214,13.601155324056233
5215,17.564657046439535
5216,11.101518050096423
5217,20.31854813347278
5218,14.826403906109272
5219,17.645993157159488
5220,13.589440487781903
5221,21.325862971845943
5222,21.181527686458153
5223,22.65159277602244
5224,21.293527194079203
5225,19.684399519075036
5226,13.160403368827167
5227,16.302042974407897
5228,15.034531735393903
5229,14.254982587406102
5230,11.835021072996303
5231,16.663493118801036
5232,24.791970281147314
5233,19.444982330504843
5234,10.134210463725939
5235,21.243547598854214
5236,16.688371688753485
5237,20.58850911367309
5238,11.571198966073592
5239,20.527345600585
5240,9.313275971581996
5241,18.385967054293125
5242,12.41742298113625
5243,14.14155606622314
5244,15.884276970556082
5245,13.498776884455635
5246,14.55054695773951
5247,14.066908576898925
5248,22.90964643874093
5249,14.826546396294093
5250,19.099873450062237
5251,15.271364251574497
5252,17.803191512417627
5253,8.732962498815729
5254,12.227359136246342
5255,14.484455333910907
5256,13.3648893206276
5257,17.374629993910197
5258,14.230909964409728
5259,14.90460414899237
5260,14.776943199072429
5261,21.475057759396392
5262,9.456506974654467
5263,19.27162650283133
5264,16.196272111623976
5265,21.217048692856707
5266,15.41859773185033
5267,10.94748851301305
5268,17.504767913868726
5269,14.03267326529933
5270,10.92725482624979
5271,14.571315737846376
5272,15.311395197532953
5273,18.695256642632692
5274,13.379542920391383
5275,14.085373031057328
5276,16.778637469298005
5277,11.013902925212047
5278,9.559974587731098
5279,10.914921824870124
5280,12.686194035274813
5281,13.491265328877484
5282,12.415454262817839
5283,11.677200930921682
5284,15.954794003104196
5285,10.260970643878483
5286,14.590671298305411
5287,14.305968921593623
5288,12.26601731024827
5289,14.038375515279542
5290,20.794512173728975
5291,21.897722306996293
5292,10.301859335564835
5293,14.151133963060998
5294,16.27019992647555
5295,18.373889990375034
5296,11.330841163787674
5297,10.181846532976142
5298,16.292857099427138
5299,13.947020775391696
5300,13.688483257551425
5301,14.987414902063007
5302,10.339702229136083
5303,13.953713369858379
5304,17.227823959581478
5305,10.721434052997143
5306,16.77526240875911
5307,14.9602524716264
5308,19.807135040423383
5309,16.64672721829954
5310,14.466531932661836
5311,18.000667193698924
5312,14.415413467908035
5313,12.09115027343029
5314,12.46580771961954
5315,17.201514674462196
5316,15.381262518089029
5317,13.294591030821891
5318,15.18382675612819
5319,17.74121423926705
5320,10.43938986707313
5321,17.164584134451548
5322,11.735576479890787
5323,16.88979452453526
5324,11.939855247041677
5325,18.308936996631182
5326,22.553556259888452
5327,17.93006006020009
5328,17.969357532702997
5329,14.433071898408311
5330,16.687597747263585
5331,19.451929860756923
5332,20.487973563212066
5333,17.561805378368284
5334,14.172121649676729
5335,15.670659325520363
5336,16.53500762393169
5337,8.957165590693258
5338,15.18923011823668
5339,11.9383901924238
5340,14.051811427325056
5341,11.827309886717613
5342,14.889594891724686
5343,17.69351202832305
5344,18.759261480591835
5345,16.694918558414297
5346,12.143865372748742
5347,16.584906103055836
5348,18.935841101856845
5349,13.17376642956997
5350,16.124247726375874
5351,20.740945577843018
5352,13.870351884863318
5353,20.30984862307932
5354,14.417786619112908
5355,13.88108544473219
5356,14.050895163944913
5357,20.878169020095882
5358,9.518441691365704
5359,11.38626984302477
5360,17.23504097045469
5361,16.03506003325179
5362,12.740087639817677
5363,13.59273510477258
5364,15.861500113101775
5365,11.446726387889651
5366,17.298050030814238
5367,13.3062121138261
5368,18.237867951294668
5369,13.940631464738406
5370,18.003276720486728
5371,13.076444308244056
5372,17.37500806959951
5373,17.23731551117514
5374,17.20037756266418
5375,16.135730400518952
5376,16.91378278216341
5377,14.490217842864519
5378,11.720721861140314
5379,24.696606395760412
5380,11.43853727535759
5381,12.616175586178894
5382,15.67208517702164
5383,25.009708879216525
5384,20.341292846651882
5385,16.58334843879937
5386,10.67552544745084
5387,23.79739719597756
5388,20.64436945359519
5389,12.919976485406298
5390,22.96380438399607
5391,17.58795234741053
5392,13.411888794783476
5393,15.518813902566578
5394,10.654865093371821
5395,23.26366456854295
5396,12.767149618914274
5397,16.675078198681007
5398,14.561845339311395
5399,17.86688061799852
5400,13.440027289115687
5401,18.919634329955763
5402,16.11940454255148
5403,14.647322868166663
5404,17.899614727755868
5405,21.643803065553485
5406,14.949431520320596
5407,14.799565878005136
5408,18.074119477302176
5409,15.480620042729749
5410,13.20784484155566
5411,16.886810220440047
5412,15.48222523165438
5413,12.522363668691051
5414,13.60693562870052
5415,22.13015513859186
5416,21.576162808442565
5417,17.848882434567216
5418,13.514038909781721
5419,8.989747812968353
5420,20.242097136211502
5421,13.595186812098426
5422,15.954863671822496
5423,23.38918182208689
5424,14.164153231567015
5425,20.566236889659116
5426,15.300187867790124
5427,17.792137622074115
5428,13.386262052805147
5429,15.60390585218031
5430,18.31503295162269
5431,22.89715637953666
5432,12.802116098362115
5433,16.54111066772481
5434,14.714719563335024
5435,13.912891194016634
5436,15.615155846329207
5437,13.943800366793944
5438,18.881167471556346
5439,10.227606703404678
5440,17.847736193976168
5441,16.524819160008875
5442,17.920035887806158
5443,14.693785655723572
5444,10.790380636996378
5445,16.424010124039572
5446,14.408611062594714
5447,15.7862680579189
5448,17.277228823725537
5449,14.157043147407986
5450,20.63283614830462
5451,17.075656156842363
5452,17.41085376876884
5453,17.241248289740415
5454,15.439795492720114
5455,18.628401408089836
5456,19.26413852973996
5457,16.56060170652225
5458,13.14529557897104
5459,14.97152165851222
5460,14.663398519179445
5461,14.72705153029622
5462,10.973110912319001
5463,18.095151309369903
5464,20.20499031301577
5465,22.12355150962467
5466,11.61699561961342
5467,11.111392060577696
5468,17.080249362989328
5469,14.521371222091483
5470,20.229545202771885
5471,13.025548291376113
5472,17.93200041028362
5473,14.171835480509879
5474,15.409537064664892
5475,18.77121728592178
5476,16.44216703943444
5477,17.020153811019327
5478,19.690779168310137
5479,19.71422610212749
5480,16.8953277468953
5481,19.425473282953305
5482,21.277382416849875
5483,12.319281506526439
5484,11.81994558823525
5485,17.35424844783864
5486,11.70977187139161
5487,12.335082150446514
5488,20.765004558761607
5489,14.85627528731673
5490,18.62014548318407
5491,11.782105226718937
5492,18.619124132928093
5493,17.183815829827843
5494,17.76156571949882
5495,8.539734149589847
5496,17.338426410292982
5497,21.863084496032364
5498,10.819946042419787
5499,11.625574851407649
5500,22.39347101601048
5501,18.4334276396122
5502,13.19975517078258
5503,11.91038106056062
5504,14.100049776759512
5505,13.810582829869858
5506,17.68521033573998
5507,17.06695390799465
5508,13.766115841123034
5509,19.228738675540463
5510,16.7692072856196
5511,19.318019907804043
5512,18.112431150957423
5513,14.314842373242195
5514,11.675193903355106
5515,17.548805853979246
5516,17.355400650751818
5517,21.01065519846079
5518,13.512152816279642
5519,10.292691221116812
5520,18.0323033711122
5521,15.271875068613431
5522,18.878785998726908
5523,15.45560009603271
5524,12.013370153295917
5525,20.966044894349395
5526,12.639721448419618
5527,18.654560808565073
5528,14.888505746990438
5529,21.634899852311527
5530,11.561448538087213
5531,18.561150442760532
5532,22.47730001481691
5533,18.076734377171668
5534,19.148392075150255
5535,20.016908766054772
5536,16.90627283841298
5537,17.434506629071834
5538,17.043316813016126
5539,13.042269994020824
5540,12.124261203035104
5541,11.967488927806395
5542,19.607738862621893
5543,10.453170266922424
5544,15.619693616620044
5545,14.868343731702904
5546,17.2468050132561
5547,14.766131420740312
5548,14.541566987005314
5549,10.351692675732277
5550,21.65864055270506
5551,11.90988792691982
5552,16.50101611545209
5553,13.348969669870762
5554,15.841375813205879
5555,14.366382720975741
5556,13.926346536443598
5557,11.536832757678617
5558,15.269997651237126
5559,19.313736408785168
5560,12.820361534826473
5561,9.62060542082979
5562,16.286896603530344
5563,19.257225760853697
5564,14.915998284433078
5565,15.230263967558
5566,15.571678603932648
5567,12.822034819713883
5568,14.424575357724931
5569,17.084974873157194
5570,9.945574559642694
5571,14.437771780331202
5572,11.97568487723085
5573,19.758123931051983
5574,19.875036714201773
5575,23.452047798948747
5576,17.11909936518687
5577,16.915111183765582
5578,19.85289130902607
5579,15.948416646890081
5580,16.64233288844698
5581,17.393136049867707
5582,18.0340912050006
5583,12.829605137637216
5584,16.541523789708265
5585,13.955701194699515
5586,17.255898623926157
5587,19.94417425173478
5588,14.671593570927564
5589,16.52884212109467
5590,15.09087779443296
5591,13.790242283778277
5592,17.441684124757195
5593,14.003866717151276
5594,12.2250013140647
5595,15.260398940266493
5596,10.581454257554373
5597,11.76643075361698
5598,18.05858564856544
5599,17.15747672655469
5600,17.029831191248455
5601,16.594766861105775
5602,14.563157501493707
5603,15.371555816159233
5604,19.69949920100899
5605,15.80941562012579
5606,16.307456605758304
5607,18.207695415840536
5608,22.147141331645464
5609,15.38286790951598
5610,17.22474494995009
5611,21.06405667670023
5612,15.985317608582717
5613,15.162271513808799
5614,10.10484371381984
5615,14.256994824765181
5616,21.155571745799914
5617,13.270873919500247
5618,16.475125762223552
5619,10.520403631114355
5620,9.435647733725244
5621,17.561668386436658
5622,23.01075870216107
5623,15.443205090921978
5624,15.60207252065947
5625,12.449860902558559
5626,18.145505581792168
5627,14.297236408771992
5628,12.930783262024974
5629,16.65278821431029
5630,13.731642353495227
5631,13.454411679251438
5632,12.731416794533086
5633,12.727866509281185
5634,15.940827931590453
5635,17.67137824886185
5636,11.085718368467246
5637,17.32954676539352
5638,13.602450619481846
5639,10.172764871942265
5640,18.672345665573655
5641,9.095812323948103
5642,19.04571389649505
5643,19.236863063038804
5644,14.608944629992646
5645,21.630196742951846
5646,14.416587217118314
5647,11.140289841761021
5648,23.56754460236747
5649,15.459118684161746
5650,14.86746424912584
5651,12.398993379734652
5652,11.469043831109136
5653,17.360686431036758
5654,9.017542363489483
5655,16.196141460233967
5656,9.455068327901518
5657,14.714034706302403
5658,18.95617586879532
5659,25.0103921544899
5660,19.280821347446526
5661,17.668395897287688
5662,15.079765628703603
5663,15.83493979341282
5664,14.861980394785437
5665,22.730533327777856
5666,22.3492856424931
5667,11.646258370441643
5668,14.911593418433261
5669,17.4411270671281
5670,17.856910391515363
5671,18.375700936567377
5672,16.484031116401383
5673,17.142813123515673
5674,12.889005401192374
5675,10.08438966356684
5676,13.77022189759662
5677,21.408521983148013
5678,14.310190671838875
5679,15.042600688702123
5680,16.206137575950414
5681,15.131984088738678
5682,12.040001701427107
5683,14.133180323739017
5684,17.720580389606454
5685,10.314465069070076
5686,15.273107668274728
5687,17.95747030104531
5688,15.071039771498931
5689,24.97391823557888
5690,14.28106649332012
5691,18.667850775010805
5692,16.850694203634202
5693,13.36468224203692
5694,18.30620225271972
5695,17.484818513574435
5696,17.200745919945284
5697,16.044094497215244
5698,19.876653654274193
5699,13.23669925835267
5700,15.320082984652897
5701,17.450407411072348
5702,12.191653120680758
5703,16.45342341603611
5704,20.898813920508694
5705,11.132208951335748
5706,16.27781115064474
5707,8.93666661154917
5708,16.848769913041757
5709,17.31186811640412
5710,15.069710424822265
5711,18.934311242353424
5712,17.251743847636433
5713,14.328836923858063
5714,14.593930564108597
5715,18.9591085067688
5716,15.566190003759763
5717,13.17622615571326
5718,21.669415060336505
5719,12.180344477277922
5720,16.753567449663972
5721,15.06653912990128
5722,23.775665396940234
5723,14.955202013310307
5724,16.457584029775923
5725,13.056867210919323
5726,13.886523623031216
5727,14.27982144461831
5728,11.628796066067942
5729,17.286245772880413
5730,12.747405041610566
5731,12.014862105837192
5732,16.296049430559215
5733,14.802548755299322
5734,10.889073874950332
5735,18.63518427774561
5736,16.00713937569973
5737,12.539644663645998
5738,17.452148645161866
5739,15.486285937735657
5740,15.048531414596793
5741,11.778225890688454
5742,13.781740777462506
5743,22.25744085536897
5744,11.657064848619232
5745,20.40255985683963
5746,13.172587174887925
5747,16.11240918093454
5748,21.160688163058225
5749,10.865559739589864
5750,14.167401919650006
5751,18.783255901716153
5752,14.529544193149812
5753,14.867357362545322
5754,14.275141973862858
5755,16.233403934605796
5756,14.537527893836357
5757,16.30312498078993
5758,15.586281057685968
5759,17.666698883171456
5760,12.73440146816888
5761,15.702381381561898
5762,18.365607167754064
5763,9.522210424003234
5764,12.760102197732396
5765,17.357204216676223
5766,12.06648176470377
5767,16.509498008915465
5768,18.896716234386155
5769,16.650856539517797
5770,13.018254064933997
5771,18.476968513570945
5772,20.50671795878761
5773,18.608445131173237
5774,16.36260937897147
5775,15.529561996872566
5776,16.65673392348394
5777,9.4950320160257
5778,11.964132193086401
5779,18.144147087784653
5780,15.33540227339084
5781,11.046256423177905
5782,19.93727408255107
5783,14.940806556575088
5784,13.138466424964207
5785,14.00318723163455
5786,20.854976228858405
5787,19.33388765890318
5788,16.869879616501912
5789,8.900533865808102
5790,14.698114628210401
5791,11.866727304418456
5792,14.298436601815565
5793,13.822782345438391
5794,10.876543739314517
5795,11.167301825123452
5796,13.628126765453574
5797,18.58690051414107
5798,14.075335550548797
5799,18.754327476242388
5800,17.17774155292791
5801,11.547000148690717
5802,19.33753166697347
5803,16.798855814019703
5804,15.374207827485117
5805,17.373303402774496
5806,10.562609524879498
5807,15.795852900647764
5808,18.423921526434185
5809,14.45090071554849
5810,12.173285868850506
5811,11.025343892898285
5812,11.081760225870177
5813,16.461986979960866
5814,18.196019704950196
5815,16.237247926289243
5816,23.531200131423773
5817,17.655781829577453
5818,14.963580834611495
5819,16.819373761809786
5820,16.106054157201193
5821,23.447859803018943
5822,13.220524960129952
5823,19.60018978809108
5824,12.626941395826966
5825,12.362647165442823
5826,9.545698100723397
5827,15.330948889419554
5828,18.519812830896264
5829,11.000915751098246
5830,19.64377170789984
5831,14.091037259517224
5832,12.02187959008591
5833,11.524801717883495
5834,15.239738776164865
5835,19.078226644791606
5836,10.442129591474421
5837,12.737538396984375
5838,15.158032953470752
5839,14.812219346264307
5840,13.079479473235441
5841,11.54416459907156
5842,12.25113068976313
5843,11.72199489495339
5844,13.33330453396059
5845,13.760740029656525
5846,15.981083688320892
5847,17.703636247582146
5848,14.392165023111575
5849,9.059314169466397
5850,19.837670683890686
5851,19.011783046396033
5852,24.206392783139158
5853,17.749390577801027
5854,22.02452164705064
5855,11.838291905173094
5856,12.645744444911092
5857,18.092626513129947
5858,19.74257563112134
5859,23.001306716716172
5860,21.08439238236246
5861,15.337241150253854
5862,22.385139527508272
5863,13.775343662780283
5864,18.693836952812248
5865,16.715830922165225
5866,11.442786507087401
5867,12.963481589175593
5868,13.103968160444783
5869,12.245362915645165
5870,10.50119240017305
5871,16.222481357931805
5872,15.039933655915455
5873,14.436809921869044
5874,17.971501017782007
5875,12.419999613979526
5876,10.717627698784202
5877,14.612048150354438
5878,18.033318966571592
5879,20.529748901898955
5880,15.479244883796467
5881,18.371412129038404
5882,13.302949441780086
5883,12.479428041469681
5884,17.26479660775159
5885,8.391025667832757
5886,20.9208305008922
5887,11.87472116920049
5888,18.602528064879706
5889,13.320640132437816
5890,12.444361262421648
5891,14.516001219028972
5892,18.218992707217602
5893,16.75128539621611
5894,15.374750088370721
5895,10.270179177398521
5896,12.632127070762099
5897,14.139025109137515
5898,16.098055659497113
5899,15.05856059828615
5900,17.59549484004029
5901,16.043309084854826
5902,22.031791799583715
5903,21.91731950726451
5904,18.66540621210447
5905,12.09488472944903
5906,15.1303380768947
5907,12.818427698203578
5908,18.619458208096937
5909,15.182939936614945
5910,12.678068410987427
5911,16.3753675814935
5912,14.924992323316598
5913,11.162495798319748
5914,13.44598589984211
5915,22.278500109124238
5916,15.313743816143246
5917,16.833717387063516
5918,11.6829411543226
5919,16.770231869117097
5920,14.565995499155413
5921,14.212532977001743
5922,16.72106894531821
5923,18.32495026013845
5924,16.42476920535737
5925,16.220401290145006
5926,16.099703181984005
5927,15.321128356009572
5928,10.7949221117305
5929,12.824979407103026
5930,13.990159554498291
5931,16.844190473931146
5932,14.148852319377056
5933,18.36699801526454
5934,16.837339240409946
5935,17.462402059510268
5936,20.0251164108178
5937,16.600026877054894
5938,16.00788884212647
5939,18.311070659189802
5940,19.814158350499188
5941,21.654869604483928
5942,18.614406326228128
5943,15.926159484639758
5944,12.76536123743416
5945,18.664742233180334
5946,15.731306831799346
5947,19.87460139078911
5948,16.591202652862336
5949,16.896258805332216
5950,10.434658732164841
5951,17.1277784520344
5952,19.184335332358735
5953,12.773842355853734
5954,14.527448997336093
5955,17.387017454632414
5956,20.280842129928736
5957,14.046392937981599
5958,12.531692714031987
5959,16.295323099001607
5960,11.022512227641059
5961,16.25474208950793
5962,16.08809482175458
5963,10.643465409062118
5964,13.534285850843261
5965,20.855534714137242
5966,12.086987904109687
5967,21.722079559204282
5968,9.116560969641782
5969,16.511295427471275
5970,15.112950463986417
5971,20.37207393148028
5972,19.158607908906088
5973,13.269065285344903
5974,20.168860608437065
5975,14.099345656528461
5976,14.542340423515201
5977,14.260431246152505
5978,11.762463510758872
5979,11.524036271721123
5980,15.83308459160538
5981,13.75903472043875
5982,17.105515571420227
5983,16.95791051269967
5984,13.723947039818269
5985,21.720754272681774
5986,10.544138108928273
5987,9.076920909179421
5988,12.390932406854184
5989,16.76359401439955
5990,11.210292947746336
5991,18.80525560228632
5992,9.28959705063332
5993,17.055230297794385
5994,16.941457678163054
5995,15.748656296802766
5996,20.088654308241804
5997,14.933194029355414
5998,8.29509784144124
5999,21.40599539060061
6000,20.73723070713251
6001,17.607483339836264
6002,17.143336188992507
6003,20.232654566771224
6004,15.014578463734875
6005,17.078698882157774
6006,21.549681727934114
6007,16.68012354393385
6008,18.02233545326782
6009,21.621051754587214
6010,15.427155441395106
6011,12.35307541807978
6012,10.711227305089228
6013,12.512603898722364
6014,13.19737356069308
6015,15.077759571530597
6016,14.62588103556533
6017,10.775550427451485
6018,15.699221917767458
6019,15.937965102932564
6020,12.279307197801462
6021,19.587954546541056
6022,9.59614288695961
6023,15.888607280658606
6024,13.449103829135643
6025,15.510616487620686
6026,11.323334638915526
6027,12.52329837814765
6028,14.074324780787435
6029,11.950633890453137
6030,13.799320621714104
6031,18.434488467695786
6032,16.22196490104593
6033,13.285918807145897
6034,9.661788803010559
6035,21.503967272742653
6036,15.6992224643786
6037,12.251470210763522
6038,13.787220697524727
6039,17.05358144104872
6040,13.721077935065198
6041,22.103226482338407
6042,20.163428052162192
6043,18.790006686117884
6044,10.21857973307725
6045,18.68710334126829
6046,15.584621093031418
6047,11.579124363075705
6048,14.10114073264385
6049,15.871916563312972
6050,17.961167382213162
6051,15.47434320868987
6052,16.48610437831805
6053,14.943049586303584
6054,12.353726397258583
6055,9.831872627571395
6056,17.922139155437808
6057,11.764279902794582
6058,17.56824364845899
6059,15.934624655190804
6060,23.581786119096122
6061,16.258948783433944
6062,11.544278214614453
6063,16.47148758077929
6064,15.419797154856143
6065,12.97856224723436
6066,15.59115947167522
6067,13.956996529712592
6068,18.069120968766505
6069,17.504275004172413
6070,9.566040213771418
6071,16.449716546303158
6072,19.434109841930834
6073,18.525053708364034
6074,18.868844349786364
6075,20.898426888470347
6076,15.476035508920088
6077,17.416412693498167
6078,13.490564476142225
6079,17.25083210505909
6080,19.068511480236122
6081,16.626069897381228
6082,17.914854886885863
6083,17.703103427966628
6084,18.20784254258995
6085,16.99418166883925
6086,15.607488893926647
6087,10.601008949394942
6088,16.935099972014065
6089,17.805048915418215
6090,11.445295535604847
6091,17.704065703197934
6092,14.822438104106675
6093,10.971930294873658
6094,13.193635579541956
6095,19.00272835802739
6096,13.637807024743147
6097,15.492468799936207
6098,15.817724401827666
6099,10.00104023176446
6100,16.961849438083064
6101,11.113114553221806
6102,15.891485480972852
6103,17.98573480208973
6104,13.528851810120845
6105,13.71341894211091
6106,15.748652420701573
6107,9.250515174152333
6108,18.35818590100562
6109,17.95094019645196
6110,20.037014333142842
6111,18.66911862947113
6112,14.678495775025201
6113,17.484558145556605
6114,12.281262700635185
6115,19.349694253444177
6116,9.596530394359073
6117,21.31582274283185
6118,12.989668610953483
6119,18.610503668757847
6120,19.87251437315998
6121,20.220534240164625
6122,18.309493908991016
6123,14.720505852969646
6124,17.410437053947874
6125,8.778325624404964
6126,13.907921387690672
6127,13.023164612911607
6128,21.6037081565444
6129,13.81541806071489
6130,19.815245511350007
6131,13.087051435376202
6132,10.248256611814373
6133,14.224424483299574
6134,20.248414100835113
6135,14.15221987998163
6136,15.65032201302808
6137,9.901641505967369
6138,13.434537298771236
6139,15.114122336856544
6140,17.49182876299789
6141,12.822351271855235
6142,15.987245025580961
6143,14.362205619968156
6144,19.14962932196603
6145,11.464069647258725
6146,8.349758827774142
6147,14.929029920072887
6148,15.754437873367072
6149,16.175806948215083
6150,18.897638891027604
6151,21.916602187905404
6152,18.840531648172778
6153,13.924374450776721
6154,16.096637443759334
6155,16.488491229344085
6156,14.665658893035827
6157,10.178204890020837
6158,16.8398532758315
6159,12.634366237390422
6160,18.133490327968282
6161,14.198473622642071
6162,15.071675767782674
6163,12.93594781363428
6164,17.05453801346502
6165,16.52562961617747
6166,21.348176687488873
6167,15.039670056239212
6168,11.24923197980766
6169,16.68527032925582
6170,15.077804656158659
6171,17.670601581307086
6172,17.355254577465303
6173,19.895048881727092
6174,18.310438356071987
6175,23.58305519669807
6176,20.162502483843006
6177,11.03812923729907
6178,18.561259404683426
6179,10.268584539246461
6180,18.629239919177294
6181,15.952490621512274
6182,12.2951276122696
6183,17.092685569855085
6184,15.420911087754869
6185,15.284109542475003
6186,12.859784248908468
6187,20.27520810070316
6188,11.330496738254265
6189,10.137508974391563
6190,18.673379976601687
6191,14.244364822393107
6192,11.55511262528422
6193,13.55514481065321
6194,23.434134911559944
6195,22.093813537014853
6196,14.598198174163405
6197,19.726406409369716
6198,13.731311652498114
6199,17.014922409790756
6200,18.81383384172775
6201,20.62332194444045
6202,20.338301197323474
6203,15.641231324013512
6204,15.719042006768442
6205,21.44355109930934
6206,13.992237511332513
6207,14.014836059283926
6208,15.094926485963704
6209,13.777549634551985
6210,12.578433588929045
6211,14.091789645434671
6212,17.083403585934313
6213,9.908629840690715
6214,14.72015791524201
6215,13.183616190876023
6216,18.788516837205705
6217,15.002109356341496
6218,17.1988037916286
6219,16.992930431733107
6220,20.558746161038414
6221,19.516949107369534
6222,18.982280700527426
6223,15.668692227706376
6224,13.784399058922883
6225,20.928231150730248
6226,13.823921935422947
6227,14.087694504321727
6228,18.929138134179105
6229,15.069557222722644
6230,18.574513901244053
6231,16.698918549746498
6232,18.954150200897814
6233,12.379294784145422
6234,11.713996689163945
6235,11.978715846094815
6236,24.760164554177372
6237,20.906639708660908
6238,19.121699940710247
6239,15.270127695649526
6240,13.819478048877459
6241,12.19483828533816
6242,18.814516746416274
6243,13.762856875311945
6244,18.248297961540267
6245,14.665797190805394
6246,13.873225750476326
6247,21.411615341997575
6248,22.8480368333039
6249,16.42534456433158
6250,18.22760031023772
6251,14.483915292397743
6252,16.811893866359334
6253,11.996101644454985
6254,9.50110353778064
6255,14.532875182247643
6256,15.77676350195422
6257,16.14427489530615
6258,17.767348997973414
6259,11.478265056056319
6260,15.819629585597239
6261,13.183894410230259
6262,13.97463279734758
6263,16.142990842911672
6264,18.251977327601026
6265,15.291684084650916
6266,18.37790835746657
6267,11.417736723092645
6268,20.398766994105916
6269,16.12305856667266
6270,22.645233135332234
6271,14.312935708916898
6272,21.923561951396586
6273,13.217374647313914
6274,12.8268515642952
6275,19.014135287984843
6276,21.565997758869695
6277,16.584874006754703
6278,18.34683752383581
6279,16.03637270600661
6280,14.295351745550663
6281,16.26868509160598
6282,14.561185036326117
6283,16.42999494968138
6284,12.593531068050275
6285,11.567667786904927
6286,20.34905754797954
6287,12.705865810933883
6288,17.15687425087853
6289,11.406608836096458
6290,12.98648461797365
6291,21.225058950237695
6292,17.57194098560565
6293,18.222161355842978
6294,20.981584948381453
6295,20.422822520563734
6296,14.847134670049352
6297,10.10320112621866
6298,14.049538750203629
6299,17.18260435743081
6300,14.680310934907679
6301,16.410735555526657
6302,12.486936451261327
6303,12.786618347740085
6304,11.419288508675265
6305,9.985976842183339
6306,19.209932841841606
6307,21.685159632789095
6308,12.641377032632265
6309,13.648111552136276
6310,22.35295896767439
6311,24.521231238893783
6312,14.679503185340584
6313,15.759277644687772
6314,14.75261707802005
6315,16.7524471686801
6316,20.03857543117912
6317,18.155653610679373
6318,13.012021762293479
6319,17.451693432191348
6320,15.683011819334704
6321,10.162255613300129
6322,14.633374620961678
6323,11.420147014326101
6324,9.621613253030086
6325,21.93346437227379
6326,22.80716301424696
6327,19.256983415076597
6328,13.720675951999874
6329,18.91411331690258
6330,16.86548738757792
6331,17.957373175372364
6332,15.963951483893043
6333,11.925361245324133
6334,11.194531688026883
6335,12.21089306344873
6336,14.61775823641612
6337,13.734907225756025
6338,11.161759113324406
6339,18.117096947804328
6340,19.09473143924123
6341,16.84302308851882
6342,16.719615811080363
6343,11.344381128179712
6344,15.02160167929325
6345,15.979026107140461
6346,13.478344282498362
6347,17.308359480386414
6348,16.05523076573203
6349,14.319566152843061
6350,14.906013465704426
6351,15.377782975406861
6352,13.873873937456057
6353,17.434194120115478
6354,13.132956169023739
6355,18.460842852574153
6356,14.019457124058185
6357,16.552172126876208
6358,14.496049972354902
6359,10.875188633929596
6360,17.007429598824398
6361,16.9940002222744
6362,14.90350584636539
6363,16.919033445904414
6364,20.028487426830168
6365,9.79998108702495
6366,14.33503889669517
6367,10.561332616919136
6368,12.113387266470102
6369,16.142581438833595
6370,19.137312680098894
6371,10.638781139426822
6372,18.304891155054392
6373,17.54149278491702
6374,14.997019955598333
6375,13.53907274802663
6376,16.512047393057337
6377,18.33798089750308
6378,14.5684105298118
6379,17.387826416250526
6380,16.739295744189008
6381,14.070119359226652
6382,15.341422883117767
6383,14.844979090600939
6384,11.090396446057092
6385,20.55210183051932
6386,17.76059967057269
6387,13.768527153740997
6388,11.061930198571812
6389,15.680204527652988
6390,10.768121743591646
6391,13.82291045051356
6392,14.486354369582813
6393,11.90063872070823
6394,10.65843158755715
6395,15.684504944648024
6396,13.371565508034365
6397,10.513506702708458
6398,14.981251440959491
6399,17.712005664576097
6400,15.641111268540115
6401,18.748454019757474
6402,11.7322668906304
6403,14.668682398233894
6404,14.800516748392898
6405,16.045580670986496
6406,19.91130186867459
6407,18.94008680806457
6408,19.98534201822485
6409,14.821216147506119
6410,19.260336028706575
6411,19.130495323635643
6412,14.80719365368705
6413,12.643777291419354
6414,18.054473130307766
6415,12.204087502535607
6416,12.247184920562077
6417,14.908714418656034
6418,12.546406764345777
6419,14.653805772941622
6420,17.439400073008713
6421,15.783591104646039
6422,15.509459380244428
6423,10.731521167580206
6424,13.954396301564556
6425,16.932006620599594
6426,19.367507496965175
6427,19.301440567777014
6428,17.220729424910925
6429,13.620618036534143
6430,15.544011780085137
6431,24.5018364951002
6432,19.643980604593317
6433,17.761747868803766
6434,13.528115437269403
6435,17.69334252620795
6436,13.397164754551614
6437,17.338710559027106
6438,15.00169287389235
6439,17.437670012038787
6440,13.518485276743148
6441,19.06479222352573
6442,15.695519023788968
6443,20.419913338493636
6444,19.637050233076742
6445,11.809829823871448
6446,16.56602233486253
6447,13.234301914676253
6448,21.169509480419634
6449,21.6346596172363
6450,14.039888868670289
6451,10.471280609773913
6452,21.13992962249208
6453,18.898724261609424
6454,11.610184566933057
6455,15.5683760340236
6456,14.439096401991733
6457,14.226702871394604
6458,19.28164671553109
6459,21.694116391740653
6460,12.400900250709547
6461,12.508711620841058
6462,11.068742103019984
6463,19.954371848949528
6464,15.569905307235889
6465,16.680245026561813
6466,15.186215191837986
6467,18.66112046803598
6468,18.725673050527398
6469,22.786078248160436
6470,17.013869155877195
6471,15.429216097894898
6472,17.144356063164274
6473,13.2711406746453
6474,14.148491295883549
6475,18.33913686206109
6476,12.703526680426375
6477,11.54994539009773
6478,13.991400272640309
6479,15.918393634668764
6480,13.048011442257158
6481,15.235599716489686
6482,13.880321245617209
6483,10.54276432872552
6484,19.629358002289926
6485,19.566039237629717
6486,9.194808427705565
6487,19.063100316765702
6488,13.321553711189928
6489,18.73121258443943
6490,15.74056025579849
6491,16.31621924540587
6492,13.136076998217199
6493,11.774401071291884
6494,13.599032341703182
6495,21.550115243209802
6496,20.313259535392973
6497,17.237349796479755
6498,18.523482954130383
6499,13.594765691287696
6500,19.526296198329952
6501,15.899259933415896
6502,16.018045637450392
6503,12.857799635356237
6504,11.395894021786066
6505,12.520809112180395
6506,10.49341196570664
6507,20.90601290080697
6508,14.946041915385717
6509,17.916184025812143
6510,22.27032576689453
6511,13.052323278002039
6512,13.45738041957131
6513,17.128666105969454
6514,13.583212892661662
6515,13.368406496486184
6516,21.497680514095965
6517,12.706962928807389
6518,16.20439759870417
6519,19.80508095432043
6520,19.92464743268667
6521,13.571866875593194
6522,15.216522024850635
6523,18.191878266049024
6524,14.575766501475984
6525,13.107848259596114
6526,13.46159361883629
6527,17.030600743580464
6528,14.963417068378888
6529,14.684171275254826
6530,11.452699147735295
6531,15.692001189168456
6532,15.188434287527825
6533,19.49698481157728
6534,13.323372781070566
6535,16.58784115751902
6536,19.491315829621584
6537,10.64219721891134
6538,12.06535479790067
6539,14.633060065500995
6540,12.173901837253087
6541,16.976392529786942
6542,13.305514935183396
6543,12.208485368805988
6544,16.921029884363428
6545,15.339950794311843
6546,23.879953154131712
6547,16.369646183468397
6548,18.66808712304949
6549,17.26540575600678
6550,24.683530043552175
6551,13.666647087585876
6552,15.393401897035234
6553,12.26884310789168
6554,19.03155914496908
6555,15.136126185829463
6556,23.24787008346764
6557,13.655966733475644
6558,16.00250707845441
6559,16.079879151810562
6560,12.365792568408594
6561,19.64774966971554
6562,14.60617079732249
6563,16.876867718996607
6564,13.915354680520858
6565,15.066622559109364
6566,13.538314127567173
6567,10.221462103034
6568,17.353612438843584
6569,11.693709496319114
6570,14.917259910807937
6571,12.35782451930327
6572,15.957001561321967
6573,21.10152343524738
6574,13.440239450788736
6575,13.7694956258717
6576,10.369703701986218
6577,11.243103720161827
6578,14.996393048261714
6579,22.933469243851754
6580,19.281932687926037
6581,18.3500067251126
6582,20.070816989661303
6583,14.734168530222224
6584,16.767355770749973
6585,12.642913298426606
6586,10.948139322943
6587,15.41768999896744
6588,14.353937363888184
6589,10.841842961747766
6590,14.260661247819012
6591,12.245877117106609
6592,13.166014158278479
6593,15.633664334765992
6594,15.479061144274839
6595,20.09179527649333
6596,17.19733140396462
6597,11.48905322966453
6598,15.71786405228586
6599,13.247525377082148
6600,10.811476906538806
6601,22.292467754183114
6602,16.56020888920559
6603,14.709178785686463
6604,19.287524003747443
6605,12.54475107245578
6606,20.148968575169647
6607,17.257699456224962
6608,22.20558444323548
6609,15.173694458373086
6610,14.62683925772831
6611,20.029819645610555
6612,19.72123540820335
6613,12.993590992747219
6614,15.944283139665115
6615,12.932823939826019
6616,17.069836077314534
6617,12.323207994116316
6618,19.23971164669542
6619,16.046195914033653
6620,8.76612762592786
6621,13.621985849169604
6622,8.515733314200727
6623,14.89762991691279
6624,13.046140203205763
6625,16.383932314566778
6626,18.110161690351532
6627,11.209713093097285
6628,14.744856828920527
6629,12.771627877411424
6630,16.469275015531892
6631,20.191787197551644
6632,13.034869000694849
6633,16.53177647869272
6634,22.317942024039205
6635,19.147826524039047
6636,22.217913025760673
6637,16.813778355059696
6638,13.126510712032026
6639,17.42745656891826
6640,12.32406394170064
6641,17.282184639196338
6642,15.072613554484363
6643,15.322417414553707
6644,9.39875773355319
6645,21.555116310969858
6646,13.008011732693586
6647,10.820595195943534
6648,17.633144975819874
6649,17.621461627926493
6650,10.024478635996967
6651,18.373174065981956
6652,10.352803517668267
6653,16.833630900058452
6654,12.591938356264029
6655,12.514708852216696
6656,10.615354889157798
6657,17.90225749736633
6658,18.30855829098755
6659,17.878645028913915
6660,8.42826307284565
6661,12.77396351374793
6662,14.654909587725632
6663,11.145826288671447
6664,20.613765853657604
6665,12.274076066075924
6666,8.973510280906362
6667,16.75719150648557
6668,15.924561168324143
6669,10.8520476232783
6670,13.334101797487026
6671,15.895918140640104
6672,13.682276927014865
6673,17.20736022481398
6674,10.556472666384128
6675,18.37583661046617
6676,13.920991056833712
6677,20.486914523572167
6678,14.163629872504018
6679,20.533867785963714
6680,20.281352841070124
6681,17.800937160120093
6682,14.965555717529156
6683,18.05879231730485
6684,16.77418979868696
6685,17.08735481294452
6686,9.781145243927005
6687,13.64382918921918
6688,19.333396012316996
6689,12.787709909117762
6690,20.216740395306005
6691,18.085885485370394
6692,14.899524664691553
6693,15.506026281520255
6694,13.960264493629294
6695,10.551178935132853
6696,14.413087755529798
6697,15.538219670834975
6698,12.958796099274894
6699,18.542006429531654
6700,8.85594981483346
6701,20.229492100486
6702,11.555171363890743
6703,19.142997830918702
6704,17.896781453585646
6705,16.901866809071745
6706,15.07952238061157
6707,17.035646666094486
6708,12.416424176237648
6709,20.626901520215604
6710,17.367274570161683
6711,14.721591576174042
6712,18.61271997897856
6713,18.42606271813414
6714,17.111750693916726
6715,14.530101428046189
6716,14.032622862744148
6717,13.988621090250824
6718,17.450947865040355
6719,19.037958463002994
6720,23.93204324174961
6721,22.60356467894254
6722,19.731578312825917
6723,18.62126862609835
6724,17.082384281158692
6725,16.646386045799872
6726,18.436238734872042
6727,19.49104859505222
6728,18.65932987589089
6729,21.487298158407775
6730,16.1101932819046
6731,20.617188634622714
6732,14.447262649868021
6733,16.204465514093847
6734,13.329091266381187
6735,14.385485604707846
6736,16.93214349398179
6737,21.703036962285395
6738,16.833621350550796
6739,15.291261883877674
6740,14.869193894181786
6741,21.800529402033668
6742,15.065812643045618
6743,17.044878660268758
6744,18.242092230279248
6745,20.41770004819769
6746,9.341458455421657
6747,19.272259065553275
6748,12.479493779740922
6749,13.055683769616317
6750,16.134771356694635
6751,17.320278373254723
6752,20.258986143922677
6753,13.068700144651167
6754,13.628362702497105
6755,17.722828428140787
6756,17.481754891986093
6757,18.523518392241762
6758,23.993419624145538
6759,19.594333184401727
6760,13.12939228905512
6761,13.436144522477946
6762,20.88750395957362
6763,24.48996837664903
6764,20.651673400205077
6765,22.744455000828133
6766,14.884391416952841
6767,13.149984883151218
6768,13.73454135129315
6769,15.11094101927716
6770,16.20373317404279
6771,13.74435416588738
6772,16.488620183654362
6773,11.70498038243214
6774,19.65237248237115
6775,22.288203152484854
6776,11.831173744939921
6777,10.701005228375148
6778,9.406264343267186
6779,21.41471457285376
6780,15.676415325988946
6781,15.00484924718309
6782,12.548049517116414
6783,13.77045249597894
6784,11.979832073391538
6785,16.225776930929754
6786,15.498420220206329
6787,15.987187296116032
6788,14.581962954795154
6789,14.802210969671899
6790,17.22016325574107
6791,16.504618558866788
6792,16.88943404992422
6793,10.60680298560841
6794,18.189876581955524
6795,16.152219039499585
6796,13.529933895485922
6797,18.586448986641415
6798,16.88191031488858
6799,16.982418457940916
6800,15.829141518598478
6801,12.182893420342392
6802,20.864843608733835
6803,11.975762792403872
6804,20.683285116201397
6805,11.780527445740102
6806,11.111171026037926
6807,20.49934140171071
6808,15.727192904410566
6809,21.162516929561605
6810,11.6838387546847
6811,19.37401243136336
6812,15.911055902479857
6813,21.194388372871078
6814,15.837790277982693
6815,15.537867049594878
6816,16.986072935613343
6817,16.323955030730396
6818,8.935676577987895
6819,13.463176124642606
6820,19.177381269880648
6821,10.525304023735297
6822,17.18220835779396
6823,13.965199004392046
6824,18.436448725260092
6825,19.59961122767527
6826,15.077564663672039
6827,20.348511227935006
6828,18.936660628988
6829,9.393328860311223
6830,17.254906137457915
6831,18.091583027840414
6832,21.113808599967406
6833,13.045627162682072
6834,11.786957167177778
6835,20.192677035674457
6836,13.129988982938734
6837,21.14352016945479
6838,22.185300167382593
6839,18.645376079129505
6840,12.199973605982198
6841,13.823039348071603
6842,8.119893900006101
6843,13.718065086821163
6844,11.238423716570617
6845,12.52107527894679
6846,13.40751796584185
6847,21.892935092229756
6848,15.235239406846388
6849,12.45867811267578
6850,15.132245074205551
6851,20.598166385491588
6852,16.123066171860124
6853,12.324443445727002
6854,12.475021436092707
6855,14.191349457639783
6856,12.742469456369959
6857,13.417366533772043
6858,16.34985566729184
6859,17.734841476399822
6860,18.08584359451929
6861,14.91264583721027
6862,19.741486761271
6863,15.362150855795642
6864,11.770437310442098
6865,15.232288024672574
6866,15.17560573782317
6867,18.84370882284515
6868,16.730722339054644
6869,16.03437226990843
6870,14.937297495351583
6871,11.440685370134831
6872,12.468303798620376
6873,12.655652433630191
6874,22.80069416491758
6875,18.48862184082725
6876,11.558940914477017
6877,15.279933817542211
6878,13.439155470991139
6879,16.46696532732292
6880,11.506733917327029
6881,15.255730916769236
6882,17.12323055329841
6883,12.87422468134799
6884,11.23614719162369
6885,14.020123942938927
6886,9.950242046167716
6887,20.652568653008366
6888,18.903712148384717
6889,21.34735007121919
6890,19.10218544011132
6891,17.36176959793054
6892,14.49056603342475
6893,13.397802138448322
6894,10.344228126274682
6895,17.726063730220655
6896,16.043891122115326
6897,17.454648321285802
6898,14.296611086174412
6899,13.131942363576744
6900,9.519049142724876
6901,19.067800230189633
6902,16.709403121789414
6903,12.632590508759797
6904,19.544379350317556
6905,16.39833289582493
6906,12.733216565635713
6907,19.37053896123571
6908,13.991801774644305
6909,17.589355137536245
6910,16.708613938107987
6911,11.26639911151975
6912,15.0442194384614
6913,16.402647852148206
6914,15.586003052560537
6915,17.028622215137425
6916,13.588409703582169
6917,12.551591105238034
6918,23.49661362578759
6919,15.174707561631164
6920,14.661467308865499
6921,12.601086842622465
6922,16.47036154086764
6923,17.414580554532066
6924,12.613605754723956
6925,17.263827527671765
6926,16.143758082228555
6927,17.002078699781713
6928,14.03876636878947
6929,16.77659491486378
6930,20.389835168699378
6931,12.13846226853821
6932,11.70835896532313
6933,16.435416647035048
6934,20.433678890999428
6935,20.98707960572772
6936,17.671703483564535
6937,17.59814906694357
6938,15.67584270959533
6939,13.325481920509688
6940,21.913660178768367
6941,16.56102947630309
6942,18.14773220002909
6943,14.62620568977481
6944,20.673405161467205
6945,18.70854685107455
6946,19.30265097762898
6947,14.608816111210277
6948,9.295187545674393
6949,17.794774843096057
6950,18.418317364596902
6951,14.458572969502793
6952,17.579549996194096
6953,18.46177099485333
6954,11.463163343683709
6955,16.851163402751965
6956,16.840336916358133
6957,16.402077305322834
6958,15.126571223115018
6959,15.46416526342289
6960,12.324269732074345
6961,19.448279924124506
6962,13.141646460505601
6963,13.7985035431698
6964,17.076735361492766
6965,18.563977491644245
6966,15.654216956737084
6967,13.50693579156252
6968,14.763148700961837
6969,13.213566074095297
6970,16.360788144484935
6971,16.648258821897123
6972,19.768681163550582
6973,13.478178867566031
6974,17.15604258230448
6975,19.039287833585853
6976,9.040941744529647
6977,14.151243267479941
6978,14.781189930124073
6979,10.471194497825724
6980,12.01683369069335
6981,18.820513014113452
6982,15.061819034130997
6983,12.713006894761666
6984,11.189093897918442
6985,15.660018607786986
6986,9.6016524827613
6987,18.9162677034643
6988,7.675077498030992
6989,10.88663651648879
6990,17.531615524937827
6991,11.694390469832834
6992,16.982596859829982
6993,21.67086330638862
6994,13.692816103258396
6995,19.396064596542136
6996,15.506705187461685
6997,16.826881667912083
6998,20.15338060870947
6999,12.772277776506101
7000,14.382062020673503
7001,17.72648190611404
7002,10.620428147019172
7003,11.275531878794233
7004,19.056319662629413
7005,12.397186107627242
7006,20.957727267446387
7007,13.987608143620703
7008,15.760328422621921
7009,22.306570804789168
7010,19.710229478795853
7011,13.585299663327195
7012,18.01316968690795
7013,22.778598529385164
7014,16.26228637987832
7015,14.745762175414926
7016,15.639568895447626
7017,18.967115700446186
7018,19.207062664762752
7019,15.8282388854074
7020,17.400474173304396
7021,16.345434650508444
7022,21.807161924959658
7023,17.537677147776193
7024,13.407109565563362
7025,17.176822221831955
7026,19.02701902784476
7027,12.742188829957879
7028,16.952745019401327
7029,18.502253478312348
7030,16.225927035159277
7031,14.814248030422302
7032,10.964084191977168
7033,17.215185313858818
7034,14.718139890532983
7035,16.852872813611484
7036,14.44697506045249
7037,10.706765711470464
7038,22.203506941482033
7039,15.384311387779887
7040,11.807068680617684
7041,21.463764578357086
7042,14.124034257151383
7043,13.365723569382318
7044,18.01650488493187
7045,13.38556597225507
7046,14.396858146685156
7047,17.444120187067853
7048,14.500649273596391
7049,11.630770622124482
7050,12.285962022202753
7051,10.837561906381184
7052,14.68272973814415
7053,11.46114387021925
7054,15.367771762496057
7055,22.561411697695448
7056,19.300084012927606
7057,18.82362978237458
7058,11.96967513253463
7059,11.851969493149268
7060,16.264724941623314
7061,15.749941919662689
7062,11.783095139166505
7063,11.039982568903168
7064,16.583232611781554
7065,13.505252191344677
7066,13.002788362236117
7067,13.556079441265574
7068,16.440129072478747
7069,9.98285102054714
7070,21.565677755534512
7071,14.857289917752448
7072,13.300560770497558
7073,14.501888620350039
7074,10.758481168864098
7075,11.732110085231096
7076,10.449557045960278
7077,21.1685824842585
7078,19.943762064394512
7079,14.94975141877858
7080,17.52538110826388
7081,19.91846551451225
7082,22.1417072399857
7083,13.154316938627218
7084,11.073475651745014
7085,19.78063403559384
7086,21.63400396640298
7087,18.114284366804558
7088,18.16703993651081
7089,17.378039443650398
7090,17.949794245304016
7091,25.120694285005897
7092,17.170677675661324
7093,18.968294923042247
7094,8.327697851917467
7095,11.782784026078367
7096,17.42874865023405
7097,9.65913907890595
7098,15.396678133529509
7099,18.032062983438585
7100,16.080750187176214
7101,16.925287600577093
7102,19.01629122626825
7103,9.533259575584596
7104,13.737549616758894
7105,16.22422918638444
7106,24.663924146403687
7107,24.927697859747475
7108,7.802563847971175
7109,11.820208843593404
7110,8.946761124497659
7111,16.690717975257947
7112,21.516001935426942
7113,14.648321341049918
7114,14.008992796994509
7115,15.12340298155077
7116,11.088390751443352
7117,8.433371536724195
7118,20.29341317224865
7119,21.419000946303218
7120,10.500716916528742
7121,13.559218972476794
7122,14.732984397232112
7123,13.528438256697548
7124,15.453697443089359
7125,17.023161540643507
7126,20.708971738035014
7127,13.528412742401125
7128,12.471541597552456
7129,13.277031419588262
7130,18.261484812793213
7131,12.798673529585152
7132,16.211416132862016
7133,13.359190515042833
7134,10.07345873841416
7135,10.982140674146457
7136,12.82199357011972
7137,17.698043504186778
7138,14.387349063294401
7139,21.223826948617045
7140,20.469717407645007
7141,21.7959229992608
7142,12.75127122166269
7143,14.790394413942673
7144,20.148564324397185
7145,9.591357892315536
7146,13.680756035846148
7147,12.583508932782506
7148,13.055177110214109
7149,9.065216292461187
7150,8.804812448056648
7151,17.996758272366833
7152,17.656392186724418
7153,11.995413773835573
7154,21.111505847633488
7155,8.16421672100243
7156,17.721545511127616
7157,14.793816093827497
7158,20.988418054214428
7159,13.606297673207237
7160,12.230556334378623
7161,10.867920257556907
7162,13.574654013672388
7163,15.981546427740488
7164,16.418821307743176
7165,16.294396525997648
7166,13.629274733169426
7167,15.66759068530475
7168,13.6932646862928
7169,17.022320801905252
7170,21.27950832228945
7171,11.563846787594125
7172,17.16901135313213
7173,18.939208806156017
7174,11.412044298107055
7175,19.046163788785154
7176,16.10241684120605
7177,13.411389598037161
7178,13.959552994963866
7179,22.033138335539853
7180,11.08855477032718
7181,10.557804497104787
7182,19.28415054346368
7183,17.114693386281203
7184,13.179829132407471
7185,15.20444664244164
7186,16.784531837103998
7187,13.514485964095067
7188,11.20935860478902
7189,17.4380191834751
7190,13.710598017445154
7191,15.756740620547564
7192,18.78198719675137
7193,12.534879062003036
7194,11.480119871780442
7195,11.663085879690952
7196,14.450977831673436
7197,22.705773909460127
7198,11.70371314675649
7199,18.598022105257495
7200,19.15384144775281
7201,15.08570166259649
7202,16.127347680114916
7203,18.347295966691476
7204,12.685466005893428
7205,21.805757357294887
7206,13.16675414494229
7207,12.262790307353775
7208,12.105060551476676
7209,24.062240912358668
7210,14.984856122150562
7211,14.803255063968532
7212,18.999956686993677
7213,14.529079428518271
7214,11.16570304153501
7215,13.973981825099447
7216,18.33225037384797
7217,13.19360009856813
7218,16.484968982740977
7219,14.978171071289198
7220,19.560727948057732
7221,14.941836941231196
7222,10.908540182702705
7223,11.299017761766867
7224,9.514162721672108
7225,15.851835525384557
7226,16.123237028545432
7227,13.489485769945915
7228,10.198973482865426
7229,17.995244064634903
7230,17.417855818690235
7231,17.79822752787964
7232,17.325431243860727
7233,13.23012112462122
7234,12.846919247893865
7235,21.002511258827766
7236,14.999757729577063
7237,19.82653237597259
7238,13.628969753942954
7239,16.57348819941584
7240,15.847210471876926
7241,10.296755496887837
7242,13.1620037654112
7243,9.616760583294198
7244,14.361847937061134
7245,15.96727258597409
7246,11.93784259883995
7247,14.321828860737334
7248,16.064763403468547
7249,16.89851530916887
7250,13.758359779742175
7251,23.769452139590328
7252,17.146285206241252
7253,16.334443860553854
7254,17.777724717960638
7255,14.972735094230737
7256,19.160974881014823
7257,15.350743712885615
7258,17.22744308468083
7259,16.499246863678408
7260,21.369774986127275
7261,11.034473507092946
7262,15.053299543260163
7263,18.605367090753354
7264,11.403549085875792
7265,14.609053440493971
7266,17.144924858544783
7267,17.318604568394843
7268,12.001659534560499
7269,16.12724425942151
7270,13.512077139736451
7271,16.514138748151673
7272,11.2465732250683
7273,11.154471831477867
7274,14.620786431327813
7275,13.605118449343111
7276,17.912867282624624
7277,13.153137802139208
7278,18.237673903493167
7279,22.245369014906103
7280,15.422394485591726
7281,15.794012094800223
7282,12.16227045634518
7283,11.175158173998735
7284,16.529334730389195
7285,17.629298195635492
7286,12.530760631487613
7287,12.8619830990025
7288,17.65072275245452
7289,14.965444083332624
7290,17.144795876109363
7291,18.17027715897084
7292,17.63605352600448
7293,14.806524086192768
7294,17.20805789107137
7295,13.179627319865318
7296,17.591712575283594
7297,17.03360462168304
7298,14.585214550979986
7299,19.489998741071584
7300,14.752254825513669
7301,20.368040804972992
7302,21.41219763551755
7303,11.617267681762083
7304,15.114220654510246
7305,14.403284105968783
7306,14.330656879086353
7307,17.698797875374645
7308,12.96138870875202
7309,14.106903803535653
7310,15.48524651131675
7311,17.045953085982518
7312,17.002661324756637
7313,17.80466589971867
7314,15.182692713606723
7315,13.315536676844765
7316,17.42380041783784
7317,17.46742774596682
7318,18.18349968530657
7319,16.438047790910492
7320,17.20796766384985
7321,17.11333653072603
7322,11.398163591851098
7323,15.777497293433232
7324,17.458346478282316
7325,17.81873167809404
7326,18.048963091696493
7327,20.489553182047423
7328,13.351136827470116
7329,13.2711019483852
7330,15.48838355257026
7331,13.912589539592645
7332,13.76569271211453
7333,15.902489016554195
7334,12.79298118491864
7335,17.327353636834005
7336,16.20615343325614
7337,11.928674581988405
7338,14.13156519825608
7339,21.29319953488798
7340,15.879634737798517
7341,18.42378806554713
7342,14.101403940872196
7343,12.241376545691807
7344,20.151431981115245
7345,12.469819823291795
7346,19.91719240160255
7347,17.23986108354749
7348,22.725447922456375
7349,16.368061840066346
7350,15.215179521631095
7351,9.08801758540218
7352,14.73375785030911
7353,12.530120146734895
7354,16.40405709893448
7355,14.138812895058651
7356,16.51952500818477
7357,15.368682525723107
7358,15.408071945218477
7359,19.39950042830891
7360,10.392531683609729
7361,9.62029165282712
7362,18.07069328479494
7363,18.549443431061853
7364,11.186553592905184
7365,13.29200078664319
7366,22.99578482180919
7367,18.417733943951077
7368,17.284522383801217
7369,15.322997267752497
7370,13.41848004386376
7371,16.093022098680976
7372,17.994808655107356
7373,10.360771371983065
7374,15.965178350999446
7375,11.143132831078361
7376,12.747875333299806
7377,15.645781426656905
7378,12.531309506559872
7379,16.98143314087298
7380,17.245769199897946
7381,15.253687910399007
7382,22.693018230689262
7383,17.228813999409624
7384,21.737753882010132
7385,17.485014965065396
7386,13.594028195763197
7387,16.541357643804034
7388,13.291648186138152
7389,14.781893767345634
7390,15.534613168186038
7391,22.308030542641283
7392,12.143377000596647
7393,16.62537134018539
7394,15.558189124957426
7395,19.36220459491974
7396,14.546699601714879
7397,17.308013877111513
7398,14.973941739422118
7399,14.270054194698902
7400,15.328225679163205
7401,14.362462939662722
7402,14.557445936911058
7403,25.287882392111207
7404,13.990518654323788
7405,13.272117223036467
7406,12.546040037240003
7407,8.229209041872492
7408,11.769911316329718
7409,14.212449469247845
7410,17.481326061671894
7411,15.249437010982302
7412,15.882430657736794
7413,14.550803468311333
7414,19.34215008114049
7415,10.380500727302032
7416,17.32441649046087
7417,13.628611424992547
7418,11.532443546432955
7419,18.753176092779675
7420,12.097658016686841
7421,10.269879808537834
7422,13.051720546079896
7423,12.342517209460592
7424,14.199136465047827
7425,21.77858176067847
7426,16.75757687927844
7427,19.844783141088644
7428,12.84910157675351
7429,14.099943386687087
7430,17.204065483642538
7431,18.837186716486393
7432,15.51390005742926
7433,21.515762493232025
7434,13.693116430486672
7435,16.56978079723246
7436,12.894642047386093
7437,18.026440569819577
7438,17.99309985658122
7439,15.319776127059916
7440,14.433429152597169
7441,14.129494181359705
7442,22.04054140899556
7443,20.774585991031465
7444,17.147893961238346
7445,10.783179432704166
7446,17.86758243452937
7447,12.792556767651261
7448,14.777785424688382
7449,13.641974418693005
7450,14.481677524429402
7451,15.420645032589041
7452,12.443620919854332
7453,10.062754364151537
7454,12.379704470473364
7455,15.37214412632387
7456,15.763952920848432
7457,18.696083096891357
7458,11.06743893321374
7459,22.40214780702567
7460,15.251449863948459
7461,14.558937623320704
7462,16.362774681786817
7463,11.383538436114288
7464,15.028511481021935
7465,12.738068089385207
7466,18.71511989515053
7467,18.129282622487146
7468,9.243648861331096
7469,14.445220604219267
7470,18.483718483280455
7471,21.036600994810875
7472,10.896031227177227
7473,12.072098162006974
7474,22.49861454680618
7475,15.101411625978866
7476,11.181428006908273
7477,15.014253248842325
7478,13.225559080858304
7479,14.062634412109018
7480,13.150910095690573
7481,21.417179716761773
7482,17.418948939825405
7483,11.552823893075358
7484,12.004069558486947
7485,9.987810382871073
7486,15.590513738192415
7487,12.61700043574967
7488,13.490254207669533
7489,11.104416485506928
7490,13.45442856547353
7491,17.067020417830424
7492,12.03538694606214
7493,22.582153645088688
7494,16.242977083024144
7495,17.597299366929395
7496,15.371079041149622
7497,21.496764421118176
7498,15.319497843323221
7499,14.80149204680985
7500,19.381478092947773
7501,14.031619902014011
7502,12.914041941932014
7503,23.490651610379302
7504,9.274038247246235
7505,15.063077082847725
7506,13.570401063498766
7507,9.192422754422058
7508,22.26694556400286
7509,18.836892346210426
7510,13.715283751911034
7511,16.505656453946525
7512,16.611421153534835
7513,15.071209313704232
7514,18.06497110668201
7515,10.600748547051616
7516,15.581859213359818
7517,16.87288923600577
7518,12.644667004604488
7519,11.514498116638599
7520,12.648484553787894
7521,12.920666833937936
7522,10.256803534817433
7523,15.438849471777212
7524,12.278511185286352
7525,15.051169156329928
7526,17.37818443342148
7527,12.90414189872945
7528,11.378934309351187
7529,12.401943854068637
7530,12.867460774616506
7531,16.93186461990232
7532,16.80101083270131
7533,13.55082134008326
7534,11.340543461960916
7535,12.322777197901463
7536,10.392835556313806
7537,18.76244716170971
7538,14.347205743785478
7539,15.64169555751886
7540,12.305148037048427
7541,12.831501990607306
7542,17.247436961655886
7543,16.20640180568821
7544,16.029596651827134
7545,9.589694652856744
7546,11.51546496802823
7547,13.601987780135286
7548,16.68315735587239
7549,17.502187426604543
7550,20.66167932622045
7551,13.688366305675805
7552,12.990483123004829
7553,15.8383766693527
7554,14.103696813124166
7555,17.329396061639535
7556,12.469351080050778
7557,12.166516659700818
7558,15.203179947052146
7559,17.30257469342684
7560,13.144892220321521
7561,18.062254066069666
7562,18.85077575940812
7563,10.311968768983867
7564,15.381586237056231
7565,13.458099771848708
7566,14.03674373329359
7567,13.28103853128061
7568,12.421038626469109
7569,12.998653902155198
7570,16.220169752618226
7571,14.170309830317896
7572,13.481661471320727
7573,13.2765794769328
7574,10.221904617406983
7575,17.550316062677055
7576,21.471397939628012
7577,14.920181305026171
7578,19.775760799856865
7579,13.536789193044049
7580,16.29050453559369
7581,19.535034521119023
7582,17.081544614063674
7583,17.456754869726296
7584,16.59856445838969
7585,14.191610610284481
7586,12.652677109107021
7587,12.696849833863396
7588,17.48563389822629
7589,22.603863295491415
7590,11.939280218896993
7591,22.087075979561924
7592,17.98307031668738
7593,16.683477761588307
7594,11.26302300792868
7595,16.686374955637618
7596,19.148120752797425
7597,18.695228390533348
7598,12.264276466047187
7599,17.985482746704477
7600,11.239340139633017
7601,16.543757668209786
7602,15.5996173063982
7603,13.463474985067862
7604,14.411299411435882
7605,11.39604071168306
7606,15.507975497019608
7607,11.216219281414013
7608,14.570680502527516
7609,11.915114985014124
7610,12.948709333069191
7611,15.568613445361981
7612,20.059918278254553
7613,15.73138991277431
7614,25.0439401209687
7615,19.364272447285693
7616,13.984437715288578
7617,16.791658394682322
7618,13.593307803428639
7619,18.709110204387777
7620,15.800848473635241
7621,16.2177473821382
7622,13.317857318365192
7623,18.433464941814343
7624,14.460231314505657
7625,15.979809173541485
7626,14.771285385422631
7627,15.891185041699257
7628,10.637029519469793
7629,12.661216707238921
7630,19.994443564081298
7631,19.70690838873012
7632,16.911694086243664
7633,19.876669180725806
7634,19.07114375602282
7635,13.909705274646642
7636,13.539555218046983
7637,18.09575794199378
7638,14.443304636810232
7639,16.363520371923038
7640,15.317024777322953
7641,15.106382194950637
7642,16.198401007626842
7643,18.074369052172365
7644,11.067633011146341
7645,10.052061962329908
7646,7.652196983392647
7647,17.6727685709524
7648,12.30906465916674
7649,20.023523086822152
7650,20.752084633682607
7651,15.235465283796087
7652,18.22691658479347
7653,20.04188703950019
7654,9.568292471012242
7655,13.483439205342636
7656,13.409497013704486
7657,8.261403491455246
7658,23.7424592377752
7659,19.69720753195257
7660,20.38442145732543
7661,21.10320520406723
7662,15.961214838241952
7663,18.056451094239048
7664,14.560374170612198
7665,17.897219194317124
7666,22.60970055648246
7667,20.669152071170238
7668,15.467331953207493
7669,11.145494868474035
7670,13.370841745095564
7671,19.45178614704887
7672,13.131800984768152
7673,13.572508882847067
7674,13.255247273068637
7675,11.398918222461944
7676,12.019007254225023
7677,20.028702269680153
7678,12.064284273507228
7679,16.32401652214378
7680,16.225708260720943
7681,15.428586656672941
7682,16.800809804685613
7683,13.620919248073667
7684,18.98381999238454
7685,15.571737124245706
7686,13.20125860150525
7687,17.489470192694945
7688,20.57847053458333
7689,15.922060127378186
7690,21.655275917067545
7691,14.928897252561937
7692,13.34562856155554
7693,17.98882834981734
7694,19.335745806069365
7695,15.187142060293668
7696,9.192521751783499
7697,15.989206627711019
7698,14.894051667158234
7699,19.047904756772958
7700,15.996150950246863
7701,13.56711938868012
7702,15.752462301857639
7703,17.516187081010145
7704,16.49451281891154
7705,17.149547636670384
7706,14.314408308209297
7707,11.505769990014354
7708,14.585873305561181
7709,17.542080762324165
7710,20.167244396659612
7711,17.028905354484465
7712,14.903929391778933
7713,13.213656953656587
7714,12.208758684082673
7715,9.788843751345262
7716,11.502687083350422
7717,13.192387063883736
7718,14.881020915594066
7719,15.180991048418573
7720,15.491478008081604
7721,15.323795465748882
7722,17.454022936042584
7723,17.229029032175305
7724,13.346874095692066
7725,16.51116525063373
7726,16.99732444119232
7727,12.855730327087771
7728,14.144189805885604
7729,15.907558955156542
7730,15.07047060230349
7731,15.873222609221422
7732,23.9544608455209
7733,15.01993416432972
7734,17.166224917090332
7735,9.647926018942865
7736,20.029754642102723
7737,20.066642549399866
7738,12.215969283715815
7739,18.470291513585828
7740,17.30163219146325
7741,14.95729742333717
7742,16.92726843341166
7743,15.665063747113152
7744,12.181149257934578
7745,15.365775265511905
7746,14.056790243404215
7747,16.23130749600427
7748,19.960881761109302
7749,9.941412454535811
7750,16.809497701922183
7751,9.808685738210709
7752,21.719643758814502
7753,16.870548132708734
7754,13.740215893359084
7755,20.450226948843998
7756,10.899312909024015
7757,14.44146993254055
7758,11.057615635483721
7759,19.679074049486964
7760,23.934877705875166
7761,14.078710725840791
7762,12.89430610714014
7763,15.611280077606168
7764,17.916009357924448
7765,11.82064632819668
7766,15.120007791042301
7767,12.735968311853206
7768,16.89415389936365
7769,22.73860029864681
7770,12.065749433148508
7771,20.175816037154135
7772,14.318837901071229
7773,8.85580656216495
7774,13.540644177749323
7775,18.2009366784118
7776,17.47669371757305
7777,13.424188864565577
7778,17.052729957141715
7779,9.500942065764834
7780,12.75222500867082
7781,16.337047375023694
7782,14.414635948871164
7783,11.085513929950281
7784,12.565347903367694
7785,22.553387409196446
7786,17.448324897776722
7787,16.065867668958354
7788,13.220278677042241
7789,18.535298153572587
7790,21.003831638347243
7791,8.515799283933855
7792,22.285971217124505
7793,12.992824590317875
7794,21.734396939405727
7795,12.655147653194089
7796,14.036203495268314
7797,12.558664907350803
7798,19.473288057352
7799,19.809425200113168
7800,14.702986600437098
7801,16.72860962965516
7802,15.367671588783935
7803,16.086632042784366
7804,17.365093373130087
7805,15.229901584609694
7806,16.163249145074488
7807,13.795970253373179
7808,20.469673854733315
7809,17.753086683532956
7810,15.284116381449744
7811,19.77368290200431
7812,18.78710999622156
7813,12.097829641472945
7814,9.08995971660529
7815,17.506999477994604
7816,18.487601260587326
7817,13.220072978739896
7818,15.842187831879015
7819,18.985434219834577
7820,15.043277079288881
7821,12.336131319383615
7822,20.556719931475534
7823,18.905737558357387
7824,14.974670404968888
7825,12.023874538773526
7826,12.1296351596374
7827,16.36783979032497
7828,19.00380369283643
7829,21.254513463654455
7830,14.982069398076511
7831,9.73197012953621
7832,16.161678534174364
7833,11.888246625009465
7834,20.335652067442645
7835,19.71912476071691
7836,14.955574954532063
7837,22.81827052074999
7838,14.482354998181675
7839,16.16255603053956
7840,20.279743205078017
7841,14.542087411484523
7842,17.297670991112568
7843,12.020119601166666
7844,11.805691488218873
7845,17.598475409291638
7846,16.0657292851173
7847,17.912343495468573
7848,12.204969060773616
7849,18.220054572328614
7850,14.340338599605394
7851,15.701706762725957
7852,19.05746699912988
7853,20.640020694840317
7854,9.18608945183103
7855,20.917896381413726
7856,15.352627303579961
7857,12.359730238601959
7858,17.763959179660887
7859,16.887845483483133
7860,16.658633311922735
7861,17.278853294699367
7862,13.760247979018787
7863,15.599128734906513
7864,18.073604271717052
7865,17.106368245944346
7866,21.153497422814038
7867,15.139387185968905
7868,13.637576201805416
7869,17.752241045235046
7870,14.548183305879176
7871,15.53008227465878
7872,24.65150495252344
7873,16.633335107840956
7874,12.743532596087922
7875,17.412513577281086
7876,22.43793396419707
7877,13.523962770150685
7878,15.526774105590148
7879,11.021953247266115
7880,12.19966603821009
7881,12.498785026112454
7882,12.920220243065407
7883,22.70980536421809
7884,18.23749160402881
7885,17.46243681514933
7886,15.048678825472255
7887,17.26309699919988
7888,17.787091225273016
7889,14.046447409704461
7890,16.123224294607056
7891,23.05565742270977
7892,15.551862575813823
7893,13.250538476354006
7894,11.442716740249182
7895,12.61607704661396
7896,15.386693944522015
7897,17.05744795981976
7898,12.587950767014735
7899,13.676303634520716
7900,11.964414886149285
7901,15.741039801086137
7902,13.15075334051094
7903,13.77716135205121
7904,13.840049237366397
7905,15.922679117692072
7906,9.710708242708815
7907,12.693828073891295
7908,20.66896938200336
7909,11.04340832047517
7910,13.50100264238721
7911,20.013292985842813
7912,8.566705046701426
7913,18.11688697830858
7914,11.612076440099141
7915,15.815663928180323
7916,19.255359905185195
7917,16.927621261536707
7918,17.87450082821584
7919,12.515622212104192
7920,16.6947574745231
7921,16.680768291967542
7922,13.914459846530509
7923,11.619953473219914
7924,23.330338939080114
7925,14.882494232800306
7926,8.669310817284842
7927,14.56185991887654
7928,15.359820690316067
7929,14.833440013365916
7930,15.865529176256844
7931,12.032038705425936
7932,16.356433245374387
7933,15.463368194831238
7934,17.758333409071867
7935,17.125114506020367
7936,9.140500814936413
7937,10.493004269914366
7938,17.691278118547906
7939,17.741858499437893
7940,15.09334410015888
7941,16.492750930436443
7942,21.93875643409082
7943,16.934071729934068
7944,15.490990529507
7945,17.247415613100596
7946,13.289930507437765
7947,18.23776078497899
7948,12.831100759512557
7949,15.773223441600432
7950,12.040646230476852
7951,15.314139623437471
7952,15.136475802816847
7953,15.082660608691876
7954,18.484926634265204
7955,14.307025166408204
7956,14.954366650070716
7957,16.443861668768676
7958,19.410605722739383
7959,18.539940965001136
7960,16.56441517928331
7961,12.341644602429668
7962,19.99358805242487
7963,19.016054796818608
7964,14.344519887883473
7965,15.869505270441573
7966,20.775434643090414
7967,21.130309669940075
7968,13.633624555587327
7969,16.896468845617225
7970,14.326767580380896
7971,13.943411758474303
7972,13.95621172671278
7973,24.620714548410433
7974,19.33937304299493
7975,12.2385704086687
7976,17.376633138262108
7977,9.855852806455987
7978,22.787790073794895
7979,16.031286993998343
7980,21.564667426836586
7981,18.973390221865913
7982,21.459314514876738
7983,15.609723652793889
7984,11.482802020281495
7985,12.304752441748546
7986,13.897472174527389
7987,20.170164775761727
7988,21.329222599263367
7989,25.085232914994926
7990,16.406120242135323
7991,17.105226306072566
7992,9.56526946525046
7993,11.93693876340934
7994,13.241446723152036
7995,16.3262740581263
7996,20.554991936184784
7997,12.51826910608329
7998,14.908272324505548
7999,24.746499736864877
8000,12.992113358575278
8001,13.105828567271535
8002,19.36817358557749
8003,8.021483448813523
8004,19.038787341420047
8005,16.765945220813656
8006,14.724557937195687
8007,13.888057682960133
8008,16.825964225248953
8009,18.87379410305042
8010,17.035526993403884
8011,12.390309038967306
8012,14.570580128610015
8013,11.030048938300169
8014,9.91987377472206
8015,16.973697505332417
8016,17.43446735352416
8017,13.900712591998937
8018,15.906458803314358
8019,11.624748059257223
8020,21.641076590314427
8021,15.239410788404827
8022,14.933139080770705
8023,13.268898666619634
8024,15.526495200495557
8025,11.114609457084615
8026,16.23020355251144
8027,15.004280686774104
8028,16.953100929993965
8029,12.574318579768237
8030,19.582989037719614
8031,21.798059633624675
8032,19.820454395307095
8033,12.411336562520983
8034,10.126927665376677
8035,18.21261539413807
8036,14.730615807932857
8037,15.516459351663384
8038,14.01460650083033
8039,13.401566650864197
8040,12.698131163690874
8041,9.831096030379317
8042,14.81130757870791
8043,16.78725782225354
8044,13.34509258685985
8045,15.68522662563275
8046,10.268376700475688
8047,13.615194284527135
8048,13.818044464363187
8049,20.714286749563236
8050,11.123538229707016
8051,18.955238312214288
8052,11.539169220123856
8053,22.694481883314538
8054,14.924850007968457
8055,10.507170515382086
8056,15.657768727513965
8057,10.855417057397005
8058,16.287933006886437
8059,25.197105869708885
8060,14.956703972997039
8061,13.87958596994648
8062,12.167776155555135
8063,18.076722400146615
8064,9.356359833752458
8065,15.01196641328774
8066,19.88483221282626
8067,13.039995252315078
8068,17.036435376449028
8069,17.0566424558396
8070,18.15139037706037
8071,18.59319893346023
8072,12.035104532041391
8073,17.13513778506821
8074,11.881325977184137
8075,13.845379302500774
8076,12.678832948276344
8077,17.29260425648401
8078,16.031690023799072
8079,25.10401856875321
8080,15.241260642248603
8081,14.937144124476022
8082,15.712612994775949
8083,17.13811030685366
8084,13.36925740935446
8085,15.969741469485792
8086,18.717539173639775
8087,8.942117133765223
8088,15.55223375063685
8089,10.749525707240213
8090,15.311684130600696
8091,15.582867635201824
8092,14.129435929094486
8093,17.826037278638736
8094,16.78489442066445
8095,14.25929387413841
8096,14.307960511380996
8097,13.997841860686094
8098,17.30721018599241
8099,16.338388790067267
8100,13.770660252765804
8101,20.734206005576972
8102,14.151229257895027
8103,22.828117099495195
8104,14.09557003555192
8105,11.9104916370712
8106,12.694251079215888
8107,15.377415450153128
8108,15.513801750725415
8109,14.417610774585542
8110,16.159282915759757
8111,20.12901714966391
8112,13.503648230855458
8113,13.89005147879961
8114,16.058864161930096
8115,14.086110800318414
8116,19.10470721311136
8117,14.623659376637205
8118,14.976815566876283
8119,22.16443135537432
8120,20.233755658825956
8121,15.249586834242598
8122,17.93094854529315
8123,15.424227043570065
8124,19.748358822085173
8125,13.68823518998935
8126,10.559489696342027
8127,14.006881005062995
8128,13.167861003779265
8129,14.643747483396524
8130,19.11282359786984
8131,16.66238613234946
8132,12.248604060851989
8133,22.871366888302035
8134,17.15085424879794
8135,18.304587529819514
8136,12.474096134642513
8137,21.154126671306663
8138,15.85097885370709
8139,16.63407923396698
8140,12.506764394672844
8141,14.042143488540143
8142,16.425300885685015
8143,10.068524801364923
8144,13.08887301219034
8145,18.574852320920428
8146,12.197128236087272
8147,15.334908290825402
8148,17.735229021907422
8149,12.165628516824295
8150,19.097600918854802
8151,17.61005588115701
8152,14.488739205392962
8153,18.238111259863082
8154,19.536143302324746
8155,16.39020160762538
8156,13.43246832110064
8157,20.631996499663757
8158,12.646412376182164
8159,13.017622891302159
8160,10.617109520994852
8161,16.01878258585456
8162,17.46491299873209
8163,15.705821418245597
8164,12.370972698422218
8165,11.267519990789944
8166,11.71765787847914
8167,11.647836869925436
8168,17.646439041483582
8169,15.685985742995609
8170,15.647118980628825
8171,11.227692670481837
8172,19.143707865355918
8173,13.835254541777058
8174,14.886350688802887
8175,17.466964524446997
8176,8.986200654110252
8177,8.613413301265384
8178,12.779522070852803
8179,17.101019753373023
8180,10.032159779959905
8181,16.594125862179386
8182,15.10335779617405
8183,16.249170118306424
8184,18.90058486235983
8185,12.213143902671316
8186,15.168664293562527
8187,15.719489333925877
8188,17.411253558739396
8189,12.854974937666096
8190,24.90090271956408
8191,13.993357221261032
8192,17.757704225644304
8193,12.232366673083593
8194,14.830863337302986
8195,15.505661199713893
8196,8.874933699822645
8197,18.731428916826125
8198,14.993109131197519
8199,18.667097109385224
8200,22.055210169843924
8201,13.313614034348069
8202,15.086072109711216
8203,14.969299997894513
8204,17.26781912475331
8205,20.903713812556955
8206,12.61053242079789
8207,12.668123706972981
8208,11.885079087612052
8209,14.149076755409006
8210,22.007602953803975
8211,17.227157075618287
8212,20.975873720873285
8213,13.322653642108547
8214,16.12907298463952
8215,16.71578149868369
8216,17.889013631355148
8217,15.033274139122677
8218,8.278009187772476
8219,17.41105750349316
8220,20.30705830346443
8221,14.488464886307524
8222,15.779393650736159
8223,16.175272534181747
8224,21.95737773478126
8225,19.08338767539496
8226,16.437328451684955
8227,12.034218406232974
8228,10.636251593969131
8229,18.144680779907283
8230,17.086181039843204
8231,20.735115428966672
8232,13.279889304918967
8233,17.26830385836677
8234,21.648834636689227
8235,13.365718750242152
8236,12.428959312592193
8237,18.061638096267515
8238,15.660748274392192
8239,21.485301239401025
8240,15.007003973876579
8241,15.626350627642582
8242,16.1483994875145
8243,17.778809597349323
8244,8.870076951232289
8245,17.486235965019574
8246,18.045653502483923
8247,16.35140109497757
8248,8.362797348807492
8249,16.203668524349784
8250,18.745914248772092
8251,16.16744771544569
8252,16.66252947371894
8253,12.35347835662071
8254,15.124687829716946
8255,21.86273633193936
8256,15.30650116284176
8257,15.11028713346885
8258,16.93507002370402
8259,8.6438681930222
8260,21.881555783488967
8261,11.5282192908352
8262,19.35763073170641
8263,18.84536696913797
8264,16.50855371663414
8265,20.609314875909597
8266,17.47036632332429
8267,19.915654161529535
8268,14.820579627505413
8269,11.341734293654794
8270,19.73488151953046
8271,24.378310827993253
8272,17.407364959633462
8273,11.123903884920043
8274,17.911844415519028
8275,11.269419333823485
8276,11.040696645455165
8277,12.791378348243688
8278,17.34111808424746
8279,16.327752021083583
8280,16.935045017012506
8281,15.237007942741746
8282,15.221314919281507
8283,12.676512104605369
8284,16.91193582683625
8285,22.798622459674064
8286,12.261558859731888
8287,12.858141518316698
8288,19.000336063526646
8289,21.49519210513425
8290,16.788641333415306
8291,15.507237940134761
8292,12.391559290463679
8293,17.503790499135967
8294,17.814442056022553
8295,15.0029736440669
8296,18.75677703466436
8297,20.792372327212746
8298,14.306613573520904
8299,15.857010476723561
8300,16.33994983109491
8301,15.403359798194058
8302,11.489405533790865
8303,17.136787623773465
8304,19.671245815292902
8305,12.271687504971563
8306,16.043710296414915
8307,16.894070795391432
8308,17.60670927386856
8309,16.910224233424053
8310,15.284944606823428
8311,11.792685781989388
8312,11.165520851722839
8313,14.05698552207141
8314,16.176064485028295
8315,19.30120574990793
8316,18.955287447035168
8317,17.006416968218012
8318,17.24206584149468
8319,18.899425531555494
8320,16.150298192946778
8321,17.489494073183266
8322,16.872977083784008
8323,16.760825657008358
8324,16.76723163439612
8325,16.713051571864916
8326,22.447183543403767
8327,15.317905495102528
8328,17.477243919782126
8329,13.625523266384882
8330,16.176410411571908
8331,17.867603711277887
8332,17.857232384113217
8333,15.140732508565256
8334,15.607737802974038
8335,16.646726002568492
8336,13.975924455687343
8337,12.76469379686386
8338,17.235360683329816
8339,8.992382054077048
8340,13.699734683886456
8341,21.109753635819736
8342,17.981514248860982
8343,11.431357941291317
8344,18.36574987373843
8345,13.492675814670594
8346,13.985092411352248
8347,11.882792605127985
8348,21.239408887854765
8349,13.594504894097106
8350,13.961744727831045
8351,18.88116319331239
8352,13.249833416602373
8353,17.680666112461914
8354,14.70549784540546
8355,17.50390013350527
8356,15.813850439789075
8357,22.57009127814664
8358,14.252145901915608
8359,18.904961560204818
8360,14.25600452488832
8361,16.311331705043603
8362,13.4435632938246
8363,21.472933300295267
8364,20.682946827218966
8365,12.583742804145665
8366,13.35335529861506
8367,19.03730766880553
8368,17.67386927569615
8369,22.201708294898054
8370,13.389534206714298
8371,16.461661901454896
8372,13.092422692489357
8373,16.482222404420135
8374,22.385059269216484
8375,15.495035588036284
8376,17.68303474613127
8377,10.869138310258238
8378,22.799347510186088
8379,16.198230649797196
8380,12.308980079749965
8381,16.226167056245217
8382,14.578757357337649
8383,21.157816578744693
8384,16.36588276755569
8385,17.990042191887177
8386,9.385594432682542
8387,21.466040476178456
8388,20.275668521906525
8389,10.461211138494413
8390,17.062621283345415
8391,15.561339812247683
8392,14.448810232158602
8393,16.50569396647824
8394,13.402221597327454
8395,11.421485887240403
8396,12.749479472071208
8397,15.043967105318174
8398,17.42430765927321
8399,18.1766657054336
8400,12.222527937277754
8401,16.066559735090305
8402,14.805050973101133
8403,16.450625636997863
8404,16.730613287464998
8405,17.596089357935693
8406,14.77485535717102
8407,13.259917877043053
8408,16.067288475759696
8409,15.494606023186858
8410,14.324639038232656
8411,16.013933588301285
8412,16.696360088589316
8413,7.508584330842483
8414,15.45352450854742
8415,19.026405107421994
8416,11.70724312095846
8417,16.527250615660563
8418,18.542947514745457
8419,12.32493835126299
8420,16.28016013168693
8421,9.812791098582144
8422,14.307822491256834
8423,21.462373338812103
8424,8.055417407078636
8425,13.807291938184758
8426,12.887628489307996
8427,12.903822142693622
8428,12.521715670363715
8429,14.902489434491372
8430,21.53573651950451
8431,14.762283026436261
8432,12.864819367306485
8433,12.571312747072424
8434,10.8463917410668
8435,21.34443922364488
8436,15.913423788379408
8437,14.661270925427143
8438,14.4896544420991
8439,19.426147090696382
8440,14.131328375628382
8441,16.32114500291471
8442,11.736937747673938
8443,14.016767196817966
8444,21.046493779372916
8445,15.534163997507225
8446,9.98444911109175
8447,22.453771751516314
8448,19.269300232080063
8449,14.13323614504802
8450,17.238681438143793
8451,14.552827765376158
8452,15.214787249116336
8453,13.472027464366448
8454,17.640634256632715
8455,12.134139856610794
8456,21.49623680620072
8457,16.03872569644252
8458,21.591540649742605
8459,15.509439129848763
8460,13.147329821158262
8461,14.261041278123612
8462,9.037943537079403
8463,10.234375816233722
8464,19.392986936945356
8465,13.441144580997324
8466,10.951063967986158
8467,15.71396626580597
8468,19.172191354554194
8469,15.378889976509027
8470,20.51631503722949
8471,12.177657960202183
8472,10.509659402527797
8473,15.3770254011085
8474,18.36958469145099
8475,15.565937147693441
8476,17.16908257854439
8477,15.4803876931889
8478,19.55558173691516
8479,14.802738713719965
8480,14.521347029677846
8481,18.873769613733067
8482,12.760348575669552
8483,12.110132103427024
8484,11.734575941659768
8485,15.715268194661133
8486,16.980812110369023
8487,15.264076036208554
8488,18.161005795403423
8489,12.500204591913477
8490,17.98116432955608
8491,12.774962291751288
8492,14.019667667690724
8493,22.523942967025945
8494,18.154873807121103
8495,21.957242299638295
8496,23.623039373137587
8497,14.494138631673977
8498,22.61945934197356
8499,7.641258400773512
8500,12.501765946699257
8501,17.620483310051945
8502,17.7035071827913
8503,15.915058462277887
8504,16.435438103591828
8505,10.050484888379891
8506,13.036947858533104
8507,16.91132881948004
8508,12.863169200856952
8509,14.746174950252405
8510,15.577264209521982
8511,13.60092000893908
8512,17.54345992704966
8513,13.686359441860287
8514,14.190798412302964
8515,21.299765465912316
8516,11.497093315363188
8517,18.60784200319452
8518,22.537383129237156
8519,16.698722134001017
8520,17.720600487090536
8521,13.9976881950678
8522,21.927660153313475
8523,13.965753993509377
8524,20.227291255557333
8525,19.097296793292394
8526,12.919194001996404
8527,14.8161199052373
8528,12.831915303236912
8529,15.548092869244483
8530,18.73796370413318
8531,12.42350081288222
8532,13.287572285443469
8533,15.788756026332708
8534,15.872407462058783
8535,12.273412262577068
8536,12.406105782785916
8537,15.521519013653842
8538,15.395935544593488
8539,18.26473044147326
8540,17.140734316430994
8541,11.955664774733759
8542,13.372258337432775
8543,16.77756783390405
8544,8.971647153139894
8545,13.62442488578308
8546,10.01742683415844
8547,18.653892304490817
8548,17.112715450192265
8549,18.403916692784456
8550,15.41966370153259
8551,18.690942878842733
8552,13.143668983925295
8553,13.762667514119542
8554,17.203197569456584
8555,19.919261979243984
8556,13.73472027677202
8557,18.68594980156015
8558,15.648605357892015
8559,17.33541722674046
8560,12.253389666621732
8561,17.571587876143447
8562,10.095992183786347
8563,10.220917985219138
8564,16.22290342041935
8565,18.075666597211086
8566,10.193159099124546
8567,18.07378781226786
8568,21.24001182399566
8569,12.239457315266144
8570,16.959055449641525
8571,14.969867138710084
8572,11.946438005402467
8573,10.76923882139878
8574,24.141518905381233
8575,22.782776421164975
8576,15.014718493660107
8577,20.39118831666675
8578,9.845847753503287
8579,12.37879003278695
8580,15.189751284739055
8581,13.698738712453325
8582,21.860999527883727
8583,20.707971507300492
8584,14.729836089891833
8585,12.815070491625502
8586,14.164401018421726
8587,17.358316487172306
8588,9.959764827491911
8589,11.571201118512738
8590,10.436555085905262
8591,10.554924965405435
8592,11.142288664960827
8593,15.291086672405857
8594,18.534482565272786
8595,15.034916564562534
8596,17.35184281446947
8597,20.681462871908124
8598,14.080506028579768
8599,14.818349642356344
8600,22.673322158930212
8601,13.416093148085537
8602,14.390043716553496
8603,14.492815878561515
8604,14.1948405514192
8605,20.270557089560576
8606,11.048153967052569
8607,12.238182019620478
8608,15.44294300832367
8609,15.683564180356553
8610,17.343537727481497
8611,15.144036202984333
8612,11.42676889042492
8613,11.346817450979042
8614,17.743936200753446
8615,15.19131412920463
8616,10.973503705772906
8617,17.366654011825673
8618,19.163423638736546
8619,13.199422198317873
8620,12.314020803259194
8621,17.542145662819003
8622,16.409265241995286
8623,17.215900058361882
8624,19.132862679857173
8625,14.866702757357016
8626,8.333160308171562
8627,16.692920954120222
8628,12.743383815172107
8629,17.063545329304304
8630,23.333977850380798
8631,23.058116085835614
8632,14.329420541202506
8633,21.00559175721903
8634,13.494157116627147
8635,21.964689169793274
8636,15.186964124924234
8637,20.20770492772627
8638,16.30649558675271
8639,12.196675412405257
8640,12.929448681258268
8641,18.675302275053284
8642,13.034258444823354
8643,19.98794388857266
8644,20.127021456566553
8645,14.609665470205826
8646,14.442092280213151
8647,14.381448809319387
8648,15.661755124382157
8649,23.63766183502777
8650,18.559050614674433
8651,10.896419749924021
8652,14.027182107220188
8653,10.638024456759862
8654,17.963082910995357
8655,18.8572259947364
8656,11.905174961340501
8657,21.267759477342814
8658,10.674232602903599
8659,13.207527884477553
8660,18.309287228149742
8661,20.25710637772966
8662,15.181591740878583
8663,21.714987793975013
8664,16.272364041471455
8665,14.609993232232066
8666,15.290265328113161
8667,15.308775668727307
8668,22.206857777428027
8669,18.98477804464975
8670,18.497151199275997
8671,10.853231634480977
8672,18.617652582846667
8673,12.874014867073296
8674,20.37361796339006
8675,18.68197322824866
8676,14.475347092916145
8677,8.433121900672726
8678,19.08906432356388
8679,19.8540856939035
8680,13.400249261212831
8681,19.193040453069486
8682,20.360501536035684
8683,15.665228701504448
8684,18.72478581109837
8685,19.94458922186066
8686,19.949746653530546
8687,9.917176190122937
8688,17.465943430163023
8689,17.905603837800513
8690,19.2976461834753
8691,16.4801928231718
8692,14.582275791815604
8693,15.48348669168554
8694,24.419834694557878
8695,11.094328957746079
8696,16.357511139677264
8697,18.255297372961
8698,17.005182968176477
8699,11.733850595830724
8700,18.559396215671608
8701,18.731511216753212
8702,14.35905537414354
8703,14.535641843874968
8704,19.155150359912604
8705,16.276764713031667
8706,17.496049765049605
8707,13.698746623916996
8708,17.416285629523827
8709,12.391288036377178
8710,19.712370979797896
8711,11.938295978377372
8712,16.438281015515535
8713,12.925678102714981
8714,16.570330581996814
8715,13.216232139144777
8716,17.85771562504722
8717,15.586380906041908
8718,20.15576033129026
8719,20.103849428003127
8720,14.114651429189536
8721,11.337612287579665
8722,14.006684087219842
8723,13.106252156581924
8724,12.385667693782928
8725,16.786859749290976
8726,18.070988055249625
8727,10.796107970423291
8728,15.83646384455618
8729,14.491590928003498
8730,18.21909801408843
8731,10.240318142428166
8732,12.63022252370133
8733,20.327381474638102
8734,17.28887096109735
8735,13.174093197729547
8736,19.100133935427465
8737,11.938128489235392
8738,11.535066141431923
8739,16.07581798418412
8740,20.220193949173687
8741,16.21635337652188
8742,18.634491394038704
8743,14.057613092299466
8744,22.18571413475903
8745,24.651473382695336
8746,13.73445874663934
8747,12.08959862730449
8748,15.64683139465616
8749,12.644809617354273
8750,12.598133825724185
8751,11.724194748145152
8752,14.119687313859352
8753,11.803916635462144
8754,16.308378659499787
8755,8.704512135692724
8756,16.96050226271869
8757,18.105380686901654
8758,11.863028255510256
8759,22.319608847418323
8760,12.320408267127144
8761,14.0631141796112
8762,13.84398609212877
8763,10.069265756920595
8764,10.371289154195512
8765,10.627222225447763
8766,10.034368285112325
8767,14.709910272949934
8768,16.770581336559943
8769,13.961941276709947
8770,16.077063263751416
8771,12.536811046672021
8772,20.43619037626248
8773,23.25953516284023
8774,17.788269832804104
8775,11.760836668950525
8776,10.890715289879683
8777,8.118917984929647
8778,16.849102629132425
8779,12.141371765123443
8780,12.271250942407733
8781,18.987135961435698
8782,21.74414845516513
8783,20.111103927687722
8784,22.32849201727472
8785,10.947303840566313
8786,14.9765684349549
8787,24.778471389003933
8788,13.504229976590125
8789,12.655415839503497
8790,14.038280567820092
8791,17.845677668834902
8792,18.31972965999784
8793,12.56131163689208
8794,13.520194892025614
8795,18.283774601568147
8796,10.70440467757952
8797,24.05500724966071
8798,21.478566360084855
8799,15.511628264085564
8800,12.292937722249432
8801,18.47312383697981
8802,8.022430696565271
8803,13.917843679873247
8804,17.50680450861324
8805,19.509769747284096
8806,13.180324813835913
8807,14.847151641528525
8808,11.67343380132003
8809,15.428862060232625
8810,14.847268324712855
8811,14.107917588970627
8812,15.721964306867369
8813,13.828884135947531
8814,16.025017475848546
8815,20.2593453321891
8816,17.146080864850482
8817,14.667999465597257
8818,13.700632775306026
8819,19.053439972153257
8820,8.764676135242834
8821,15.532174781914785
8822,10.788165162994602
8823,15.809004248557901
8824,19.525976368671657
8825,19.311811801443547
8826,22.446300862826703
8827,18.343222738189738
8828,15.852949178630661
8829,10.178157295977403
8830,18.864601543664868
8831,11.515938622938524
8832,16.708493719788628
8833,19.416567116289507
8834,15.55890777729005
8835,17.08341774879544
8836,9.665153106132173
8837,13.745699162274619
8838,15.248565118909065
8839,18.891094139140442
8840,16.909634537595913
8841,18.118780563772848
8842,17.086429295284006
8843,20.229181608510824
8844,14.846455046039134
8845,16.226988541649916
8846,18.967646630128698
8847,16.116668576135474
8848,19.262658481853823
8849,16.998154412461048
8850,16.741271355392385
8851,14.364592514093037
8852,14.55810972496349
8853,15.177601657561707
8854,11.398964611602864
8855,8.86311327783972
8856,23.373719626377216
8857,21.803105912152308
8858,13.179108880371272
8859,16.01268787044794
8860,23.62187347917058
8861,16.766018905984843
8862,15.895615981888414
8863,15.266317192797016
8864,21.680788605660073
8865,12.976799539599034
8866,19.220409675617343
8867,16.02301585717283
8868,17.903040757024726
8869,20.465331191074533
8870,17.813740186785424
8871,10.353098380309696
8872,12.491731838006011
8873,12.184297855264283
8874,11.321122922078459
8875,17.788162273621914
8876,17.10655346897319
8877,16.769584308835448
8878,8.450437913153745
8879,11.753179000583694
8880,17.387374538726696
8881,15.504173188057866
8882,10.454334373309393
8883,15.922704831079038
8884,11.440401749374606
8885,15.215979523455314
8886,15.874459607016592
8887,13.368289287381293
8888,17.755368594806
8889,13.887281865240006
8890,23.88071221725503
8891,16.076115943125906
8892,18.47240792092275
8893,19.33642024027902
8894,17.46466259173882
8895,17.857451545094463
8896,9.761939476668282
8897,14.30938241023989
8898,10.172171709431453
8899,17.58907778355067
8900,17.111420904004305
8901,12.982779445435778
8902,19.066910283772664
8903,22.041768988756303
8904,18.286612207308842
8905,15.305925496897975
8906,14.83364903491045
8907,14.71251118944876
8908,11.863740929586477
8909,11.442464281837818
8910,16.33358804060888
8911,17.90638173526861
8912,19.749284233022266
8913,23.714675230530318
8914,13.485438040061512
8915,16.62214219133032
8916,20.621093200593705
8917,21.459130084172216
8918,13.872402426096087
8919,20.473429666585044
8920,13.521152283459886
8921,22.2911302471283
8922,13.027289859707516
8923,17.345110494963972
8924,11.622799739172525
8925,14.740885525975095
8926,14.11340780333699
8927,19.408106696153972
8928,15.26665849362041
8929,16.691150028396613
8930,10.808032496378214
8931,12.640715445043142
8932,14.920939396417223
8933,19.246770699186783
8934,15.808946336533744
8935,11.61640302504252
8936,19.706847746574812
8937,13.6234857989087
8938,19.561929058508888
8939,17.224509768896883
8940,17.204302495197922
8941,19.023111572077497
8942,13.196276937549724
8943,13.492924699311335
8944,16.251533180183287
8945,20.282262276689398
8946,11.532878048195558
8947,20.545560960306886
8948,17.61208727157866
8949,10.422857903235336
8950,14.657656966462534
8951,23.633169664140183
8952,16.79208564897577
8953,12.12797191605417
8954,18.088914868771276
8955,22.155022112296777
8956,10.24794827201465
8957,12.336591678752267
8958,21.16920337632464
8959,11.790952476602428
8960,18.508546246242837
8961,14.412807682600507
8962,9.864360224700407
8963,20.9131258811643
8964,11.231880941829694
8965,17.333619300230495
8966,18.315582061294513
8967,25.363280631079164
8968,12.337132974282142
8969,12.435884959881701
8970,20.218229706358194
8971,17.15636550013435
8972,15.790115867557747
8973,18.006542655919432
8974,14.045082030757568
8975,15.982225403164511
8976,16.920490074802977
8977,13.031283376298163
8978,15.96065315616613
8979,15.53750543113407
8980,18.357088125787143
8981,14.230961259001704
8982,18.241696005220653
8983,13.787832638147998
8984,17.02265883625324
8985,12.397301177152485
8986,17.84318619653049
8987,11.956287203906001
8988,11.401246650087636
8989,13.515690375613278
8990,13.555390392430427
8991,10.917641985002849
8992,16.805598805489364
8993,14.997048790041127
8994,9.089335479819542
8995,11.625867118828742
8996,15.395403595015672
8997,22.3758205173367
8998,12.568170113946671
8999,13.09042726296916
9000,20.30298445677849
9001,16.89822902196414
9002,19.436795925615634
9003,13.59564792085833
9004,11.621307814047409
9005,13.248313904014456
9006,15.86457084433674
9007,18.38761308384983
9008,17.69244752522168
9009,17.53682927517946
9010,14.788217451872521
9011,9.370060216464053
9012,14.231412711744749
9013,21.696241098735637
9014,22.272364288613815
9015,15.429250434064551
9016,14.44514561318834
9017,16.584512117488757
9018,13.081809624024302
9019,16.82059237155071
9020,16.806025452297867
9021,10.685243349133696
9022,16.32332349368808
9023,11.324853052621858
9024,12.749915405548983
9025,16.589941813998948
9026,14.036572399793503
9027,19.522070592674424
9028,14.569216482051077
9029,13.445960962547085
9030,14.427678193030305
9031,9.835353753993312
9032,17.0275081038778
9033,17.91871177315474
9034,16.219741435634795
9035,12.815581773407454
9036,16.082770444091523
9037,15.041585809039077
9038,10.84313581891363
9039,10.60157610533206
9040,21.472345781864973
9041,13.946562066122427
9042,15.46207552450835
9043,16.814125670728103
9044,19.89888431396215
9045,17.01149632394656
9046,15.257575666994528
9047,13.860939148768079
9048,12.85567897093567
9049,16.901029281277772
9050,19.372066578891992
9051,16.567456646759215
9052,14.598788706973968
9053,16.86845651013165
9054,14.513812853247346
9055,19.29498542581632
9056,11.722463110481296
9057,12.878292391208317
9058,13.912246661751846
9059,13.147987448028136
9060,14.660317433524417
9061,14.865531864283199
9062,16.95856985358374
9063,18.831648140420477
9064,18.0348538167666
9065,13.776992931582345
9066,14.761394524819117
9067,12.901212722122466
9068,15.625664802950803
9069,20.684501522997287
9070,13.866462710319071
9071,15.233061651564666
9072,13.84126631165956
9073,17.444454022129918
9074,10.498474960153702
9075,18.14250236785594
9076,15.996664339383303
9077,14.138253254125
9078,12.684687904696396
9079,16.604784545595606
9080,15.35118869443354
9081,17.884078103605376
9082,17.174876051365132
9083,16.099471272347472
9084,20.422809570306327
9085,15.129652601367686
9086,14.16067652220597
9087,20.250870473844884
9088,14.74431357038556
9089,20.951582195642573
9090,13.153422580300905
9091,17.262238034141966
9092,15.201112533825984
9093,15.836498682470074
9094,10.052957305740158
9095,12.8933028792616
9096,12.784402578273312
9097,11.744767585493104
9098,15.694863292873896
9099,19.612897123938858
9100,16.88982890485618
9101,11.424891459495814
9102,21.96326580078881
9103,11.844821322091816
9104,9.920331401738785
9105,15.973770771716577
9106,10.992311800193434
9107,13.000449070867216
9108,15.542670508433744
9109,13.906764763357089
9110,14.417182667135432
9111,11.170165481177543
9112,13.905785880579533
9113,19.161257349035814
9114,13.759214295064897
9115,24.439220476935894
9116,11.747455370849643
9117,23.275527497439725
9118,14.434944117425088
9119,11.81331098344148
9120,12.522835038093142
9121,11.734961775996776
9122,20.250455739473573
9123,12.987314425897205
9124,13.794755022510172
9125,12.330741094564647
9126,18.66564245286701
9127,12.076403667622563
9128,14.542740141592157
9129,17.149337902706662
9130,22.090252947004053
9131,13.098292926133212
9132,16.883649763063318
9133,13.858343449321012
9134,15.666970333589191
9135,14.74658661941443
9136,18.911721682126817
9137,19.474690085431334
9138,14.727800063186477
9139,14.69224912154019
9140,13.783472625041567
9141,13.963923036447714
9142,16.665342138903235
9143,11.666410697811537
9144,13.508172601834247
9145,12.649770321817057
9146,14.082737477061793
9147,17.827966602760846
9148,21.656430156013194
9149,12.910487936994594
9150,19.34031388820113
9151,20.369322036300744
9152,15.014520153014512
9153,14.36381926604165
9154,13.997135556776245
9155,17.737629003170618
9156,14.512347568174022
9157,19.216999049373403
9158,18.556441720960194
9159,17.754202212112006
9160,20.23055493945344
9161,10.119522923595323
9162,18.256389444597612
9163,12.266361310051458
9164,16.915594301380242
9165,9.162811880659381
9166,13.451125160886582
9167,18.9888919788962
9168,19.60202156582706
9169,16.377037623816733
9170,22.122646892957434
9171,19.147933231711946
9172,13.64429244743259
9173,11.185447720920344
9174,12.560104648531299
9175,15.986954984944878
9176,15.596168442775655
9177,17.751726481663447
9178,18.33511691849708
9179,12.563005624191083
9180,16.304625351702104
9181,12.981307943688158
9182,12.536099032746549
9183,20.93356016209649
9184,18.430111823419132
9185,18.856127501335102
9186,18.053181970072593
9187,16.955784848354174
9188,20.611889551915475
9189,17.846618162126013
9190,19.13824438667115
9191,21.091603492519475
9192,8.742521408608791
9193,14.136480193532645
9194,13.351229683204917
9195,17.007321817715024
9196,17.14471809200804
9197,14.0561955666629
9198,14.768406283308494
9199,17.52198839533041
9200,22.031793256055224
9201,11.001101056452377
9202,19.94109089053451
9203,15.882800650600108
9204,12.732428910432283
9205,18.057711816821154
9206,11.751954186823472
9207,19.77356556328568
9208,18.25281558996797
9209,14.445778304389874
9210,13.097549943619246
9211,16.030543467164545
9212,15.713810462333008
9213,21.358308517704117
9214,10.59058583772333
9215,14.232178333937314
9216,11.798588366462003
9217,11.811384838728106
9218,17.744702593688793
9219,12.92760854819764
9220,13.502770104771262
9221,12.658497205928157
9222,19.62273174112825
9223,14.314697433527211
9224,10.13499724885062
9225,14.563124265357326
9226,13.924418107742374
9227,11.066229695105434
9228,14.338458689683987
9229,15.575567704161328
9230,17.315298410517684
9231,10.459493218499468
9232,18.196320661596808
9233,21.523733563829367
9234,16.51727901403998
9235,18.165481154744484
9236,18.946103683304038
9237,8.887224460821571
9238,20.43110198671595
9239,11.151661324948272
9240,15.5995214241044
9241,13.058021625570866
9242,19.56908338408504
9243,15.04865893725687
9244,13.310444437082165
9245,13.492806705567773
9246,16.894170186842253
9247,15.655686810098823
9248,16.02551620616201
9249,11.160694966174159
9250,10.886392544678305
9251,11.736426096077203
9252,13.239333011049883
9253,12.24691822253801
9254,14.706221129140916
9255,7.789208818276916
9256,11.628552209420096
9257,16.471043297181374
9258,14.718719312472153
9259,20.41024559340948
9260,14.454849834181635
9261,17.909134418503406
9262,17.30707214359291
9263,14.910961201046812
9264,17.00849511124141
9265,18.50385448423596
9266,17.801541280518272
9267,15.430273282618753
9268,22.22390652213838
9269,14.848183008925044
9270,11.852301136137964
9271,14.309439521106945
9272,14.855760761425266
9273,17.282863538590128
9274,11.086998098221013
9275,13.247407718769592
9276,14.837104120465456
9277,18.29338337733491
9278,14.851940855343132
9279,15.07120445555961
9280,22.14658500980638
9281,20.889420937000793
9282,22.267396773495157
9283,17.226748252864137
9284,13.478503565323987
9285,13.766605645243002
9286,19.598333770885375
9287,15.871838943087885
9288,21.567152541282667
9289,20.536475514217777
9290,18.73898048277313
9291,15.998568739000028
9292,11.809613166693136
9293,10.129094178596386
9294,17.584344412410744
9295,10.354610558018123
9296,22.538662954747096
9297,10.444381872282332
9298,8.572714588856494
9299,17.006261683264974
9300,16.15698900427634
9301,13.064321292277782
9302,15.153150582239455
9303,13.62535239798548
9304,18.243786658851597
9305,17.786406677422676
9306,13.104259896069093
9307,20.38222026494403
9308,13.079839401041308
9309,12.748664785439864
9310,13.046196089773488
9311,12.57465643988958
9312,11.82657627501275
9313,16.83028506792344
9314,14.914822678151408
9315,21.023878893478802
9316,17.8969202819031
9317,12.723135546269056
9318,19.173751089203087
9319,18.577720780133568
9320,14.84176580914381
9321,18.835346589625665
9322,12.093432989115946
9323,14.237314408199346
9324,13.752373408624265
9325,16.62042182595838
9326,16.506405818936372
9327,17.909063685191036
9328,14.690943488828127
9329,17.009353603015818
9330,15.45619151778699
9331,12.67822224732842
9332,22.217902351387487
9333,19.972692798415558
9334,12.112332408017696
9335,20.971706288637307
9336,14.391587492681856
9337,12.692003793305567
9338,17.75004171228619
9339,8.418374368748799
9340,11.63001605477137
9341,21.498504307079838
9342,14.931527866247338
9343,20.00259889297397
9344,16.650777372359
9345,13.544628271817174
9346,15.250871327604083
9347,13.871357871356157
9348,12.998988408557647
9349,14.451188148940933
9350,17.903309847583525
9351,16.550320782608043
9352,15.020725914031155
9353,14.251751826190546
9354,14.606147641018435
9355,18.79604841748376
9356,15.69807040253554
9357,14.28225843135253
9358,12.537267187371429
9359,18.865801520618522
9360,17.812718120072645
9361,18.226333655623932
9362,9.699075750264347
9363,13.906114425089793
9364,17.730707046772146
9365,15.73805253577302
9366,12.088381031302404
9367,17.2099005968537
9368,21.186675715933717
9369,13.587486363036
9370,16.018323702772093
9371,15.22536382035033
9372,14.350920245952189
9373,15.33492421957067
9374,9.293101631144268
9375,16.407360056514566
9376,19.13441069824473
9377,14.96283796606599
9378,12.308118717208767
9379,15.602739648316982
9380,13.372241743759147
9381,17.830616754069553
9382,11.640186235816053
9383,20.06690106451684
9384,20.931851471500405
9385,13.657879569719174
9386,16.286452202621774
9387,23.011317735255354
9388,19.814641603482173
9389,13.826838388678954
9390,17.943094535572396
9391,12.31684429147882
9392,12.523756448384201
9393,15.898626560747859
9394,17.931726033591367
9395,13.309577736034575
9396,11.079818890540228
9397,9.43440149723907
9398,14.414048618353819
9399,8.893834910358487
9400,12.990556168009718
9401,12.469411174511468
9402,15.32362278675995
9403,21.495137795038445
9404,13.023192631447907
9405,18.247445617755496
9406,14.723561773066125
9407,15.001634843257632
9408,17.873107381705594
9409,13.462458014004788
9410,19.842683667872585
9411,15.971157047691186
9412,18.543672786059375
9413,12.499962320768903
9414,16.75458773755733
9415,16.333255658806387
9416,19.545686046207436
9417,13.393507181578995
9418,16.11241634814306
9419,19.73662139949062
9420,12.056432555705829
9421,21.830781726351418
9422,10.421603736508551
9423,16.733823900698344
9424,13.62356070124207
9425,11.856499469092903
9426,12.524176398979808
9427,11.418619981670801
9428,14.150186287203931
9429,13.848574540490299
9430,12.691583125993315
9431,9.393705947038987
9432,14.076507263341222
9433,16.588994613394057
9434,16.290669652244105
9435,11.20582057195937
9436,15.954983131004628
9437,16.509136227262736
9438,15.843327027577814
9439,23.196189678811677
9440,13.165513008212864
9441,17.58802264988033
9442,14.662236759500635
9443,11.160879622509537
9444,17.176970910930937
9445,16.574484601101723
9446,15.390290272898342
9447,14.89339031493174
9448,19.09181263711306
9449,15.620632005016967
9450,12.628427717233945
9451,16.320718303909374
9452,18.929465270022106
9453,15.816069173290378
9454,12.710322456066855
9455,15.335327991998914
9456,15.00079434058969
9457,13.949452029290086
9458,13.941152301877468
9459,12.769074320432836
9460,16.83640703760613
9461,18.832620109868202
9462,18.10507422883211
9463,19.07158675143261
9464,15.176547265522604
9465,19.03800707450287
9466,19.911304003303933
9467,15.360606234390175
9468,15.83341916891334
9469,8.593668518190757
9470,19.801942343655973
9471,14.701125839241978
9472,16.200540659054532
9473,19.26505424240448
9474,15.737121999251492
9475,11.647380023819865
9476,19.2099346575068
9477,15.850010502664109
9478,17.085815003469506
9479,17.897022494799394
9480,13.82009442894344
9481,13.982419212254628
9482,12.144153695825207
9483,14.6253729461012
9484,7.632076476906189
9485,18.618801374689184
9486,15.24677003579869
9487,11.974775965411784
9488,10.761165362596463
9489,13.689195448658198
9490,15.434556535314115
9491,23.26771530749957
9492,10.594793429852661
9493,15.26752565809556
9494,11.33632158761615
9495,14.955799809633367
9496,14.088447832667795
9497,12.916143454819565
9498,16.87249952111286
9499,15.590066593939431
9500,19.333611507600217
9501,15.513993412431079
9502,16.49137850302845
9503,14.86862080474274
9504,13.295894955348107
9505,13.580600482568125
9506,18.60967589200302
9507,14.055757249457708
9508,16.33871068937402
9509,15.130523707154724
9510,13.701524258151434
9511,14.552028629515432
9512,15.751854858232509
9513,20.65385138087531
9514,20.248738602780463
9515,12.48670549265745
9516,13.8028287588084
9517,14.154456009528493
9518,18.247058094882814
9519,17.278579572834285
9520,16.120576283640908
9521,12.90375924598542
9522,22.692875361570515
9523,25.234499611233055
9524,22.084374350964232
9525,10.58068509237668
9526,13.716225187488833
9527,10.360095527626513
9528,16.550427610181817
9529,17.125187483040172
9530,13.787262281418469
9531,16.44130812317023
9532,18.086903685570753
9533,11.776088675024177
9534,17.321889967541246
9535,24.313221916042416
9536,19.439522398006396
9537,17.379896058893262
9538,15.604812488711959
9539,20.95311189930505
9540,17.59432480194959
9541,15.691228555060777
9542,16.40371099157955
9543,10.909638002045575
9544,18.22967931617613
9545,17.504252714027928
9546,21.494849022920405
9547,15.76745008942064
9548,9.087012312449508
9549,10.32434645477446
9550,18.711534267599014
9551,19.177781452980803
9552,13.589424553040992
9553,11.579154991727307
9554,19.14094421918945
9555,15.53021564393587
9556,20.948275150288538
9557,15.445396744105343
9558,14.014205301494638
9559,19.617275070018692
9560,14.78279734397036
9561,16.28232733624865
9562,22.36124711029754
9563,15.48663948722047
9564,13.813808425418891
9565,16.100059858154612
9566,17.419398221315532
9567,12.832279287462775
9568,16.67413271279584
9569,13.138407527662668
9570,13.407259323751083
9571,16.434997577564467
9572,17.976698754959322
9573,18.64648974802021
9574,12.09706454308505
9575,17.403507044134887
9576,9.53390826560619
9577,15.987610603977023
9578,17.81785225044557
9579,13.522581532663677
9580,18.433674544628133
9581,12.920204525094826
9582,20.17007665637466
9583,16.95179333402114
9584,24.462830513546074
9585,11.7150431977852
9586,15.904024774588574
9587,18.743369247235286
9588,20.03222811961274
9589,10.206668024834054
9590,13.31571798825156
9591,25.376413114652443
9592,11.168026861372368
9593,14.365340617602921
9594,17.332382054728704
9595,15.378864834996127
9596,15.664243620540423
9597,22.159993518142755
9598,19.900344889945124
9599,12.351438276089686
9600,24.60028094424102
9601,24.265112590991215
9602,11.561672009576482
9603,8.072348003480878
9604,15.404077214664156
9605,15.69762231480939
9606,12.30249549114658
9607,17.604012554887227
9608,18.436097220369078
9609,12.881296114184236
9610,17.69852364329609
9611,15.403249559488142
9612,13.271573890441552
9613,9.757132229418264
9614,12.08523351500728
9615,13.343217442866006
9616,13.845979683223717
9617,14.249337641135757
9618,17.32472597666751
9619,14.963104695624509
9620,16.92549664927057
9621,11.934428308038218
9622,18.25793594833749
9623,12.496499490903465
9624,25.41962095305042
9625,14.791811251861054
9626,12.537887346488258
9627,9.424272807382444
9628,18.09801331141137
9629,11.727475927006566
9630,17.94131227839935
9631,19.69995688884657
9632,12.714110779156275
9633,15.491839940176725
9634,17.555039300897477
9635,11.13662520088283
9636,16.612174289737034
9637,11.489256600161614
9638,16.082697719250067
9639,13.687677345360846
9640,15.840952419235888
9641,19.400326568182813
9642,11.698787386933601
9643,12.816226103006269
9644,15.41935457503067
9645,11.502196067365933
9646,15.21657678319543
9647,14.229039954636967
9648,11.296273671583453
9649,16.335925168991906
9650,16.576260934297068
9651,13.314103036682258
9652,23.74877738520361
9653,10.32130310423501
9654,16.14735069709412
9655,12.238099669026477
9656,15.820925173756189
9657,10.754270339633225
9658,16.994916302805407
9659,13.223518362781219
9660,16.4855707543531
9661,9.804909977044163
9662,19.24743111889594
9663,7.9235087654451135
9664,16.634236265108548
9665,12.587244223071206
9666,12.287278303592378
9667,13.85838231119413
9668,17.69366389520377
9669,21.57131771939511
9670,14.014556306899939
9671,17.096594105779218
9672,9.894692018612133
9673,12.655370176658181
9674,14.413397210766849
9675,12.156385704416913
9676,23.090626237953295
9677,16.89715470108586
9678,14.759071412961587
9679,24.603685329012542
9680,15.160560958460614
9681,16.074863012960726
9682,16.59797103876374
9683,22.070802195848636
9684,18.913322250962295
9685,11.593280490320513
9686,13.864322307360965
9687,9.754410703177102
9688,14.622225504746368
9689,14.766878673290426
9690,9.691681347991857
9691,12.358043379579875
9692,19.68408491606339
9693,15.682263299036963
9694,15.88134626340911
9695,18.3064497228456
9696,14.363391214770699
9697,10.159407317256447
9698,12.337656028543876
9699,15.777288764479769
9700,11.26666906862609
9701,16.633531384735484
9702,14.999481089011484
9703,16.18327159162697
9704,16.893718435835936
9705,17.86454657850343
9706,14.187357241690403
9707,17.005196415795695
9708,16.105725198460632
9709,12.314157823279928
9710,11.925246377869735
9711,15.560590795303785
9712,12.479180121325058
9713,11.014130639176289
9714,21.643216742556845
9715,11.203612355509314
9716,16.188497123194338
9717,10.61400180111626
9718,18.248440185416996
9719,19.03337388266588
9720,16.85877079777081
9721,14.034928595219966
9722,18.280502470961807
9723,20.882164305826556
9724,15.371144572941045
9725,17.60844968068797
9726,16.174476899344207
9727,12.472658872346573
9728,14.327686932421956
9729,21.137949433919303
9730,15.1566005965416
9731,14.48666620138451
9732,21.87384399554407
9733,15.92874379820674
9734,14.251188040910874
9735,20.82304198127774
9736,19.191777172500412
9737,14.191769081257927
9738,12.664007317195903
9739,14.657884889679094
9740,17.453864984978622
9741,12.299662738547477
9742,13.473435228872303
9743,11.326316091458247
9744,16.06703257556319
9745,14.098366492103166
9746,12.30157447645461
9747,12.519817722681625
9748,11.338209740448193
9749,13.722301725856708
9750,18.84171797487012
9751,15.388424882745868
9752,18.839524776882936
9753,11.081677164073632
9754,13.392568519979564
9755,11.656723096010127
9756,16.06737426878003
9757,11.839993298156546
9758,18.19175376086833
9759,15.751320529097727
9760,18.603417789910445
9761,14.234160279820397
9762,12.965835450192724
9763,14.816520352737996
9764,20.694971242904643
9765,11.323227923632677
9766,10.640890769026662
9767,14.584499701467491
9768,22.153458371496896
9769,17.620315122192103
9770,16.478411717015163
9771,16.60781027239955
9772,13.959868889912126
9773,19.613169215354823
9774,13.302969575448149
9775,11.387201922176239
9776,16.016079130170496
9777,11.88783494167074
9778,15.10798334834251
9779,18.155327074810273
9780,20.939115362673128
9781,16.796364286819568
9782,17.56497835319304
9783,14.750535892918666
9784,16.461823274503708
9785,18.284654899737532
9786,18.467983773047674
9787,17.97175905344443
9788,19.516149141579618
9789,11.35229628382557
9790,20.358817274080373
9791,15.748199345957701
9792,20.698489452750547
9793,17.651406897422362
9794,13.251677263001472
9795,20.433477001494552
9796,13.413777236828194
9797,15.896418644631874
9798,11.499199221329961
9799,20.579090548702624
9800,20.73837486981494
9801,16.402392901397732
9802,17.940608045869716
9803,9.53046022153849
9804,13.973329501986312
9805,15.395789998031885
9806,11.644599188121079
9807,14.051636704601227
9808,16.43795973210249
9809,12.678971385153357
9810,12.388003173253814
9811,15.696982643546322
9812,20.13803887466677
9813,22.58897134919144
9814,17.24020905913054
9815,20.98542732508055
9816,17.662599848671718
9817,13.22486659002306
9818,15.68840902281903
9819,17.004714378656516
9820,18.300778795979333
9821,12.88761607545494
9822,13.797980959749777
9823,17.43523169023598
9824,18.103499827115858
9825,16.366351008147603
9826,14.078013556211964
9827,13.855116628774217
9828,20.14646595877825
9829,20.720640972160783
9830,9.452770207111756
9831,18.831801090305284
9832,15.98536759140957
9833,13.975137849116148
9834,16.68969265925581
9835,11.123273368281316
9836,17.596967469323488
9837,20.528611957866786
9838,14.692099630123478
9839,21.502771312454605
9840,9.917524261608817
9841,18.152279452428004
9842,14.92271164072102
9843,21.29751257059717
9844,15.237195031174148
9845,18.023959859095925
9846,13.31202436955472
9847,17.892013037740014
9848,15.089225445188436
9849,14.01250141611652
9850,25.28873758774354
9851,11.651029958262413
9852,21.014437285984812
9853,20.41735662251692
9854,10.997653898354418
9855,19.788412561053896
9856,18.3111654818591
9857,10.034127135198286
9858,19.133981997608423
9859,13.563866313696375
9860,18.122315340968424
9861,17.18324862895654
9862,14.093836265903692
9863,20.13040257684934
9864,17.312447348303284
9865,18.006108557731253
9866,16.911502241835663
9867,16.579758055040493
9868,19.742152341760203
9869,13.351542483581856
9870,13.343569897924475
9871,12.773664574216909
9872,19.845093270284202
9873,18.76915834100766
9874,16.098029244487677
9875,22.058983093487676
9876,13.659524063818191
9877,17.11765552242052
9878,17.493213835910534
9879,18.775546728057705
9880,18.10169520029983
9881,14.420116157167506
9882,20.136783992170294
9883,13.244631027652156
9884,8.513100990032495
9885,17.726469796294577
9886,13.1460022161691
9887,13.248335090844115
9888,10.470832761973085
9889,21.46875206326345
9890,20.752695285549514
9891,8.515615858432167
9892,9.866163131770255
9893,20.661327163895976
9894,12.379347468441031
9895,11.633161588604226
9896,16.392974787317016
9897,13.061453798161892
9898,12.714785871464859
9899,16.70814219336158
9900,18.222302413560946
9901,17.105234240340273
9902,14.92751648549225
9903,14.85968262267061
9904,8.887360203274145
9905,17.38153938064699
9906,13.601001591500204
9907,23.76820210950028
9908,16.635147766689492
9909,14.557893337320687
9910,12.559379531057825
9911,14.913574759188377
9912,15.724551873479635
9913,18.209258366049326
9914,10.371593676404645
9915,12.002074361969402
9916,11.276520801734708
9917,11.268971116859802
9918,19.222460853542266
9919,20.206062049532783
9920,19.09770473770061
9921,17.571268891178313
9922,15.168746592465622
9923,12.493544396549314
9924,16.67979617334442
9925,14.964968570548088
9926,22.463679638815513
9927,13.643883876372973
9928,17.482480729648874
9929,14.59772832438408
9930,15.281153998846358
9931,15.514461401052406
9932,16.859699525607564
9933,13.338427516403232
9934,13.003635584672033
9935,17.12463735042686
9936,16.46511478548487
9937,10.977803461095371
9938,13.248022463459433
9939,12.254183848874298
9940,16.690931996510983
9941,17.825065851498664
9942,16.761531041374532
9943,8.433108220746925
9944,17.045798522313085
9945,12.605056597845811
9946,10.909269126674388
9947,15.62296886514054
9948,13.43967155617696
9949,16.738000526247106
9950,12.90349526392653
9951,14.58987953922068
9952,13.457879871790567
9953,18.34482206390272
9954,18.027266805457103
9955,15.74894407368893
9956,20.253267803647983
9957,15.552352816895572
9958,18.135965915370093
9959,19.094482456774124
9960,18.881765082188885
9961,11.390321707126967
9962,21.221476782068073
9963,17.542315821466083
9964,13.971809650114645
9965,15.379269433137974
9966,13.369812703277812
9967,14.816631483712008
9968,15.313207501088256
9969,16.31675601751619
9970,19.60856079481241
9971,16.39642964291225
9972,12.182800928294235
9973,18.337421578408854
9974,16.59325275370756
9975,10.259704221316163
9976,10.938930816832578
9977,18.726769177934862
9978,16.26378007445306
9979,12.823944229018075
9980,11.581369272742062
9981,13.466382630829928
9982,16.919095843039464
9983,11.652104368480492
9984,14.943369184361815
9985,16.271876898413446
9986,15.407501630839915
9987,14.084713602304712
9988,11.996410117436024
9989,11.683860613530975
9990,16.17358138863201
9991,13.901946591081925
9992,14.365591657082343
9993,18.246535703999676
9994,13.418971729783916
9995,17.70446961052491
9996,15.706163780182989
9997,16.204948010935784
9998,17.40183491123974
9999,10.804495222905818
10000,20.60953590699419
10001,12.559322059887087
10002,11.965132641872625
10003,14.114600534887733
10004,18.846568807107552
10005,23.423950390652067
10006,12.764828152717019
10007,21.313456930864568
10008,10.317441155237262
10009,18.24623800144139
10010,17.862195782658098
10011,13.623873726142731
10012,17.955607477942003
10013,16.057068005468395
10014,15.464191984078372
10015,14.084894083659801
10016,15.586991408975184
10017,8.732926458000742
10018,17.40131039018889
10019,11.46518448506998
10020,12.407397932747042
10021,16.837180768844725
10022,21.517474958802637
10023,13.493826347417759
10024,16.277165394689106
10025,15.650494355484003
10026,18.040851787777886
10027,16.326440240905953
10028,13.629646940883362
10029,14.665299386087698
10030,15.246241441390913
10031,17.864710869997182
10032,20.888465337372374
10033,20.56537780976507
10034,23.230597984248107
10035,15.757831555151354
10036,13.893745165206287
10037,10.662684557265369
10038,22.30558216612517
10039,16.562757717671822
10040,17.85803307653473
10041,17.093762693680624
10042,18.53477655170694
10043,15.693686329640519
10044,13.455333043183433
10045,17.783368310203038
10046,12.863577280865547
10047,12.169936688778881
10048,20.247221971981496
10049,18.1265361860415
10050,14.50279590144376
10051,13.834320374747328
10052,15.460712271888625
10053,13.509963191035652
10054,11.797552128811603
10055,15.8949486623265
10056,13.97243070142916
10057,19.75006742385162
10058,12.326300581691413
10059,19.94342640951413
10060,22.0762025980154
10061,16.612599640795025
10062,14.0770629406866
10063,16.013590350303883
10064,13.86074056302758
10065,11.083120305582248
10066,21.22364467462304
10067,17.59124895449922
10068,17.567668881603964
10069,14.047160303161224
10070,17.255137905538817
10071,15.827234449331216
10072,16.395647029889012
10073,15.089252235212262
10074,18.32131799281175
10075,13.029720446526696
10076,11.127943275243364
10077,22.526354132906036
10078,19.101742069808843
10079,18.554471658991883
10080,13.256964548488186
10081,11.816175467138033
10082,11.748735263128154
10083,18.0381783900504
10084,17.695126230179675
10085,17.59586411304749
10086,21.068283990475322
10087,11.8059098815979
10088,18.71856439562417
10089,17.841929981386834
10090,14.695824097095615
10091,16.644409870304855
10092,14.208878490565507
10093,8.651741222963969
10094,14.771530776619546
10095,10.211849059485385
10096,13.34670403374183
10097,17.187393472216733
10098,18.36995364574642
10099,19.20390918074699
10100,8.572083679762862
10101,19.657004482946427
10102,17.08545898338581
10103,18.167624327369257
10104,11.773753448441294
10105,15.75799505971381
10106,10.747586071371359
10107,13.528730185118242
10108,16.880395967170045
10109,15.938441046912166
10110,14.846641509106698
10111,11.955568410278829
10112,13.93806766000771
10113,13.222687192339395
10114,15.711633818218386
10115,14.806937483541272
10116,16.74786800418005
10117,17.900969954336997
10118,17.940145938606932
10119,18.88587798347387
10120,13.226512983028234
10121,13.736665647542155
10122,15.850518129354592
10123,17.887100822783403
10124,17.799976872134586
10125,21.76970016392798
10126,13.844848532392252
10127,15.491988908323513
10128,18.403159507162222
10129,20.33930246436092
10130,21.786528948933025
10131,10.689143646456099
10132,13.35876245344963
10133,13.934029482574298
10134,10.306145514494078
10135,13.663116536338835
10136,13.5643277756878
10137,18.11113645410046
10138,13.921782096773045
10139,16.86065080187825
10140,9.72205634223994
10141,15.616957693603782
10142,14.59048673909247
10143,9.649435419480634
10144,18.884198259852823
10145,22.799416251021597
10146,14.306195540192162
10147,22.668074069909018
10148,13.304670052407003
10149,9.707827331981775
10150,23.449488596082546
10151,18.88303476627273
10152,22.234314417315915
10153,11.528995723296642
10154,15.320735299789375
10155,23.344493999599763
10156,18.292244854100556
10157,18.34089808794485
10158,20.40819788845485
10159,17.114000142626395
10160,16.84110594440314
10161,17.749715429683135
10162,11.65266791065857
10163,13.630217498546898
10164,22.400657281319077
10165,20.218044383638457
10166,12.730353601082278
10167,14.194737943495104
10168,17.163083808530377
10169,13.122363343738792
10170,9.788851660446664
10171,16.8934318647199
10172,19.26586308880937
10173,14.99491262925192
10174,15.27938860475585
10175,15.100970143722472
10176,14.89938269500664
10177,11.140995296250082
10178,12.683251492405688
10179,11.319754173374047
10180,16.282255015453735
10181,14.156291975989992
10182,14.05054519716015
10183,17.4689672418317
10184,19.274863323501933
10185,20.307405500260955
10186,13.88894967800147
10187,20.935010985542142
10188,15.115376323764318
10189,12.78072763154697
10190,13.939307169255356
10191,13.86407281186538
10192,20.760134725580485
10193,9.343364691772098
10194,13.895791151568844
10195,15.567108575087705
10196,19.30299291273078
10197,14.276793616504857
10198,16.34408763358762
10199,9.910666699755447
10200,12.705314654198217
10201,16.2651962716174
10202,13.986808915110409
10203,21.869652692062118
10204,16.10079973358862
10205,20.26949309773414
10206,15.297626461867013
10207,12.452165030516236
10208,10.971627052459173
10209,15.026286163970518
10210,21.343202789778054
10211,13.649778205576755
10212,10.54213815576463
10213,13.072837703574969
10214,17.725356005988715
10215,20.276227816741166
10216,9.13191335781379
10217,16.45830847269533
10218,10.48232628289938
10219,14.734080649395578
10220,20.05360473821019
10221,17.712293370528933
10222,11.70701618572626
10223,18.6011606706441
10224,15.031028054331717
10225,14.377161608000277
10226,21.112929036210296
10227,14.784874567321772
10228,17.04452912251358
10229,16.042226427365755
10230,14.582387218216793
10231,13.156694714737226
10232,21.88015391653195
10233,13.403496771552417
10234,15.109459222024752
10235,15.383025649287557
10236,18.20123722085699
10237,16.076194205355925
10238,12.107019453304407
10239,13.686822913568644
10240,22.08125785624999
10241,15.828310923686226
10242,19.909343628206525
10243,15.73076954433544
10244,17.58302296600715
10245,19.657730037479404
10246,12.248562859145771
10247,15.945382444738762
10248,20.56166150880386
10249,21.085300229328624
10250,17.59174309171327
10251,20.46310079525054
10252,21.216516827233
10253,13.62626061852869
10254,16.769796167474873
10255,9.795737566850482
10256,17.335496502053196
10257,18.51044643436071
10258,21.971294986281002
10259,15.070045185656033
10260,17.858329410984403
10261,12.602109902533401
10262,15.7396643669277
10263,14.927827147757212
10264,12.798941948311334
10265,25.1619550357226
10266,24.631459305931173
10267,15.696089908718859
10268,16.248732778966087
10269,14.267446569563344
10270,20.390719333769113
10271,14.598290602238148
10272,22.11337914451513
10273,9.815212403228031
10274,15.398132542259505
10275,13.40481671622331
10276,20.00125259887779
10277,17.67927995387972
10278,15.544159248112978
10279,19.338165876419048
10280,17.81640763104072
10281,15.021648063916258
10282,13.931095971361106
10283,16.275453199487814
10284,15.794538636068445
10285,21.127406461847784
10286,11.870697876083424
10287,18.049649206967175
10288,9.181420760351045
10289,16.564804296805505
10290,14.391597305949757
10291,19.506273379077285
10292,16.34430588993506
10293,13.895352273785853
10294,10.71367938584685
10295,15.187358330995304
10296,10.929250930001844
10297,17.270202016847925
10298,16.17708839697074
10299,12.399944557412777
10300,12.48948131321145
10301,15.33291671626473
10302,15.855918759047173
10303,19.65584608354922
10304,18.701896572563278
10305,18.17719134114271
10306,18.60250156211557
10307,11.624160313582049
10308,18.442805205573208
10309,14.595756638352709
10310,14.000069322269871
10311,15.249701559566624
10312,11.4980208241091
10313,12.038792377469754
10314,12.439489159910206
10315,20.276946090048778
10316,17.599322099653584
10317,16.227398655853268
10318,22.28496097841534
10319,12.874038650000227
10320,11.229735468811823
10321,18.315978135265638
10322,14.859968393223829
10323,17.14293333145465
10324,14.0844657128919
10325,11.077213568866107
10326,15.979803818042598
10327,14.034658513994298
10328,9.955195111927729
10329,19.062633594181996
10330,14.699968965513849
10331,14.999026617240576
10332,16.41538810518796
10333,17.924495823243028
10334,14.177946708255527
10335,18.8884269120272
10336,23.537801898929587
10337,12.70232598832864
10338,20.421432990739753
10339,14.27159460172065
10340,11.076343322470073
10341,10.372211614666593
10342,23.81462578591436
10343,15.333579934113216
10344,18.361673801439593
10345,13.315156376306051
10346,10.406002996409114
10347,13.666304911745396
10348,14.874627074989515
10349,13.299869205833575
10350,9.164835631287996
10351,17.026702879925757
10352,21.329418787709507
10353,15.657643864690638
10354,16.510153964494837
10355,9.946597755652485
10356,12.965324226566153
10357,17.64336983785047
10358,15.159132555394187
10359,17.452486183263908
10360,14.876651891481503
10361,13.123198732870165
10362,18.562301023108624
10363,16.69055832534592
10364,23.026683564421496
10365,15.33384834617209
10366,19.870431700285202
10367,17.168388377488483
10368,16.68375709864745
10369,12.670256503382259
10370,13.12709805168853
10371,12.5276120147349
10372,13.779864515655152
10373,12.419018432802254
10374,16.441062314702044
10375,16.454621924156946
10376,17.82262053479301
10377,12.973198713710177
10378,22.270778779951925
10379,15.663131095443108
10380,22.321376488054668
10381,13.671816869725836
10382,18.334308345247432
10383,19.97386682123799
10384,15.859945956751838
10385,15.85031515843547
10386,14.258790499406931
10387,16.237008841189002
10388,19.158761686822892
10389,15.477434304799173
10390,16.160759359108802
10391,14.007065338166159
10392,11.440128417608431
10393,14.670601978179514
10394,11.588742840106354
10395,13.349962303735794
10396,23.771887859104098
10397,12.715971570459075
10398,21.911856494156552
10399,11.722217334332191
10400,11.675216326855992
10401,13.50796321619906
10402,22.461611713446388
10403,11.976978568249429
10404,23.041995264839613
10405,11.91563206751066
10406,14.851061213243609
10407,10.65941223532762
10408,13.830908242198412
10409,14.590602010729155
10410,22.2783587551447
10411,17.932496382845745
10412,19.419643742525412
10413,18.933271708684117
10414,13.139983351747013
10415,13.706330307755065
10416,11.021845837870375
10417,18.37519059598825
10418,13.731926846474986
10419,12.585445120612837
10420,9.819858975730371
10421,23.01942209377026
10422,19.637709991870764
10423,15.482897255292825
10424,16.025751140899786
10425,16.169552795721422
10426,18.677517204759656
10427,16.40766628523767
10428,12.448462653930758
10429,11.710892050844144
10430,19.229162071457626
10431,16.513035197145417
10432,11.341272994430543
10433,11.664668021487927
10434,16.63376936026407
10435,16.661580883864914
10436,22.56266189116115
10437,12.981058130021978
10438,17.511769035651533
10439,15.775048140571426
10440,14.825631861270546
10441,10.451886652972187
10442,12.730894907564103
10443,14.585948175162004
10444,13.393406046873753
10445,18.896771812919432
10446,18.46695806725581
10447,12.642216768371092
10448,20.96241849545794
10449,18.73126640407594
10450,14.748877429169758
10451,9.460473651699585
10452,18.281934074606802
10453,15.554542882643725
10454,17.22331366855954
10455,8.969727933316031
10456,20.455411726036292
10457,18.68149986345472
10458,17.89909090224229
10459,12.707095962937805
10460,9.700533248871498
10461,13.752354448112731
10462,18.406490791056427
10463,19.36578429628014
10464,14.768743216993535
10465,10.35661781857063
10466,17.480986087931715
10467,22.877194813602152
10468,23.650759590733536
10469,15.827902831061918
10470,14.83909791369344
10471,12.581194850041545
10472,13.724384731637432
10473,13.130680800677137
10474,10.285461874532718
10475,14.384117473175653
10476,15.961504568149225
10477,11.29200407948202
10478,10.683384576431408
10479,16.38173286382979
10480,17.56085775129059
10481,12.447962075147633
10482,11.670379556664543
10483,15.710594566724627
10484,17.352949072422
10485,15.218166115321965
10486,13.861736131546317
10487,11.693493064004898
10488,13.200355431432884
10489,18.513663781750118
10490,12.97608991878025
10491,23.116566013519417
10492,17.47169851054361
10493,12.661424076224414
10494,15.39198325705772
10495,17.72840242301674
10496,13.941823020917921
10497,18.556113112860523
10498,12.284148693530252
10499,17.997657385000764
10500,15.11860321775235
10501,23.219153111079066
10502,11.353178547257965
10503,20.288000466346745
10504,10.480842991101106
10505,17.347214498669793
10506,14.146869406917272
10507,14.138890249651139
10508,17.980288805777455
10509,14.137734753969545
10510,20.52545069688651
10511,15.521743108694439
10512,16.358782916295645
10513,17.64700517251962
10514,17.67264211401372
10515,19.467151088153074
10516,23.483290881982832
10517,11.039626423005346
10518,15.463229281890218
10519,9.96514658360454
10520,15.413623123975098
10521,13.38969070182628
10522,13.029493528412676
10523,14.616956074968813
10524,13.943783839542716
10525,17.675733878582747
10526,11.808088442281232
10527,22.36955257954601
10528,15.081932889624898
10529,8.617045375409646
10530,9.97788476500303
10531,16.687370173960392
10532,13.092342442492809
10533,14.876580611206188
10534,17.46874787813395
10535,13.637488582838337
10536,12.98737316322049
10537,17.05204722642692
10538,18.92953103531668
10539,12.867351204327097
10540,16.993806805080503
10541,15.400539838038625
10542,20.68066422527289
10543,14.515462743215702
10544,16.809181670421324
10545,16.03677876774826
10546,18.18646123182711
10547,11.695799910684034
10548,15.437879032746343
10549,15.209267539031492
10550,17.66839029527145
10551,20.171014453962208
10552,14.014249004126594
10553,15.877977791126813
10554,10.705166241224385
10555,12.682840478158422
10556,9.412689201200937
10557,18.694231383637632
10558,17.129725042469964
10559,15.575404878163765
10560,13.81493379046305
10561,22.7630695231912
10562,16.777635022900043
10563,16.091022948955395
10564,14.873869183425622
10565,15.607135082345224
10566,17.027813473072655
10567,21.475129415520314
10568,17.90907060736903
10569,16.732365799541483
10570,11.267024279754022
10571,17.544974515843734
10572,11.77399581149267
10573,21.96752906230863
10574,22.000734692339698
10575,10.122821579583613
10576,14.340459085866614
10577,20.23844340896185
10578,18.9743359998141
10579,18.41149900245017
10580,15.314376184006168
10581,16.032581592768395
10582,18.86635598574189
10583,18.377668186624504
10584,21.456468835323108
10585,15.811453809159014
10586,15.13608383004843
10587,16.019112244885775
10588,19.584859793956518
10589,20.8578129620715
10590,12.757462050764767
10591,14.384609367495239
10592,12.459544555640605
10593,14.641442083340303
10594,20.98239983245643
10595,13.432917361030796
10596,16.80660136569263
10597,16.1221838500673
10598,10.530944228172434
10599,12.821525114245144
10600,17.43947025767198
10601,13.903534284305438
10602,14.925432955827295
10603,18.21321862195989
10604,18.42460236945649
10605,15.538116465688663
10606,13.450979161805574
10607,13.37007795256276
10608,17.410936638797033
10609,14.56143565187586
10610,10.647442528407485
10611,16.95272784834534
10612,13.74566431369916
10613,18.127593544856374
10614,13.483708653871702
10615,18.192275141668084
10616,16.60968218587326
10617,15.239137685699601
10618,21.023011774257782
10619,19.8263890068648
10620,13.629282974499455
10621,15.789959691742002
10622,14.618183369056913
10623,16.221189505238073
10624,11.855002809797178
10625,13.746730387876104
10626,14.283626152412376
10627,16.86353038987749
10628,16.875577334602497
10629,12.836385006485973
10630,18.073459908398878
10631,18.51596499204717
10632,14.79783148192233
10633,12.391104676639248
10634,21.538159200248238
10635,14.969213529901653
10636,21.255225672586825
10637,18.7051836504994
10638,19.69582506097864
10639,14.287498276203415
10640,18.562687163308258
10641,17.381218145733023
10642,16.969945930168926
10643,8.617163300108437
10644,19.48227885839598
10645,13.177091869027745
10646,17.541420251624015
10647,21.660734653162415
10648,15.478747983616499
10649,14.175315193513887
10650,18.607164802771244
10651,19.02183041185188
10652,14.292048931085967
10653,12.837330419170488
10654,14.962125762323677
10655,8.405731666211604
10656,13.303397639888061
10657,15.518769553631387
10658,13.158355630931625
10659,14.460435254810042
10660,16.80117611455807
10661,20.33674843514706
10662,18.250024576030278
10663,16.653278980353278
10664,18.370544428366998
10665,18.48222908427853
10666,17.95111993013822
10667,16.907662010655123
10668,17.27801453691996
10669,11.55092497797001
10670,14.012474712471374
10671,12.976657375027447
10672,19.179427888689418
10673,12.02242315649241
10674,15.893515051952006
10675,17.729689774340144
10676,12.610935572567769
10677,14.147877403133675
10678,19.131925294926262
10679,19.23344944480297
10680,16.28908236966084
10681,15.851238667887575
10682,16.780114530195526
10683,19.411765204406038
10684,17.122715774467085
10685,22.650015889039082
10686,16.30714002315981
10687,11.22881415804587
10688,12.682413900077668
10689,22.74398682972688
10690,15.625639857665954
10691,13.920815705943154
10692,21.890601081495426
10693,15.917562020963308
10694,15.490210495084998
10695,8.192173610194427
10696,12.22639030755422
10697,18.03029998238545
10698,15.450694674278038
10699,19.785637354912378
10700,15.280603805921706
10701,16.510795711078337
10702,15.394178742716367
10703,18.199138177082958
10704,22.32893286111475
10705,12.572066447473468
10706,19.887561777316648
10707,12.528394044683818
10708,12.287507831798056
10709,10.889113562429753
10710,15.634235662449761
10711,14.974276134766642
10712,17.204642365660355
10713,15.711063853348287
10714,10.243593381716472
10715,18.412823743068216
10716,17.438063089281755
10717,17.1383738799889
10718,10.790726972037998
10719,17.4763037544243
10720,12.182847244963934
10721,13.693986465010562
10722,12.904948500843199
10723,15.686511093322757
10724,19.66782954241701
10725,19.074413637038546
10726,22.53602017587999
10727,18.138381832482594
10728,14.659866719264693
10729,18.208825859236043
10730,18.996256413597497
10731,16.53094320700134
10732,20.865637210131524
10733,25.047405061861213
10734,15.03517850499574
10735,15.680909007605536
10736,18.87016275904377
10737,13.490375246146684
10738,17.63188302840325
10739,14.883520518787808
10740,14.880466986727608
10741,11.023382847996324
10742,18.28082524777723
10743,20.187520742759624
10744,19.744491845943372
10745,18.704948589270927
10746,10.231031588326083
10747,10.888055072504901
10748,20.602353492618455
10749,13.94761260153963
10750,21.05474029219741
10751,14.338094752530434
10752,19.84213134968408
10753,22.74666133423466
10754,9.333254100847338
10755,15.655914288372516
10756,12.955691668640416
10757,19.89971777610699
10758,14.426354113524841
10759,10.134369237645188
10760,11.25615698557041
10761,11.6143710921178
10762,12.043099420813432
10763,15.075674501693422
10764,11.510564723012074
10765,18.190136834598288
10766,16.171383713179054
10767,16.398026911765946
10768,15.743789954316014
10769,17.043573287470092
10770,14.016313515252687
10771,14.000155223302444
10772,13.23794945710199
10773,11.241848325801461
10774,16.56336576401241
10775,17.268366453548644
10776,16.584897271685833
10777,18.410552073024064
10778,15.387366195222146
10779,13.613453266493433
10780,21.61192707081193
10781,9.592358113133322
10782,13.676934389134713
10783,17.664361225999365
10784,19.841263129438303
10785,10.962774336814809
10786,17.544040457813082
10787,13.852357452939957
10788,17.547390197035607
10789,14.21448535512857
10790,20.957112776115807
10791,19.313302199750936
10792,16.981453677739673
10793,17.17150131452294
10794,12.578172248281003
10795,14.164491165212635
10796,13.623045904094457
10797,19.49063196923479
10798,11.865869469354138
10799,18.741777788178645
10800,15.902597521107879
10801,11.083390040880996
10802,15.178266917516027
10803,16.01097639076074
10804,8.449086539456658
10805,15.385150888487429
10806,14.825661783031299
10807,20.072430741840968
10808,10.928815040718536
10809,8.710577282511549
10810,19.296679422048705
10811,17.78859090810443
10812,11.207425112739411
10813,17.22915923588906
10814,15.435241983739209
10815,14.89621868956708
10816,17.36085054269838
10817,14.621991569358196
10818,14.74994442007922
10819,19.80525099513015
10820,14.383190491751872
10821,15.017406043074352
10822,15.392732549655497
10823,12.31986712258686
10824,10.484803963027144
10825,14.781114187332987
10826,21.18289851937285
10827,16.356288103815665
10828,19.692181268878052
10829,11.982935022999458
10830,13.078727462281043
10831,16.103751310972832
10832,21.904725479726558
10833,12.651353997950382
10834,15.95707271790709
10835,23.373359321361626
10836,13.099357572678432
10837,22.745282199571015
10838,22.895966930219373
10839,11.617849081702666
10840,14.648392895655013
10841,16.66677606419934
10842,11.244872084790444
10843,20.36554745510759
10844,17.84876423737753
10845,20.676567101986464
10846,15.517068282172257
10847,15.509551511578069
10848,12.12908790836294
10849,17.40140334337287
10850,13.225253678882758
10851,9.229138076956918
10852,9.849657345757118
10853,19.31389136888064
10854,18.20159854868217
10855,10.773029029771429
10856,18.04710921810193
10857,8.992211519242199
10858,19.154354671245322
10859,18.080194884783573
10860,19.413088736994865
10861,19.462544884899067
10862,16.83810325398166
10863,19.31385629594871
10864,13.816121315931593
10865,19.27488125388217
10866,16.656847992579962
10867,15.690283565318415
10868,16.279717550214542
10869,12.477473232654638
10870,16.943348324967832
10871,8.942145525984063
10872,13.244375218453296
10873,13.22729554854255
10874,18.131334378929445
10875,13.672222635748932
10876,18.85136117144377
10877,18.535332470833183
10878,20.92319997296392
10879,21.880008061997714
10880,12.556487927560514
10881,19.005144124669428
10882,17.374453923392995
10883,10.266963497907877
10884,14.904004581508708
10885,14.47318234860319
10886,11.711666818039763
10887,16.717795369720527
10888,14.89377848109901
10889,21.4659168688787
10890,13.71522474296135
10891,13.552787876399334
10892,14.856087016932051
10893,16.269788083023183
10894,16.180537976761094
10895,17.85061020807273
10896,15.640348778041298
10897,19.978488142616975
10898,15.829742838085371
10899,14.699555119703291
10900,11.77439511885946
10901,22.442333746030748
10902,17.760423817610018
10903,18.192794155014063
10904,14.719770881495458
10905,12.393105218636176
10906,15.362335597739204
10907,19.56402706142762
10908,20.6563605682722
10909,11.955918410629522
10910,12.636800506072616
10911,13.688295288194988
10912,10.1912737086643
10913,22.522430669206052
10914,19.4217630321139
10915,20.98650887793297
10916,14.78308357549387
10917,20.798973951931124
10918,10.903831639326196
10919,19.1098274291473
10920,12.273675895690197
10921,10.455609705991543
10922,19.5058313429887
10923,15.339605484100064
10924,15.508488535865187
10925,13.002175893398142
10926,13.625339726220894
10927,23.101132034761463
10928,11.37118318734727
10929,13.445156129368621
10930,11.270080330238628
10931,21.951957715683363
10932,13.18046108260803
10933,14.834291186189425
10934,17.050542879694937
10935,16.026619387162775
10936,15.04294379792112
10937,14.594851151028786
10938,14.507768760292224
10939,12.102765606644471
10940,12.318266529233679
10941,13.79785304090354
10942,18.110989627322063
10943,17.46245443100902
10944,19.811350302231276
10945,17.032382352077462
10946,19.148503710671946
10947,15.370466980006245
10948,13.55540067424154
10949,14.328348910038395
10950,18.820075020352853
10951,18.8778877914337
10952,22.12798393126412
10953,18.624755744517188
10954,12.193175874875426
10955,10.746976502903737
10956,21.308968192704903
10957,12.35453985109627
10958,18.04581215703208
10959,16.531904509954032
10960,17.57562185424814
10961,19.720811192963914
10962,10.304058122400175
10963,11.37630199218847
10964,13.238371375873765
10965,17.762248947198017
10966,17.45662107023033
10967,18.87328671222793
10968,13.442575963275189
10969,16.146862761421396
10970,19.396950502752404
10971,18.146366415718745
10972,15.129927166252253
10973,8.997218936025899
10974,18.939770546606486
10975,9.674380912950243
10976,19.277087923765144
10977,13.560047589013244
10978,19.91965128023665
10979,17.36721676953135
10980,12.542199476094641
10981,10.995816289123947
10982,15.113772171260225
10983,9.860495102360872
10984,10.111420904715427
10985,14.508906929614637
10986,16.664903922000512
10987,13.586735033043002
10988,10.530859214870953
10989,9.67651057014897
10990,12.483761088326734
10991,13.213973786493623
10992,15.27427758025684
10993,11.450055399540549
10994,23.176602860242816
10995,13.19553725578821
10996,14.570957589482378
10997,12.641352505928024
10998,18.109818717830453
10999,13.156131993997148
11000,13.404733615033539
11001,14.580403355188128
11002,22.647610646353918
11003,19.64581705703427
11004,10.110253836303176
11005,12.41662352112876
11006,10.527299250132913
11007,17.04335779704123
11008,13.50160627914028
11009,15.185997532499657
11010,15.657260696236651
11011,17.916754013399533
11012,14.584306342990823
11013,16.909068438919554
11014,15.183874661452888
11015,14.039124050377065
11016,15.79165075178483
11017,18.869000307874465
11018,16.200313196367873
11019,20.99840000751497
11020,12.210586582181282
11021,23.053878065052153
11022,25.376029238264216
11023,19.840533251589065
11024,18.458609779710933
11025,9.367505187437793
11026,17.03324142224116
11027,19.199738273865393
11028,15.477439665623733
11029,12.69300005557672
11030,16.363517604077032
11031,14.86164786841013
11032,11.84425530108248
11033,13.219600577030695
11034,13.81405026184244
11035,18.58846219882276
11036,19.793474730739426
11037,10.8970578464092
11038,15.811924304415003
11039,12.11913073862397
11040,7.89641259126302
11041,18.290721509443312
11042,15.1237645947278
11043,21.344100384476423
11044,18.517740454810053
11045,18.508453273348607
11046,18.8487479998728
11047,16.502296726361543
11048,16.703236691184575
11049,13.415510551087678
11050,12.343322623530954
11051,13.17192307069968
11052,13.443840887852213
11053,15.25032102242419
11054,18.768575246433343
11055,8.559635039380247
11056,14.923869875289599
11057,11.84663610571136
11058,17.428148681795747
11059,12.430670561767023
11060,15.380963509681685
11061,11.065591885199028
11062,12.531453260221152
11063,16.05010653857365
11064,11.151625654873072
11065,13.513423720051819
11066,12.053783058995187
11067,18.437352166300826
11068,12.009085203958428
11069,19.8883422595193
11070,7.999393842627521
11071,8.551908983508095
11072,15.301513871336356
11073,9.96286995375172
11074,10.329221365217455
11075,15.904701756857921
11076,15.716859060613352
11077,19.420648481346326
11078,11.293027583664749
11079,16.73543767974885
11080,7.6075241027556135
11081,12.37201307842875
11082,16.6865988561551
11083,18.71576272168349
11084,15.87386759081111
11085,14.183634523140606
11086,17.49153679543602
11087,16.228841661756547
11088,12.184148942209324
11089,17.118791129213466
11090,11.854793712770203
11091,12.154202585489134
11092,18.50396855554893
11093,15.144145667700938
11094,18.256578956802933
11095,10.674775866771789
11096,18.486570382712138
11097,16.460645843986462
11098,9.307111549268575
11099,13.919745511629891
11100,18.243577947025308
11101,14.865798875337376
11102,11.567133181193885
11103,16.89897503521869
11104,19.74816011446289
11105,16.445026482859454
11106,13.055972265366279
11107,14.039646867843715
11108,13.755031545787377
11109,10.828324670055352
11110,13.56048336222959
11111,14.499451498734958
11112,14.883905196681678
11113,15.076890505090326
11114,15.865856089605982
11115,17.995816627077254
11116,16.290880180509163
11117,20.759331903303988
11118,16.132144287100154
11119,15.103543350483337
11120,16.37912493474909
11121,12.479979085767738
11122,13.486696612470068
11123,10.61281156577642
11124,13.582708533708018
11125,15.25881433026468
11126,15.207989338265275
11127,10.034138141360827
11128,15.386056887799096
11129,14.855525516371278
11130,11.11691086711869
11131,14.527810841938951
11132,22.371760676977686
11133,18.12301898202741
11134,19.184079225888382
11135,11.396002726610362
11136,10.467853369211934
11137,18.056198618892594
11138,14.121694320394765
11139,20.157972874446237
11140,14.057310579815221
11141,12.343329107478475
11142,10.59573832361002
11143,13.239503841284092
11144,16.187712345502085
11145,24.2654300432443
11146,21.32693912160613
11147,16.744980513839806
11148,11.82266443725095
11149,9.849782214075404
11150,18.11023294837638
11151,17.021413517242436
11152,20.47924254862317
11153,19.310967639404037
11154,13.430148125279722
11155,14.381278476083741
11156,11.453520106965206
11157,22.318190085926183
11158,13.923590274915655
11159,15.973628197429464
11160,13.256276573334372
11161,16.969598166880523
11162,22.60474174503384
11163,12.736456898307862
11164,15.376937291207593
11165,17.546834586151476
11166,15.813058867818304
11167,15.666001191831217
11168,11.53859109206655
11169,9.696475615335306
11170,11.404969908911463
11171,18.370361181512138
11172,18.927423374273985
11173,16.08963422636478
11174,16.95869388622195
11175,18.734340043120895
11176,14.072372933522828
11177,11.944546882111563
11178,19.244405447528266
11179,13.973208950845944
11180,18.787388319249274
11181,16.647962304992983
11182,22.15273626539104
11183,18.422957175234174
11184,16.907884821916163
11185,23.072416081315218
11186,8.699739110658282
11187,16.02451190951136
11188,16.791238599074383
11189,21.331931324744296
11190,16.6404516430396
11191,20.54283010782704
11192,16.701968859634405
11193,17.836378177222624
11194,19.27013537223187
11195,17.795276245691362
11196,19.317441128749266
11197,16.569337331693347
11198,10.50322700171905
11199,19.586786901403755
11200,17.98455052856895
11201,13.40733212727138
11202,17.96467092100967
11203,17.50428667611637
11204,17.884835680883857
11205,16.318291155955627
11206,17.832321640558646
11207,21.71644910138037
11208,17.84594741849549
11209,12.494303947968636
11210,17.914021366230592
11211,15.110860936097309
11212,14.839992112437407
11213,16.499943287339295
11214,20.77057899417901
11215,9.744580965665277
11216,11.948681896428429
11217,18.69429159682435
11218,24.114856905394014
11219,12.500303963015464
11220,21.265611251864556
11221,12.599838134728085
11222,15.489759436221922
11223,16.110551747588463
11224,17.010017472587414
11225,18.17152702526541
11226,10.96345274075626
11227,18.11920107577796
11228,12.506172049996795
11229,11.591348579307315
11230,11.486793223661849
11231,14.609705993209394
11232,16.014353057312363
11233,14.446484056963316
11234,14.950250016502116
11235,16.1105363258742
11236,15.38749043945958
11237,14.194390059835351
11238,14.2557348784211
11239,15.531487325647058
11240,14.599455041680232
11241,13.434526050781567
11242,13.305078987105034
11243,18.197582211010733
11244,20.017509675812985
11245,11.21610853958131
11246,15.925050042401066
11247,8.48534356516636
11248,13.36053968369824
11249,12.423333928136437
11250,11.329960358350373
11251,12.816235908073995
11252,13.45548821518759
11253,14.365785683887955
11254,13.527350543729431
11255,20.123409562208202
11256,14.91839747686407
11257,13.298179258062437
11258,19.42811955357748
11259,15.883137909376957
11260,24.88329970133764
11261,18.425807814249765
11262,15.28686665475003
11263,18.80676701885229
11264,18.834874968941662
11265,13.593781379148417
11266,18.625596479259116
11267,10.805180841403766
11268,17.623935584004872
11269,21.252250203091343
11270,15.042766825529247
11271,9.000975355953946
11272,9.512710482710876
11273,14.722890082025604
11274,22.24839278286678
11275,18.975735290532207
11276,23.00269164869993
11277,17.089713934912638
11278,13.46752890070883
11279,12.42521975080278
11280,15.419686691536512
11281,13.225638605561272
11282,19.380278501651574
11283,13.670786241081732
11284,14.52843149967923
11285,14.5959551376338
11286,14.229803973958925
11287,13.647402898679541
11288,18.250345646649578
11289,16.18614774627911
11290,14.158050587088985
11291,15.511834253740922
11292,14.924169391077262
11293,15.165761265328804
11294,20.878903948971267
11295,16.35310021743831
11296,16.072012624959356
11297,9.602904572086796
11298,10.44447983777863
11299,18.082922343809834
11300,10.534536611510266
11301,11.709089885019834
11302,16.074099426461725
11303,10.117285003587643
11304,17.30294823859421
11305,19.230794921753976
11306,18.060126977045897
11307,15.833341105029893
11308,15.853379538466063
11309,13.711189954825473
11310,18.775342267058775
11311,13.557412775203012
11312,15.084414761014283
11313,19.817679041729743
11314,11.99465451794708
11315,12.691267803614856
11316,16.340886064381856
11317,13.987647139306082
11318,14.990805464724136
11319,10.753029055268208
11320,13.496702714699305
11321,12.504741764926965
11322,14.568132306014816
11323,11.266209630904509
11324,18.856962807854813
11325,16.000987960659458
11326,14.272645832486612
11327,19.633475846718074
11328,21.42859358405739
11329,11.629828751211448
11330,19.654641687639383
11331,14.066444449673076
11332,14.895792701640842
11333,19.67251391427449
11334,11.690608816888027
11335,18.85169669833359
11336,15.345949908107762
11337,11.967057591207908
11338,11.776739923425902
11339,15.13621448197384
11340,16.268244131229423
11341,13.356517865126971
11342,15.62244703141508
11343,11.376632019233057
11344,15.41687265036156
11345,14.819597496440172
11346,13.28658649169665
11347,14.294617463706803
11348,9.494458529356459
11349,16.78605488461873
11350,14.893001785105097
11351,21.339133161221497
11352,13.25036843145142
11353,8.889033711877413
11354,14.024360568713497
11355,14.669113298491121
11356,18.49005416990351
11357,15.64807483483755
11358,18.87485276938048
11359,8.472078951540654
11360,19.606567998906016
11361,14.447270958983978
11362,13.66561410130344
11363,15.037270171140076
11364,22.965313210253974
11365,18.102160373861366
11366,16.065832781093015
11367,16.827397582283787
11368,16.79790172393485
11369,9.416099921790487
11370,19.25958935016537
11371,15.385852938631043
11372,16.316311076632047
11373,11.565312265897248
11374,16.402674099047594
11375,17.75171283473808
11376,20.366585929326064
11377,15.595089167901028
11378,15.622356792555788
11379,17.95860120992466
11380,12.051396268337703
11381,13.12412006918008
11382,11.945275509700503
11383,13.499539230996223
11384,13.182076109906006
11385,18.011921323565183
11386,13.230872518684922
11387,13.199312531317375
11388,13.756699560805405
11389,8.291793820364465
11390,13.890223206501766
11391,13.30682721039363
11392,23.083757408808587
11393,17.386819959860965
11394,17.373412786610842
11395,20.77316286559141
11396,10.695921968485628
11397,11.312165957555704
11398,11.80799319913365
11399,15.809555803359055
11400,16.909372075606086
11401,19.800014091786984
11402,14.56185062483887
11403,14.904548424098346
11404,22.606778676900653
11405,15.414344894321692
11406,16.033769558870848
11407,10.587047710859107
11408,16.841193289478802
11409,10.552872796144182
11410,21.09278650811151
11411,15.13652530045033
11412,14.039766110369206
11413,12.714806075071586
11414,13.84335540041271
11415,15.056352832013998
11416,13.99518636163749
11417,21.136890747469835
11418,19.020320354431554
11419,12.212947015594871
11420,16.311342175829928
11421,13.161731414672857
11422,17.737885473599903
11423,18.513462841922667
11424,12.297864046142546
11425,15.884110958141962
11426,18.237758909016783
11427,14.618302330782486
11428,21.311878352665275
11429,11.129246468458792
11430,15.840858503930315
11431,19.642483991683967
11432,20.483805927638848
11433,15.223664661951029
11434,13.750194647301777
11435,15.918303349404226
11436,23.12835587202398
11437,13.65034652625506
11438,14.945302032273524
11439,16.106757964622194
11440,16.240546298886265
11441,15.582726782826635
11442,14.518323140176518
11443,20.882915639179735
11444,7.7888498769686105
11445,17.284596506688814
11446,15.766190427680964
11447,18.697106104097738
11448,10.22389450723634
11449,23.910454556858397
11450,12.238969317330218
11451,17.51543921263093
11452,12.934710922160871
11453,14.868783279792057
11454,21.041478657405303
11455,13.595013887923368
11456,10.73818997755483
11457,13.134993215319195
11458,19.615768385757534
11459,13.637349417312427
11460,17.290617392069805
11461,12.977816955816884
11462,20.869810761509978
11463,13.818902501332886
11464,17.20412746528506
11465,14.308778820599851
11466,15.754927883163196
11467,15.70959233498349
11468,14.718031094632185
11469,22.5924250685022
11470,17.803616751935607
11471,19.0150757988372
11472,15.517079243388567
11473,18.449516729510307
11474,14.585081154383074
11475,16.52445609281586
11476,13.313226719749878
11477,13.53917889850753
11478,10.571733215743635
11479,12.079301499341053
11480,12.307674712401944
11481,15.53761699084978
11482,18.2279317213465
11483,14.688706325544993
11484,19.892356844187823
11485,13.546559116160429
11486,11.107553265812555
11487,16.356839985771337
11488,15.042599727967529
11489,18.162901570203495
11490,13.974559806635684
11491,15.173712905726935
11492,9.928218473368151
11493,19.761113488510645
11494,16.063881132225067
11495,15.330658697957938
11496,21.921244245602765
11497,18.7560128733707
11498,18.43408772228333
11499,20.835473218730883
11500,17.565425610699954
11501,12.673764701503627
11502,13.300702152108713
11503,13.43045326417147
11504,13.18448745784394
11505,19.629081894628293
11506,16.80919527335463
11507,16.420649150927133
11508,12.121776611191276
11509,10.011378757654334
11510,14.636670303873792
11511,15.444377657308264
11512,21.3951313564496
11513,17.492809620424936
11514,17.210553174162982
11515,9.357523566202659
11516,18.99073219307879
11517,18.709475687508352
11518,23.331243098533072
11519,12.504827377902942
11520,15.124914575964738
11521,16.52488456349871
11522,14.583357751219015
11523,16.829014185623812
11524,12.744866424949102
11525,15.910149316775795
11526,13.193937082669251
11527,14.558201295160261
11528,15.657056131718923
11529,8.297334854237858
11530,16.956563348491485
11531,14.681959011078467
11532,17.98852053277733
11533,13.529705423840515
11534,14.470239892604992
11535,11.29754854117106
11536,16.12564890436606
11537,17.421978620862674
11538,23.326923469051323
11539,11.850739805797604
11540,18.053148220297366
11541,20.93922946116085
11542,14.544719517940075
11543,14.166726601806541
11544,18.371699725683573
11545,15.193948015587539
11546,14.418385603509943
11547,11.457323844143373
11548,23.723383787190002
11549,10.918893012222945
11550,17.276442460212536
11551,14.957096766251098
11552,13.661283859781369
11553,15.902923385306613
11554,16.184051253626247
11555,9.429306948971579
11556,14.82662926967555
11557,15.778557327254656
11558,14.36462350593685
11559,18.62746896258529
11560,14.234672240685718
11561,13.161315311883326
11562,15.389278960832256
11563,11.720867185436767
11564,18.944512553991025
11565,16.88732723129327
11566,24.81711402139797
11567,16.063949213305342
11568,17.87959228870055
11569,9.187499487723008
11570,20.346677008856567
11571,10.3375684439787
11572,16.802896313631948
11573,13.177833707648654
11574,20.730526655121857
11575,12.708191447848227
11576,14.683011617819718
11577,11.514299589780512
11578,18.214882147418678
11579,16.63686007580212
11580,18.548686972198954
11581,15.908887312265135
11582,12.389399001327806
11583,12.330596256174525
11584,16.960384699011392
11585,12.760958641828758
11586,10.329034339973328
11587,11.981674415179064
11588,13.570142835469792
11589,19.36670325827678
11590,18.303251463304626
11591,16.98223481216464
11592,19.003920812673996
11593,21.059425886220275
11594,12.099774977894553
11595,20.785434418502497
11596,13.016722247970998
11597,21.814186055788625
11598,21.127385413077285
11599,15.693762003653115
11600,15.904041898708032
11601,18.41165554180248
11602,11.333559544098566
11603,11.911071179366122
11604,15.88245566206858
11605,18.769445724891355
11606,15.703400530624522
11607,11.358341572848353
11608,17.187767529114545
11609,13.085427395613479
11610,16.41940840058779
11611,17.278941294333286
11612,14.288020267151587
11613,19.48582128899033
11614,16.94295046699213
11615,19.270988969335257
11616,13.597910596682926
11617,13.04508201442782
11618,16.971732611782837
11619,15.095515992714047
11620,18.260787004441298
11621,15.264167039784803
11622,15.11322189171354
11623,19.96289499103527
11624,15.894442950049813
11625,11.75126907406827
11626,16.384190723771006
11627,21.696064746772542
11628,8.569552773275788
11629,12.039740910119669
11630,21.65779928140843
11631,11.90692471123686
11632,18.11305951712778
11633,11.480080296553595
11634,15.028527530040678
11635,17.86463077592036
11636,13.241497237103685
11637,22.071703825588052
11638,15.278016400640242
11639,13.90770285851698
11640,10.300120643543124
11641,9.051551960230984
11642,16.47815823152181
11643,14.99822533557702
11644,13.519459756031534
11645,17.592769079223118
11646,16.728692150095224
11647,11.309627833464589
11648,11.747113459614432
11649,11.529338998528
11650,13.924359704200558
11651,15.623172941524333
11652,24.300730030379526
11653,12.41553595999201
11654,12.404019073504639
11655,15.216293796926156
11656,18.41277921354782
11657,12.823478600596278
11658,18.631121766745316
11659,15.985958111522704
11660,16.024929985383636
11661,16.10554937807026
11662,21.3060065091082
11663,14.342701789874424
11664,16.67430412153159
11665,11.905810236871067
11666,17.863054383249565
11667,14.285684621678488
11668,11.849446613357827
11669,11.81700784266145
11670,17.315845025694866
11671,15.446501805429488
11672,19.169255521073296
11673,10.491006562009323
11674,14.11021064593029
11675,17.016238708909718
11676,12.844293151407832
11677,11.372909920312186
11678,19.56130467280895
11679,12.949079318087414
11680,18.69753080617867
11681,16.46225568826943
11682,15.716863316003328
11683,10.051722494399097
11684,16.826481686650823
11685,23.06605336764416
11686,8.704865765049579
11687,15.492332846693015
11688,16.29592806450681
11689,14.023079989752254
11690,20.024815772858325
11691,13.424688877857326
11692,13.859350189151197
11693,15.958162742885863
11694,13.863157214104273
11695,17.823961238526707
11696,8.292798540478016
11697,14.045317641274696
11698,18.78509752524228
11699,14.01143119911074
11700,16.890025345222597
11701,15.842900627277112
11702,12.54314267736084
11703,15.781928732682369
11704,14.994297383047687
11705,18.73272094261344
11706,20.75997810112301
11707,15.563077351662864
11708,14.284032447543224
11709,18.556330923775022
11710,14.04467872945433
11711,14.126405487352427
11712,14.66751764736007
11713,10.630812770470932
11714,12.099867932341951
11715,13.565539373708406
11716,21.5255739775385
11717,14.0949916595123
11718,24.63749085596612
11719,17.19038362168432
11720,19.648574313670323
11721,14.995663518036991
11722,14.364686844962483
11723,12.397479378973603
11724,14.946566969232675
11725,15.358301613690344
11726,16.254957192613407
11727,15.901517524958926
11728,17.77333759987775
11729,15.254479283557806
11730,18.459314036154836
11731,20.105110771076703
11732,10.953913913422568
11733,16.672350934250034
11734,16.726235355485777
11735,16.580598864010454
11736,9.82688592703327
11737,17.939485032570445
11738,17.170699930745084
11739,18.71034059401849
11740,10.647495339877832
11741,19.4790044167724
11742,16.587171010145134
11743,12.415907680223551
11744,19.966786353200774
11745,21.09560785475967
11746,20.80769609143224
11747,22.835170032774045
11748,17.48151505632228
11749,15.950695823952904
11750,15.80387194286217
11751,15.98434523505062
11752,20.164042709022034
11753,12.341945092824995
11754,14.91490773485887
11755,14.73871033993107
11756,19.120917239736844
11757,21.018633740044287
11758,10.298787457996404
11759,18.866382905939687
11760,13.20158505844568
11761,15.69192230431234
11762,14.9721618724797
11763,13.092824886764552
11764,19.85497873258376
11765,15.766827186535927
11766,16.601377053921794
11767,13.39255924323987
11768,8.938356124090937
11769,10.053507119539203
11770,18.976805392299454
11771,16.956791478876816
11772,16.869286362895345
11773,14.031257240361986
11774,13.240775883504792
11775,12.021107468155789
11776,18.84557632243886
11777,16.67886942164442
11778,22.020440667962347
11779,9.182168958930166
11780,16.504292066906686
11781,13.624178572112033
11782,13.615152076125401
11783,17.234420945406328
11784,11.627467059577127
11785,19.62975512785298
11786,18.67789354334119
11787,15.902948068401193
11788,16.031875426396162
11789,14.188035762968715
11790,16.6998788304339
11791,19.752018811377503
11792,22.62393691308756
11793,13.315144011366913
11794,25.151230862940928
11795,14.80240171576456
11796,19.904114676098757
11797,18.158379541718233
11798,11.979364644899789
11799,9.873808679174054
11800,13.085194912457203
11801,10.339753782735905
11802,18.930276968935978
11803,13.889407893159754
11804,16.018079547633313
11805,17.882935621978504
11806,12.007784808673414
11807,22.292851660785296
11808,13.5358608485508
11809,15.045365186762671
11810,16.185069182681502
11811,19.88491966186473
11812,10.25623504505529
11813,12.597154137020631
11814,14.117557331228296
11815,16.703219781241664
11816,16.659565198579998
11817,11.753292460442221
11818,17.49271831799749
11819,15.932133110381086
11820,14.030315128198746
11821,20.507537805690674
11822,11.189194325489307
11823,17.492212237670678
11824,16.81776081813574
11825,10.756419159712957
11826,18.86107506229079
11827,13.83699038426353
11828,20.47646319352377
11829,20.603813883442754
11830,14.666353514430922
11831,19.556606801959813
11832,16.99125030988433
11833,16.979736575140933
11834,15.33272815562294
11835,12.149613641562727
11836,14.03011415108614
11837,16.993619383079444
11838,18.068583362993238
11839,15.139663332666979
11840,12.858412397631188
11841,14.846306839110126
11842,12.047506059683382
11843,14.270603943546513
11844,17.378242901370605
11845,15.28143456002891
11846,20.002765008320715
11847,16.975998006032
11848,18.040365446378935
11849,11.242343527044607
11850,15.640586108782387
11851,15.78083209325972
11852,13.670107469203435
11853,17.6128746295105
11854,20.690086251769166
11855,15.0479096227628
11856,17.23963020157575
11857,12.460002294465173
11858,14.200677718374363
11859,11.875668372579037
11860,20.59565048368171
11861,12.877531156085286
11862,10.355919911439283
11863,13.761231995531407
11864,15.11692619298943
11865,15.06480056706929
11866,11.695513941792173
11867,10.855665264123186
11868,16.98590684479566
11869,17.16174051951407
11870,12.495008521000354
11871,12.764180314418308
11872,18.20511422882178
11873,15.663457665119397
11874,17.617077515859954
11875,9.492218530620548
11876,10.738472267896505
11877,13.415908405300716
11878,8.497884476627798
11879,11.175244400143612
11880,13.293899239387954
11881,13.511147911734334
11882,12.86699585007944
11883,15.775614494415416
11884,12.151181934680958
11885,15.38207581132258
11886,23.09696523996213
11887,23.25979598817935
11888,15.382968518981643
11889,19.177599740703812
11890,22.697630897998508
11891,20.117206796493033
11892,17.44319333364433
11893,16.241709545953157
11894,18.696559305985318
11895,21.406351426774485
11896,22.00966578371598
11897,10.038298330149605
11898,15.519762156988415
11899,23.594360456106948
11900,13.043987656229396
11901,13.347360783659918
11902,18.26335621155564
11903,11.788592548928266
11904,18.542912158013763
11905,14.103230678852237
11906,18.977956748292776
11907,17.309079394107137
11908,15.152176693549816
11909,18.413715734873016
11910,11.730876502030988
11911,19.127638703655105
11912,20.391337612835976
11913,16.390229026987903
11914,12.45757857156553
11915,8.678725161040171
11916,20.484929989567895
11917,13.673164934137876
11918,14.212607775331948
11919,12.632793545940537
11920,12.885072805593367
11921,12.758680103861746
11922,17.270232622891555
11923,15.646364536948857
11924,12.448011187265323
11925,18.833026762570306
11926,13.889858022781024
11927,11.681269426102974
11928,14.816075797230155
11929,15.098812300639361
11930,16.259413134423447
11931,13.189213039478908
11932,19.306960154561736
11933,14.685502723293505
11934,16.626108026959905
11935,12.15488417483712
11936,19.827112953283404
11937,17.943735910925177
11938,11.36206268433455
11939,13.368406446144045
11940,17.315361288831056
11941,10.066420145978423
11942,22.683301041628603
11943,16.908725892657763
11944,15.595295909256242
11945,16.263850496597158
11946,12.926013232883818
11947,13.696856542020154
11948,13.361362037411576
11949,18.657854552956948
11950,16.73485488385178
11951,19.134973516388946
11952,14.450316422365969
11953,8.30324409227281
11954,17.396183493687495
11955,14.073475586914103
11956,16.438857571460062
11957,15.464260873084005
11958,10.514670837395705
11959,15.220744654311675
11960,14.782040681849532
11961,19.240105720672734
11962,12.019752639746502
11963,17.449933550771277
11964,13.332708175577867
11965,7.716354546182781
11966,12.131725557352642
11967,13.419241221300297
11968,18.92782811736221
11969,14.359867143043264
11970,10.656034567104605
11971,9.343622831718681
11972,19.2486304125448
11973,10.185325827183606
11974,13.190080743271208
11975,17.171291725609862
11976,16.28655287331508
11977,15.875818636970868
11978,14.056227965105107
11979,22.32029757686174
11980,14.544081848810677
11981,20.12012120829729
11982,18.42519378576335
11983,15.198799837540648
11984,19.06534210835748
11985,14.774506546578355
11986,14.095095204641845
11987,21.184480507280817
11988,17.724369897159782
11989,14.640740088825325
11990,14.044941808696022
11991,11.427208027284674
11992,19.979141994457798
11993,14.16552311778179
11994,9.936059424449903
11995,11.664999631238679
11996,12.588587442211281
11997,23.259205564547372
11998,13.945609294655421
11999,16.781999416015488
12000,17.04466224332736
12001,18.26107969743854
12002,16.492505634891018
12003,19.115416751749777
12004,11.484288615581715
12005,11.528397223499098
12006,11.421624583801794
12007,13.487187055564233
12008,13.617888543837386
12009,12.379961947481526
12010,15.158795287830356
12011,15.993545736958026
12012,20.87864427674327
12013,20.09385235854308
12014,14.609611309967711
12015,18.55996598486865
12016,17.194354757712148
12017,17.48800395645369
12018,17.276833973484422
12019,18.086209898614882
12020,17.977010391690825
12021,12.085468861357988
12022,7.8854558674995
12023,13.659232150219124
12024,14.454624709744438
12025,20.227446401235675
12026,14.360735659914814
12027,20.980143651696338
12028,9.622336310679197
12029,13.392029419803517
12030,11.753997630228628
12031,14.591041490135042
12032,18.046502220074473
12033,16.129958809612326
12034,7.872828251188906
12035,11.386423319921931
12036,19.45350420790789
12037,13.897950228838278
12038,15.040905420081751
12039,20.054374995423345
12040,16.5191572466726
12041,12.85857669147261
12042,10.390500679331645
12043,16.841450825636763
12044,21.135816884993304
12045,14.345706225260635
12046,13.94512025705549
12047,16.370288192497917
12048,13.875276334391867
12049,16.28804913455285
12050,14.322069287146297
12051,21.759977366774592
12052,20.097188920975398
12053,14.561327788977513
12054,17.53048611592365
12055,16.057215922741406
12056,19.4462255841267
12057,18.268291122610783
12058,15.091804140290298
12059,24.564637431156967
12060,16.956509788041757
12061,15.760856790534481
12062,16.075954414118588
12063,8.870630060291571
12064,13.425167292587773
12065,16.9738854240718
12066,14.796957757198234
12067,12.429021445646404
12068,17.239382515321253
12069,13.73812773768978
12070,17.418419602221157
12071,15.930789748905598
12072,18.879053508969506
12073,13.759065885428644
12074,15.646436708229842
12075,20.419750301148174
12076,8.47062722832747
12077,20.199575408089665
12078,15.807289070326009
12079,17.1323797366926
12080,12.833661581760648
12081,12.983866341285136
12082,15.703768217971357
12083,7.905469776720601
12084,15.083704356225299
12085,17.542301832737273
12086,15.919368080652264
12087,19.925169509406636
12088,13.9131861856016
12089,16.984705300056234
12090,12.98563169046558
12091,20.239128461573287
12092,13.617487178533723
12093,22.677751222614113
12094,16.373204058251574
12095,12.130064386625452
12096,14.64076706168266
12097,13.295332143162724
12098,14.797156963333327
12099,16.576215905426103
12100,13.464014325148415
12101,21.614791500574256
12102,10.683986075201128
12103,20.514808602156393
12104,15.449997823026067
12105,11.40704662083677
12106,19.39408933533877
12107,13.296157270623075
12108,11.598492109462759
12109,14.899263644500643
12110,15.654048984633727
12111,21.422443131631496
12112,14.610529711323627
12113,13.30232353329227
12114,14.891484873275198
12115,19.002979760604077
12116,20.033887619652297
12117,19.551475508767936
12118,24.698045125698663
12119,19.42028841416633
12120,14.268029628558152
12121,19.938315032823883
12122,10.29256365710437
12123,17.394865476588265
12124,18.297445341590823
12125,14.431078298723198
12126,15.02560658171412
12127,15.945406487015196
12128,10.074728615885514
12129,11.362025684137649
12130,15.085088451163871
12131,15.834711399771004
12132,16.24590176667929
12133,22.03141286392544
12134,16.034035420447605
12135,10.541779753112708
12136,13.755834399453459
12137,17.02626874560186
12138,18.622920418096996
12139,18.647636226309153
12140,12.757095734640512
12141,17.232807608518492
12142,9.880108156374057
12143,11.283945258843094
12144,16.242802712489592
12145,15.621086280702986
12146,13.709071615539774
12147,12.892844764014791
12148,12.36488382202006
12149,17.736421425672273
12150,9.339035589666272
12151,17.072623442991024
12152,13.474841856413228
12153,12.589718266817878
12154,14.970802096232445
12155,17.770355963669623
12156,17.203824042920175
12157,15.906264417811768
12158,18.181293575303222
12159,14.22676564816368
12160,16.755357084417398
12161,10.257101871303234
12162,13.901395284765298
12163,17.585336810752985
12164,12.790531603219346
12165,18.638037631298758
12166,19.875471800881698
12167,18.704003427446658
12168,15.794351728146854
12169,18.786953433592068
12170,16.24969125340291
12171,11.285449354126524
12172,16.364586759254387
12173,14.059652922298957
12174,14.568408154261931
12175,13.225304294388707
12176,11.374180550578616
12177,12.813050202672548
12178,16.989898815389225
12179,12.84751566742097
12180,13.264513813260471
12181,13.114296841996248
12182,12.34038348203573
12183,14.016174538789578
12184,15.768710949444825
12185,12.876975192517103
12186,12.381868894880546
12187,21.590582783218778
12188,11.545679319233946
12189,13.99131465533196
12190,17.042972108586522
12191,20.49674595936771
12192,13.9222677547462
12193,20.518133248741783
12194,11.060944853389863
12195,12.28469503096863
12196,18.195673431638802
12197,14.082451706095995
12198,14.136087390207646
12199,22.746735121152156
12200,11.421688355851654
12201,17.967858854924405
12202,12.525281154750614
12203,14.454203574976892
12204,10.387084487841593
12205,11.991886401206486
12206,14.102687249345474
12207,19.348067494460835
12208,15.25029780046261
12209,14.45603670532997
12210,14.30894567820596
12211,22.996058225155664
12212,15.316645850599599
12213,10.506497703315093
12214,16.56912782465293
12215,22.007873152273113
12216,18.274561588385144
12217,13.125307378497478
12218,12.60231774289265
12219,22.022342965133767
12220,17.18980049574241
12221,16.532596823501166
12222,11.04180204974298
12223,11.04680526188675
12224,16.872480675889015
12225,14.860207829719304
12226,15.230005972544605
12227,16.384420899559935
12228,11.407681051537685
12229,14.854993452086317
12230,14.341084200447046
12231,20.304142009624172
12232,18.929656463938073
12233,13.238530544460081
12234,15.824770817207323
12235,14.422984534481488
12236,15.113757010289861
12237,16.320082104322438
12238,15.684822237448747
12239,17.784815055829625
12240,14.90788457054598
12241,15.720224209215123
12242,10.148937449207953
12243,15.225281269459195
12244,17.480864985676973
12245,16.049691775261586
12246,16.13002258454582
12247,14.691910963078254
12248,13.697258712027796
12249,16.054165811065488
12250,10.424474145737797
12251,21.504523234081024
12252,14.119083033277526
12253,12.845003973031005
12254,12.201494006947154
12255,11.678028887396147
12256,12.856164740769344
12257,19.827969621497232
12258,16.27863015626985
12259,18.962933949829768
12260,14.787306251717004
12261,11.299277049838285
12262,10.494182816598649
12263,14.123981968851304
12264,22.604671455631184
12265,17.333720886713685
12266,13.996771661134124
12267,20.245236541173917
12268,11.10279493258485
12269,8.798128619659423
12270,21.58803963176263
12271,13.684571028689923
12272,13.912988614924634
12273,19.74101707687049
12274,14.377105242823491
12275,16.66161668757686
12276,18.843230452065498
12277,24.648300708281674
12278,14.7640811084747
12279,11.84357623526971
12280,16.02963206676584
12281,13.9765400415567
12282,12.70363273141473
12283,12.177827504449567
12284,13.386416785953113
12285,21.121075612586996
12286,15.00116667970987
12287,17.819967471628274
12288,12.757991482404764
12289,16.493849402409907
12290,12.796783990752848
12291,10.209672024623229
12292,18.399084806873198
12293,18.086196879273544
12294,13.58486434900606
12295,14.568080768726643
12296,13.097532385592679
12297,14.060518828756535
12298,13.793985327243995
12299,17.58615834248434
12300,18.049338285278843
12301,21.20851498103484
12302,16.922584333199197
12303,14.450815196634244
12304,12.631802949245516
12305,16.01688836877165
12306,11.831794473242109
12307,15.815797335956452
12308,16.6464037098716
12309,15.85580301970388
12310,18.672351322388977
12311,21.51099392886843
12312,24.81370001297075
12313,14.357378363255068
12314,19.277361773812707
12315,16.69724889097776
12316,13.891650213512225
12317,16.759767905869627
12318,14.753465907761994
12319,20.12482490748077
12320,20.880290080899215
12321,12.577946130995583
12322,21.387802731907982
12323,20.124950689030378
12324,16.84613755724527
12325,8.337630616328294
12326,16.12929753721176
12327,14.561286424691133
12328,13.848997024205516
12329,18.016289100695253
12330,15.874784298218762
12331,13.127461494392584
12332,22.68123517132733
12333,13.58847799237177
12334,21.35294280527264
12335,15.289957003787704
12336,16.14536366523049
12337,17.25002954381042
12338,15.45372998115439
12339,14.87690755172367
12340,21.865465866480807
12341,8.230041934257162
12342,16.973758942862702
12343,11.604031865878135
12344,15.023472802668309
12345,15.85490909039216
12346,14.209231969210007
12347,16.229623045164104
12348,17.367556988234274
12349,13.848612648353244
12350,9.667515053040145
12351,14.684690718285603
12352,12.174308921758717
12353,17.036884152995345
12354,18.42582763327154
12355,13.963009297837726
12356,25.047984927062913
12357,14.066857531829742
12358,19.21765799370284
12359,13.670150866288463
12360,10.877952696708633
12361,16.517592606412414
12362,11.588720500991345
12363,14.684685828432364
12364,15.21604570031748
12365,13.959045051305843
12366,11.03706034339897
12367,12.545511302614585
12368,17.819957585373366
12369,9.774657367010773
12370,24.179568859185707
12371,22.013622393979247
12372,12.725576032256747
12373,15.547640243481366
12374,14.058623295645836
12375,15.006405581994425
12376,13.034584829418645
12377,14.031291190446877
12378,15.246277344776523
12379,12.214444686074124
12380,13.966338276455954
12381,9.971909689785829
12382,19.79121205802085
12383,11.762144493383333
12384,15.516054391961623
12385,18.75616778801532
12386,9.468904130710069
12387,17.33139858022327
12388,11.88121890082121
12389,15.344035646469125
12390,10.217804689440122
12391,11.986756643520158
12392,14.724109223459397
12393,19.957625024642297
12394,12.575514786676711
12395,9.207700088330522
12396,14.563283325196622
12397,11.40105341681296
12398,16.747358989875806
12399,19.086733109556683
12400,16.42646985786998
12401,15.872236926730809
12402,21.524972221268655
12403,20.249852893581895
12404,17.368443079892437
12405,15.181828709358031
12406,12.842231582035554
12407,14.338286644424995
12408,14.547258924986165
12409,18.464839596475066
12410,18.48877933641601
12411,16.995792219684617
12412,8.875144234524939
12413,19.701820688020852
12414,15.035884275909504
12415,14.922078746287466
12416,11.52359366428822
12417,23.38096465172572
12418,14.022936979290915
12419,11.6793593764777
12420,8.400984810751005
12421,16.832198498584837
12422,20.590018993180507
12423,13.385941646089982
12424,17.070882738897495
12425,11.759611827278029
12426,12.28453698053751
12427,10.01397291810795
12428,13.07652399361179
12429,16.658647011624502
12430,16.91194100105954
12431,16.29799695696876
12432,11.661955337968758
12433,16.845586287455326
12434,14.78227104746571
12435,18.176430830996303
12436,12.114424529718047
12437,12.355925369272779
12438,14.892628736399999
12439,15.921823681753716
12440,10.62138914738712
12441,9.678854629183554
12442,13.5628666041989
12443,11.70487737281363
12444,13.715834998848877
12445,13.642150947363248
12446,13.196443969254005
12447,16.924840613599045
12448,19.102559915578198
12449,16.085389494447497
12450,15.795651513741129
12451,13.234627562760611
12452,17.475105331314523
12453,15.32561978189748
12454,14.432199828783489
12455,14.798774095527195
12456,18.492350688544818
12457,19.99324185445822
12458,11.675523666334467
12459,21.246124436415954
12460,18.471435651945527
12461,13.305394220116987
12462,20.431609021025757
12463,11.893898859925338
12464,12.433483858298406
12465,20.41414720403565
12466,24.535915637818967
12467,13.550776094885098
12468,13.553496357559967
12469,17.625297820378762
12470,14.546301798167702
12471,15.96104520634872
12472,16.39975748713151
12473,16.87128358336279
12474,12.530362711391179
12475,10.849408770032262
12476,10.95954591321726
12477,17.972807494482886
12478,13.12094927626425
12479,10.84040395532789
12480,13.19885771683527
12481,18.335330838837436
12482,21.6267237309235
12483,17.347416703383708
12484,10.253620593091737
12485,15.123104393842324
12486,16.35794892747978
12487,19.719700523348536
12488,11.32596422367763
12489,9.612561591451602
12490,11.193453948795042
12491,22.923340468315622
12492,19.589643375528556
12493,15.927479909275903
12494,20.966625272482577
12495,19.474278060060847
12496,18.003532933502008
12497,21.796257266128436
12498,10.207297704847246
12499,9.526176534278346
12500,12.75057137117489
12501,11.371340641840975
12502,17.92028628582161
12503,15.98395313712692
12504,12.651725555612181
12505,8.689521721151458
12506,10.573006728153908
12507,10.916133341200634
12508,11.096233854079129
12509,17.07865427817252
12510,21.205603688045052
12511,14.69481996763704
12512,20.07023183674722
12513,18.671407098639026
12514,16.225683082264382
12515,17.9428431937011
12516,12.485318163801454
12517,12.95137751537177
12518,11.718054028773885
12519,12.352994849657819
12520,14.599348935278899
12521,11.65714112591126
12522,8.373417056310647
12523,9.893939019380628
12524,15.436563608500967
12525,12.897534468480073
12526,14.678404719986718
12527,15.206674300497871
12528,12.5098677600618
12529,24.921183507243377
12530,13.859422650239885
12531,13.965989494275588
12532,14.95805053468626
12533,12.20826456308713
12534,11.564214828697779
12535,17.137747553821647
12536,16.2817895436251
12537,20.707833125621285
12538,19.575918528698516
12539,16.901193898622928
12540,21.95743785829992
12541,9.610847215754099
12542,10.715438302389266
12543,9.668596212307982
12544,23.09369670153977
12545,14.072690097758809
12546,11.50010928152937
12547,18.308354026896488
12548,17.97132255792434
12549,17.30331862222571
12550,12.738959906673223
12551,15.172552215535822
12552,11.51846249371929
12553,14.4190601482263
12554,13.500329810602857
12555,16.356736769144625
12556,22.588468928050666
12557,16.856473117720768
12558,16.6872652698818
12559,15.346081080888556
12560,19.579275420288972
12561,10.767860014912879
12562,17.009375980811825
12563,17.426099832758474
12564,13.556583556601678
12565,9.51650158551196
12566,18.39037159809287
12567,12.586584912679704
12568,11.312352734967751
12569,11.167815472975505
12570,17.447247899194267
12571,13.774900811709212
12572,12.707986119947517
12573,15.415433617416397
12574,9.701992836981468
12575,15.822349897378269
12576,12.822105194425033
12577,16.088899791738356
12578,19.231077836268717
12579,20.881285282299935
12580,14.239098552031278
12581,14.894148212620003
12582,15.40048525225692
12583,20.326315914778124
12584,12.875681694911137
12585,17.371262776309376
12586,10.068509027270341
12587,20.690711993419587
12588,14.26983659932024
12589,12.876240343708801
12590,17.064739353748443
12591,17.95072885927039
12592,10.312655592296414
12593,12.958695000873995
12594,15.976477815242522
12595,20.986649947756266
12596,8.691972046602185
12597,14.718518692627953
12598,13.32217027423333
12599,11.708853600629062
12600,23.96836861180249
12601,13.981740146311651
12602,15.545306700385156
12603,19.151848144446753
12604,24.937345889220182
12605,14.473660102330093
12606,21.450839205117106
12607,11.746962182696558
12608,21.527770248505774
12609,12.287027721930038
12610,17.7512956104123
12611,16.737586140674786
12612,21.25828146437791
12613,11.041548590492186
12614,17.764571806055038
12615,18.781737446461825
12616,9.780698717862595
12617,23.08450914687689
12618,16.548418099718454
12619,19.80506559485277
12620,10.951272754345844
12621,16.49232724706245
12622,16.545730398806366
12623,20.341013437806573
12624,8.886229926371545
12625,12.876778082759692
12626,21.466693984365616
12627,17.108488158910838
12628,16.400527326686305
12629,14.197292567597714
12630,12.884029786480687
12631,11.841588655616121
12632,13.059091655216738
12633,18.59101594955726
12634,15.684113129748376
12635,15.204155517056577
12636,11.746273555686944
12637,15.663279886177074
12638,23.43228031911176
12639,13.875792805563067
12640,9.294241137785807
12641,12.106982312905968
12642,14.678466254888585
12643,17.159792362892393
12644,19.58559851810419
12645,13.860892837723032
12646,12.892835990706176
12647,13.239892294497933
12648,13.300813683750691
12649,20.26147608964211
12650,18.75029784337034
12651,15.831905053278634
12652,12.59062374944694
12653,11.567365092017797
12654,13.002337611200282
12655,13.398484822372986
12656,15.75906621591114
12657,12.815837822220136
12658,15.702884422242157
12659,15.776764215381368
12660,13.264187080891258
12661,15.289112860445229
12662,10.2295148199875
12663,13.046146268815281
12664,23.79835154564065
12665,18.47720497493095
12666,13.232426481343808
12667,14.021453729291025
12668,13.287486205649042
12669,11.830803894234634
12670,13.325790791705524
12671,16.61497749758464
12672,17.42934902468302
12673,13.917584980700308
12674,9.836033566994224
12675,12.373728644157044
12676,17.87273580895673
12677,16.226280089368174
12678,14.725917087943328
12679,16.25346105553907
12680,17.683744292948525
12681,15.381004441018192
12682,20.62886389254583
12683,15.649615584692372
12684,15.073611067288162
12685,18.82280609135355
12686,14.230919353020411
12687,17.014546642577837
12688,16.146344572881127
12689,14.276313738789783
12690,19.332989905696508
12691,14.593764314669897
12692,12.3882892334126
12693,11.702691388961785
12694,16.4758679396721
12695,12.339516045522828
12696,12.337639406406709
12697,14.27955067453877
12698,11.745374060315417
12699,19.655545343344556
12700,15.51300329648316
12701,8.519191385764108
12702,13.132869780830305
12703,17.57533104878106
12704,15.125922010438497
12705,12.914135661162515
12706,17.247234072008162
12707,18.84182892509314
12708,12.065815867220966
12709,15.608054214086708
12710,15.799658768693575
12711,18.99980756673257
12712,13.927339129496605
12713,17.781958797403508
12714,14.261473460880854
12715,13.224179572165934
12716,13.1678561563612
12717,14.047435294655616
12718,14.619571687721985
12719,17.755592503547277
12720,10.61598057724952
12721,15.949800400956272
12722,9.005757349692308
12723,18.164123052416873
12724,14.706727693301843
12725,18.22781784902714
12726,9.246064406800851
12727,14.810590826555003
12728,11.483115573216482
12729,13.193212760667237
12730,16.228495739909988
12731,10.225186390153846
12732,18.44782938648256
12733,14.543510222489633
12734,13.676106064668296
12735,12.266660097234913
12736,11.369430034352103
12737,15.414048246115579
12738,12.68158637778341
12739,18.039139716157155
12740,18.227743302725006
12741,14.31168486701284
12742,20.341624426532952
12743,15.37653904022869
12744,22.12988118279653
12745,13.974849761183913
12746,16.387451200425332
12747,12.332748734702825
12748,14.86665406185337
12749,18.01652584140977
12750,21.91205969497716
12751,17.797178290579726
12752,13.194401584458491
12753,16.24163508812648
12754,21.281116187954254
12755,15.236990908193302
12756,17.578173401590895
12757,15.941291564668676
12758,11.23116083836429
12759,15.421400444056925
12760,13.774108919184496
12761,13.05697627821818
12762,19.892925361315143
12763,13.995013950388527
12764,17.215135879694067
12765,16.225409174053624
12766,21.404274042993826
12767,15.149019741398535
12768,10.183137368132016
12769,20.012903955288333
12770,16.921543099667716
12771,13.404137434311451
12772,19.211113783608866
12773,17.38486898484225
12774,14.574617058465297
12775,15.226254570799716
12776,17.009165602734825
12777,10.569850857918066
12778,10.179758232985309
12779,13.046949485185634
12780,15.343399443600665
12781,16.478044360404425
12782,10.032728238829758
12783,20.58037581212377
12784,17.185743156136986
12785,15.502315684093809
12786,17.29840293615294
12787,18.06241765979916
12788,13.632242186921248
12789,12.303306443534677
12790,19.54039228322793
12791,17.717846586283322
12792,13.364582456151727
12793,15.815848359086424
12794,19.57675961523369
12795,13.273226883922623
12796,17.021776235342173
12797,12.07326900983464
12798,16.516067200073163
12799,15.392440562093752
12800,10.6395675794076
12801,10.318367853316044
12802,14.101306689472525
12803,16.003656083877956
12804,12.422468101905004
12805,12.046496292642818
12806,14.882933486452865
12807,14.050478795768798
12808,14.775522057872635
12809,21.22195640302118
12810,20.696215309941387
12811,20.591728320768908
12812,12.471193764035236
12813,14.558851171762184
12814,19.052582438258646
12815,13.85740509235043
12816,17.320736996799113
12817,13.850291402678156
12818,11.40272551592432
12819,18.11050238302814
12820,19.08058954276848
12821,18.4473589552859
12822,12.99710597538519
12823,14.49890479749869
12824,13.748399013113405
12825,16.709600096655077
12826,10.15926350589329
12827,15.997885967974662
12828,16.092691376143613
12829,13.522636645191177
12830,12.842339035220022
12831,10.678529287838657
12832,14.512314038098118
12833,24.126360245599273
12834,15.289240340458074
12835,15.486714005399646
12836,16.522185719818253
12837,20.034627385043166
12838,14.23427383737436
12839,23.091229956264378
12840,12.990340684154166
12841,12.98929627930513
12842,13.269712556800002
12843,20.522962945384123
12844,10.295291258341742
12845,24.835508574187607
12846,17.877288092412215
12847,23.412977706496697
12848,10.27722085876583
12849,12.052769707013432
12850,16.411899157681738
12851,18.604068266922233
12852,19.540216343660262
12853,18.250184641022805
12854,11.339142604365508
12855,17.578872618848315
12856,16.08143619162759
12857,16.799475174657672
12858,18.309925440982063
12859,22.101636305995193
12860,19.061205631759627
12861,18.202194572269068
12862,12.087957516815017
12863,14.491045116984623
12864,10.773732089048355
12865,16.459289459952316
12866,16.70053047990226
12867,18.11017244555793
12868,18.13361004987729
12869,16.47808378962891
12870,10.78402653784585
12871,14.50583326827149
12872,9.737367984502393
12873,10.228375256657838
12874,17.198656730128597
12875,15.911370311432803
12876,14.375083803951782
12877,12.916370380464244
12878,13.214462886829548
12879,18.363367477399883
12880,10.295089454977278
12881,21.118498378135534
12882,20.33962494065181
12883,12.305449351152642
12884,15.692832702435705
12885,20.572497910058374
12886,24.502691216609392
12887,13.01699424995287
12888,14.3928968100703
12889,13.142866979010027
12890,18.318983886483576
12891,19.858317256198873
12892,14.770462740110839
12893,16.462825725794985
12894,14.127608665155362
12895,18.354304579696915
12896,12.874531138280954
12897,13.484050746927958
12898,15.3125636374162
12899,14.83321618569328
12900,11.05531725499997
12901,12.680520625693305
12902,12.6241120275015
12903,9.496611783538262
12904,22.41349634962816
12905,16.22923417420065
12906,14.10628676825834
12907,13.265648016304784
12908,18.417659286301888
12909,14.042463562573138
12910,18.52811257464542
12911,16.913310078402425
12912,15.322724550881308
12913,20.192618276509734
12914,13.95985714265358
12915,15.600951811136287
12916,18.587460782400655
12917,20.61652276159459
12918,10.036991911818218
12919,18.803372738282516
12920,18.872336931390997
12921,16.555184225152264
12922,15.164456730854312
12923,13.033137337609077
12924,12.419304975769515
12925,22.25698157230078
12926,9.612042332109636
12927,12.348108736482217
12928,20.19713956270563
12929,13.017352354703565
12930,16.68558916265249
12931,11.092537051822118
12932,10.583260865698987
12933,10.324478196134276
12934,22.903994774420532
12935,9.160663791812315
12936,15.405904252300655
12937,17.36745119220656
12938,14.463483569817067
12939,14.935910169288489
12940,14.640711882947352
12941,15.646683378973252
12942,19.319699616747386
12943,9.270963102425068
12944,21.268968796854935
12945,14.716013139267014
12946,17.861430803236352
12947,16.392785294877182
12948,15.387320320966925
12949,11.414147011063566
12950,10.206501097105434
12951,17.325757720490554
12952,16.701097905336127
12953,12.194519462811096
12954,13.131037480263407
12955,11.747787957654193
12956,14.29073713108523
12957,18.327191564937866
12958,14.109087511518998
12959,18.327577924938986
12960,12.97307677364013
12961,19.128497381067522
12962,15.312680674400994
12963,11.26878125955426
12964,16.162939300197763
12965,13.459155773194013
12966,17.688452143947643
12967,14.222337694993927
12968,11.6846087556296
12969,15.740826238929218
12970,12.888313611257251
12971,10.958786197515641
12972,11.413744107779156
12973,16.827690157249258
12974,15.151216958738928
12975,15.513845565344848
12976,13.243991128519017
12977,18.424553574526886
12978,17.864844239086047
12979,15.615335462679704
12980,11.826204489083036
12981,9.176933530478966
12982,16.07970163928757
12983,13.432272968744185
12984,8.506768673239355
12985,14.282438653819456
12986,12.62774752288347
12987,13.74584802012258
12988,16.053341416932255
12989,13.563054662169241
12990,15.811016324439079
12991,17.057154323263546
12992,14.555221192895623
12993,11.328085058048579
12994,10.777910926099427
12995,19.956029090997674
12996,16.458375842616185
12997,20.71143348297489
12998,12.270263758584186
12999,21.929476565276147
13000,17.66320227908887
13001,21.307926236727283
13002,14.036926154838412
13003,13.470482391099122
13004,15.968380837669857
13005,17.43677863728466
13006,21.079370897693224
13007,19.425216737101486
13008,12.244133581878062
13009,19.225972766513905
13010,17.80372880658055
13011,17.973919805072114
13012,15.84657764822027
13013,12.8993356653246
13014,15.917620928901629
13015,14.842814299303212
13016,11.898264073836815
13017,10.548765053627646
13018,21.24678534573747
13019,13.37304253471746
13020,18.851939999584296
13021,16.78092120620296
13022,15.464499173783283
13023,10.943317172671353
13024,14.968060421603633
13025,13.199943916610454
13026,16.28072125153537
13027,16.031674026256873
13028,14.010655600378985
13029,22.518092891699972
13030,12.543113653846852
13031,7.716982268625169
13032,10.022524338434284
13033,15.777719533070291
13034,17.272045716014233
13035,14.286616978883519
13036,14.734234728665573
13037,13.50249698375029
13038,17.885082393427176
13039,10.479889690110614
13040,13.000335384025238
13041,18.481213057135403
13042,14.560494461101255
13043,14.737728827249107
13044,20.094249940586543
13045,20.797078047023476
13046,19.000158038300313
13047,22.438040448670428
13048,15.92471757447592
13049,12.970028325721755
13050,13.548999091729495
13051,21.439150540959968
13052,17.981279330566082
13053,15.680677390428544
13054,17.724245266125806
13055,10.958663589113442
13056,13.350409526258568
13057,12.090857160086173
13058,16.124517993249704
13059,11.242715781179534
13060,18.072708482427913
13061,14.359442424753144
13062,15.683381525409041
13063,13.58226241047521
13064,13.175141729502963
13065,20.82998037192625
13066,9.411314917088625
13067,17.775078164012694
13068,19.815833073485777
13069,17.81245792773094
13070,7.664015879096655
13071,12.365104852677195
13072,19.866332420224545
13073,15.974250447477921
13074,11.857889951280841
13075,15.189617861305981
13076,14.857595433004922
13077,18.652927252225155
13078,22.726652865266153
13079,16.09369268607045
13080,17.975748028124336
13081,17.589873397186103
13082,21.524777212267402
13083,14.403306174986755
13084,11.69220589989401
13085,21.188796998066344
13086,11.883372165807167
13087,18.129801801790194
13088,17.47973674826278
13089,13.625303645695848
13090,17.6323080619378
13091,12.588049791438955
13092,14.880120836541403
13093,15.932407944266599
13094,15.741930279557996
13095,16.85160717988819
13096,14.419499813825288
13097,13.571872183526676
13098,19.694737179439976
13099,17.444767346628005
13100,16.806957701679035
13101,14.744670386589958
13102,24.604750403282495
13103,17.62256941065352
13104,10.086143597764773
13105,16.813174497285928
13106,20.851921450990517
13107,15.412058711981038
13108,14.491485797785561
13109,14.04857394621398
13110,17.622175480639818
13111,16.07198797026522
13112,10.581935145299177
13113,14.260694064552652
13114,15.826019755161887
13115,14.996217207186941
13116,16.12135550965551
13117,13.691033024059841
13118,18.96073820933279
13119,10.904170011885661
13120,16.638695910652565
13121,15.847276365891743
13122,12.313403205476938
13123,13.894726753404486
13124,11.289675840463811
13125,10.17147151895405
13126,22.109796518521833
13127,19.528082998993703
13128,12.046675358232552
13129,12.34320700373183
13130,9.753806960763319
13131,21.877131787372832
13132,16.453837158713405
13133,16.410719094797862
13134,14.642060026631162
13135,14.998856638300888
13136,14.91567769985605
13137,9.226640008264564
13138,16.006731424643462
13139,17.760174835871283
13140,13.105223004752776
13141,15.481519853376954
13142,18.105452552062722
13143,14.880607895243736
13144,23.024680806557605
13145,16.506084943717717
13146,16.051123140639007
13147,16.256538675832694
13148,12.846246161312475
13149,17.752342450866628
13150,13.793473799530172
13151,17.937997718258558
13152,10.427114730538975
13153,11.394869277959515
13154,20.435851350444615
13155,17.282644108514035
13156,15.992725963969823
13157,14.737072867803986
13158,11.957930713252406
13159,18.15263298003768
13160,16.09859306762391
13161,15.320127714281012
13162,10.884926070009792
13163,12.527374567305824
13164,14.994905765923084
13165,12.64195234453432
13166,14.143056189044222
13167,14.53366312639091
13168,15.914081930806296
13169,16.321870652442286
13170,10.004745728979808
13171,14.963894707172118
13172,20.46253227494904
13173,12.449304188129993
13174,20.19558495564081
13175,18.090706330941714
13176,14.145284443709485
13177,19.108538185484022
13178,15.185229542286502
13179,12.779732033706964
13180,14.323981754085585
13181,20.140948483753046
13182,12.32840715009054
13183,15.788484744529564
13184,16.76966899746386
13185,14.462368186959761
13186,13.731380092748504
13187,15.46570335112066
13188,13.934366392283213
13189,12.609740744315056
13190,16.27891496045895
13191,19.245200454061816
13192,9.717644597442021
13193,17.971005671175554
13194,13.168923845596467
13195,11.39173610207212
13196,18.19310330952458
13197,10.216842102911293
13198,16.991431747205162
13199,16.772336000969005
13200,11.795105329788116
13201,20.736296800116065
13202,18.768890948796006
13203,13.949790558850454
13204,21.07218214573213
13205,11.34498326417777
13206,15.623200424287056
13207,17.387549242021844
13208,17.398568439576394
13209,14.502540806883577
13210,14.687829100858716
13211,13.677257338658313
13212,17.355473073677494
13213,20.064518380146666
13214,9.36891857918922
13215,14.614478655975983
13216,11.363591875528215
13217,17.19349932364638
13218,17.581044818522624
13219,21.203652529466282
13220,16.912531866612312
13221,19.57564888457147
13222,11.92188859728738
13223,17.86667915938149
13224,20.806845674330035
13225,20.914367512324233
13226,14.939396553304714
13227,16.39199115647078
13228,13.462394320761017
13229,12.165749484498875
13230,13.312664906187058
13231,14.930374015638739
13232,15.107195872205278
13233,17.17627256671864
13234,19.29133426924514
13235,24.71577079852905
13236,11.82917349036812
13237,16.395315354264916
13238,19.55241964472307
13239,18.374276478456203
13240,14.83842999795612
13241,15.238331312330109
13242,15.887036967799995
13243,18.99202594305747
13244,23.2229002557711
13245,14.35515564105256
13246,8.709349840191651
13247,15.507132035153429
13248,9.727089932445606
13249,17.728472079425316
13250,10.634060419694569
13251,15.484111026881552
13252,9.878522797724832
13253,14.231174963156022
13254,16.396213049008132
13255,14.723769274410076
13256,16.865739468143516
13257,9.865104079024146
13258,14.286800892448618
13259,15.280424746165343
13260,17.958687364837942
13261,17.86730587321069
13262,12.151865656829752
13263,20.337759595391802
13264,12.376525649278303
13265,15.271413720914772
13266,18.314629794018956
13267,9.470880220972335
13268,19.18395353826552
13269,11.315554212599325
13270,18.15057227230298
13271,13.438939979047266
13272,19.440708180737644
13273,16.93656009490806
13274,12.383104478083911
13275,9.176153890493083
13276,16.187391197181817
13277,15.37945119400721
13278,15.17828206286759
13279,10.373314261856823
13280,19.387539834675415
13281,12.7298162958012
13282,13.848166717510347
13283,16.21471926784851
13284,15.707783493459043
13285,12.534037572247477
13286,12.13304009049784
13287,11.46691144999984
13288,18.720951471316823
13289,10.777370477213328
13290,9.903471677178496
13291,15.574851152286032
13292,16.919518780637155
13293,17.41405199050518
13294,24.40537056796918
13295,11.450999338953391
13296,13.01610263774554
13297,16.908827548109656
13298,14.547281438055625
13299,8.851649281892243
13300,18.31497862308461
13301,11.058374020116647
13302,17.581497479323563
13303,10.53816875137044
13304,13.806149692040377
13305,16.70975487132474
13306,16.80435117098969
13307,17.640024421988706
13308,17.91566681276951
13309,13.329979245887014
13310,11.679805125230947
13311,14.449846746808513
13312,18.15097576015974
13313,8.89666266047119
13314,17.707843488223
13315,18.30925055291379
13316,17.617798282596603
13317,18.447259951488487
13318,17.431873412344707
13319,12.529864434509655
13320,12.477743158610128
13321,13.12688597408811
13322,17.083092983897487
13323,14.590197454151172
13324,11.84236185849412
13325,14.954512912408077
13326,20.023887382107475
13327,18.150807760518738
13328,18.841445998729945
13329,18.12761877484674
13330,17.69603055152408
13331,14.662487331107526
13332,17.21994958712784
13333,14.277314703915058
13334,10.499266234702
13335,11.918659824717949
13336,13.82767869546045
13337,14.913747909924835
13338,15.226139825475608
13339,16.251694581815638
13340,17.269964109849866
13341,18.165175954892675
13342,16.30785052155646
13343,11.356410270632589
13344,10.503173493738789
13345,12.98185682489656
13346,11.588627908317926
13347,20.689390856137223
13348,14.783538867022669
13349,16.30241493828578
13350,12.555436603782798
13351,16.55450127900582
13352,16.069148137837274
13353,18.718587550645616
13354,14.210602131101737
13355,15.923410458022849
13356,15.393502623486098
13357,15.180243479610743
13358,20.230062445242694
13359,18.976476638397138
13360,18.972315712794064
13361,14.37776523473468
13362,13.121406798198066
13363,17.05367859987527
13364,15.40156401168366
13365,16.00722558131931
13366,15.515605220568245
13367,14.258112370959033
13368,22.11965405421259
13369,16.46494004507288
13370,13.673911258030188
13371,14.688925324550409
13372,15.644200179145878
13373,18.622613228747532
13374,11.500520758328397
13375,15.669346305208437
13376,13.023670947732601
13377,20.109381191220052
13378,21.83526528467595
13379,14.175495271637429
13380,20.874166460681014
13381,11.687916447084412
13382,17.574405485229654
13383,15.650232295102759
13384,15.834131579543678
13385,16.987809330541225
13386,22.595965690077357
13387,12.997916241875359
13388,14.393412426412224
13389,17.460927781393046
13390,18.74925314754274
13391,17.395133977756096
13392,20.12204266788048
13393,14.309393240091758
13394,17.69454383984457
13395,14.57421900638669
13396,12.823406297090493
13397,20.909312379175823
13398,15.803462047557893
13399,15.2399422697941
13400,15.87581752056232
13401,14.515039788371563
13402,19.803164087014117
13403,12.058090937793818
13404,13.123007424231728
13405,18.832080565092838
13406,19.28328641017145
13407,21.66670145795638
13408,13.882120412910602
13409,15.719455586913107
13410,18.264048595422246
13411,16.5530864809015
13412,12.34978108304757
13413,14.913240001334165
13414,15.141015552973156
13415,14.127045891622883
13416,13.590103344089208
13417,14.052094019321327
13418,15.23228759542012
13419,15.593204028692265
13420,15.89890769398118
13421,13.197355171362307
13422,20.521741461573754
13423,22.669059505273225
13424,21.796525727382484
13425,13.81918306180598
13426,18.068265325645434
13427,16.727176222394675
13428,14.477718686231986
13429,20.1957493499536
13430,11.263001385718969
13431,14.108829729875824
13432,15.673726765810285
13433,13.486663299930663
13434,17.62591996176394
13435,17.767105734212805
13436,17.46931552074989
13437,16.532813964391586
13438,17.552728053831586
13439,18.05865350158991
13440,14.962239098705327
13441,18.37695998266731
13442,17.828006387370685
13443,15.330696724366517
13444,21.362949133607955
13445,20.398661378853348
13446,16.651875777272686
13447,10.606556925652491
13448,14.832395770373884
13449,12.176836703433539
13450,14.922451521786188
13451,15.522489614090054
13452,10.411002195594007
13453,12.350377258016039
13454,15.721033632989215
13455,11.899920400977933
13456,19.81105934247128
13457,22.31270046682659
13458,12.749027503193602
13459,15.730059451707321
13460,15.318907757452484
13461,8.92378851801601
13462,11.69548679542201
13463,24.027301895495917
13464,11.739963176026508
13465,19.740743326529646
13466,12.587152026695428
13467,13.722460406422051
13468,19.12681371502312
13469,20.209026573441744
13470,10.010356399830105
13471,12.148905741792078
13472,20.654853315356988
13473,13.694671604073559
13474,14.401966030939626
13475,20.901203450062205
13476,18.854955404436474
13477,17.46253416249604
13478,13.675750262884618
13479,15.012436876518597
13480,20.874131325560754
13481,14.7387697372245
13482,17.504657108160814
13483,11.74688620478987
13484,10.164223643654303
13485,17.298323560912372
13486,20.02675584634661
13487,21.61732001620814
13488,12.805647676853708
13489,15.663538720648512
13490,21.213491299503573
13491,12.406383146559989
13492,16.521386889391316
13493,15.882608375894801
13494,19.430244710264105
13495,17.44465486883611
13496,15.754735135627579
13497,13.023373798411228
13498,11.056590815298236
13499,12.621138094030869
13500,10.80270783485891
13501,16.15870342386708
13502,13.946380080424444
13503,19.33608179828437
13504,23.08864178315465
13505,12.75622170747736
13506,19.929997266731576
13507,17.06615820729219
13508,19.319899320497342
13509,13.412755134316528
13510,19.99854405714443
13511,18.45730952867485
13512,15.988174623345687
13513,12.07548778307531
13514,14.225444744496334
13515,21.003343667284057
13516,15.78219697146154
13517,14.221534968257789
13518,18.053246531389185
13519,22.327669458871824
13520,17.59621363773541
13521,10.678779706314337
13522,18.812782456459693
13523,17.402908104484453
13524,16.10180331120895
13525,9.697987854485095
13526,12.37237837083132
13527,18.187623344969552
13528,15.26053709017037
13529,13.275588618031755
13530,13.900365835002505
13531,21.77152581903949
13532,19.11159526338116
13533,14.23244643474415
13534,14.62603151217121
13535,9.16951856306337
13536,21.517186279992757
13537,13.264299856120225
13538,19.047906916140967
13539,15.408097559057456
13540,15.338451238632734
13541,21.248867659532024
13542,13.730889907021751
13543,14.500558737675703
13544,19.379753899820777
13545,12.011338703191296
13546,18.44389025437396
13547,18.64006057754984
13548,18.98167270016185
13549,16.095048649890074
13550,17.229486378833613
13551,19.507897565472824
13552,17.513093188844778
13553,19.161662233911166
13554,13.258650666289952
13555,21.36507109021089
13556,23.066241861937087
13557,14.77235102669129
13558,17.699418648938803
13559,10.605309832480915
13560,17.031162712452293
13561,18.75231552303356
13562,17.053137648371305
13563,12.806478257508749
13564,15.698923327120854
13565,13.364744708335284
13566,18.225088462665255
13567,16.36122486190905
13568,14.749400991161371
13569,15.987107928491032
13570,14.425708474883466
13571,16.35511267426702
13572,10.720963719681624
13573,12.613770745254097
13574,15.106516731107842
13575,19.630068027630152
13576,14.831502773046
13577,15.825649320013287
13578,15.433990255616756
13579,18.502928970241577
13580,10.305254014644355
13581,15.590345576516317
13582,15.748281121821345
13583,14.539183847843558
13584,15.814872446830497
13585,16.469619375342155
13586,13.914934200230697
13587,14.569619101162992
13588,13.050412447460548
13589,13.052277836172873
13590,20.39850493515717
13591,13.371606649739327
13592,17.253531176942374
13593,12.865716761848518
13594,17.422621024354015
13595,15.162979349584479
13596,17.645472448480035
13597,17.374721244811184
13598,13.78994896165944
13599,14.572997544897007
13600,14.12757077733261
13601,19.744985165603808
13602,10.749061808384175
13603,17.049682465590674
13604,17.128810749088643
13605,16.194415865409454
13606,12.988071949229287
13607,21.274072130731817
13608,9.05329739109142
13609,13.55149053887662
13610,13.259515971880006
13611,16.17384996791555
13612,15.355449924831985
13613,13.708138701787243
13614,16.338921056451486
13615,17.038356466972097
13616,15.071168682720527
13617,17.641369512008584
13618,14.54248260757691
13619,19.761871125494036
13620,9.995014397124207
13621,15.833229304572557
13622,13.757667197913602
13623,13.120342990461989
13624,13.706604531844832
13625,11.187360005756048
13626,18.13709381333493
13627,12.508313279059392
13628,18.95975559251344
13629,16.51186036684635
13630,20.321457736488348
13631,11.115614213888403
13632,11.799070549475335
13633,14.149966243351797
13634,15.275535825297936
13635,17.78030821769366
13636,15.710264962183926
13637,15.34588467683424
13638,13.347127007049973
13639,16.85104329390282
13640,23.6040496157841
13641,11.804271962371462
13642,15.77488458896291
13643,18.156362366440906
13644,23.491235353329458
13645,17.64768951845293
13646,16.920661164060334
13647,14.19996563932173
13648,13.782128246550121
13649,16.441739455866497
13650,18.610423219884694
13651,13.110571955009164
13652,13.693459823280069
13653,15.450653885337855
13654,20.807253625948235
13655,15.76090324089859
13656,17.63632469770237
13657,18.069337350665172
13658,16.151499685605213
13659,7.304342262083542
13660,11.388832984490216
13661,17.17115924320519
13662,22.32233029765765
13663,24.100921174538072
13664,22.985773793615728
13665,13.906428958013176
13666,14.40786386701044
13667,13.500212837361273
13668,11.814129501558266
13669,17.474678531769996
13670,10.881136161878572
13671,14.61913503524115
13672,12.63443337767443
13673,16.334489288908436
13674,11.489598815366605
13675,13.992655063764852
13676,17.72114762127819
13677,24.76405353308988
13678,18.05931569560948
13679,14.49401007656555
13680,15.305685482882433
13681,18.286861683184192
13682,16.938057567250766
13683,16.451854400363267
13684,15.421151948144415
13685,21.067548558563058
13686,17.8501516039941
13687,14.320279160112818
13688,18.319721167649995
13689,8.873682071074223
13690,11.846981808344538
13691,13.489871672924732
13692,16.259505171754885
13693,11.701835127434528
13694,21.973797663046483
13695,22.40836754393745
13696,12.95807444873584
13697,18.85616727206328
13698,13.487736675228215
13699,15.013973177573893
13700,16.504332035069716
13701,13.419518702625824
13702,12.027814913174211
13703,15.026043619708778
13704,15.143887358743994
13705,16.032486540962214
13706,9.120990407260466
13707,15.531842753552088
13708,24.8029535218606
13709,12.79950302006976
13710,8.760794379761016
13711,17.504480586532573
13712,14.155109285737435
13713,14.859827924560951
13714,8.680031217091257
13715,10.495352601071804
13716,15.751139866830828
13717,18.170775792872018
13718,13.178275640937521
13719,11.828652249101477
13720,19.28433749209152
13721,11.83494369901699
13722,12.843094246616769
13723,22.665708972913166
13724,18.67568005995797
13725,14.66377732890782
13726,9.176644075681141
13727,17.21554299792997
13728,19.944819802629183
13729,11.539674448147721
13730,14.440516126801715
13731,18.258699753313962
13732,11.359782601337606
13733,12.257911918482021
13734,18.31629961530939
13735,12.178275534951778
13736,21.666231049433964
13737,12.858308455265682
13738,18.83321705700672
13739,19.142181645561127
13740,10.263169292327948
13741,9.407072094814525
13742,12.785204755182885
13743,9.235101637236173
13744,13.12031886689794
13745,13.838119385685683
13746,15.026909835072328
13747,17.390776357578837
13748,17.368681720551574
13749,13.863688290265642
13750,13.465178104128778
13751,13.398622871513632
13752,14.349467977801401
13753,13.205708752466677
13754,14.572919531728031
13755,12.264260804415585
13756,9.717659878499267
13757,21.374966838012348
13758,21.838783872925106
13759,14.93339261019275
13760,11.102194568215577
13761,11.510581631847224
13762,12.87303096911085
13763,14.248290535942937
13764,11.408196808882858
13765,12.568230543235948
13766,23.913211400353397
13767,14.832384292740436
13768,10.131220968478459
13769,15.911911278768473
13770,14.911374166265437
13771,13.496616075956423
13772,11.16325766584995
13773,14.91205166707419
13774,14.394319013498864
13775,14.467391943643921
13776,17.219445015910445
13777,14.590489820190257
13778,11.876825288831657
13779,14.782831107990338
13780,16.326188149203105
13781,16.779168141452043
13782,18.816323221535185
13783,19.993669371073487
13784,15.605070314582107
13785,11.617979703522865
13786,14.840281431065597
13787,17.28351609723655
13788,14.984138527402642
13789,13.931442811442054
13790,15.091894525846817
13791,12.64238148189129
13792,12.531272615588993
13793,12.062507093960447
13794,15.294310304071677
13795,12.939448075336982
13796,13.416774920684094
13797,13.828755043416844
13798,22.611450614386264
13799,12.486883470190675
13800,15.086398978251685
13801,18.100608572338658
13802,14.273709705835254
13803,23.360091335574957
13804,20.791319540446686
13805,9.342945247253658
13806,17.604846678002083
13807,16.814932175607936
13808,14.437806260942507
13809,15.27013239903007
13810,17.810236247483594
13811,12.146839742049094
13812,18.12548061550382
13813,9.811962481121064
13814,12.771576292739514
13815,21.737774593125508
13816,13.150739060862655
13817,8.134937386085536
13818,11.880708943973348
13819,11.79820470443411
13820,20.536442590421714
13821,12.096519114993857
13822,15.644090294421877
13823,12.222051659600472
13824,18.34143160401558
13825,13.62967615993947
13826,15.498401336860644
13827,14.486798416444362
13828,17.452739911527516
13829,15.459455219770657
13830,21.46184311749724
13831,15.597623876868996
13832,13.068025530417323
13833,17.86333100498444
13834,15.879967446853902
13835,17.41459700193237
13836,17.07812167093626
13837,19.111099329629955
13838,19.209125985408484
13839,17.372463514988233
13840,21.57308564858905
13841,20.260956953538397
13842,20.447285774753027
13843,16.64690648518401
13844,11.132213200342472
13845,14.25455337003653
13846,10.175761989542764
13847,17.91516639628835
13848,13.874281874271574
13849,18.436945234316383
13850,15.225363227789757
13851,18.859931562357858
13852,14.488194041980439
13853,19.84931065093984
13854,17.937230869707555
13855,8.394673617273394
13856,13.112997611441427
13857,13.364606117915253
13858,20.186206851856717
13859,14.260577884965373
13860,14.058554756213582
13861,16.243718332332307
13862,12.63919073578802
13863,14.656294189336277
13864,19.056493154090873
13865,24.59991622276692
13866,11.306333702783476
13867,16.097289781926563
13868,17.190999563957938
13869,14.737892891163602
13870,21.053043269635964
13871,12.872723076970503
13872,19.563372375525514
13873,16.050301199339344
13874,15.07928052817484
13875,17.248699021982873
13876,13.875334460118772
13877,14.294437928081587
13878,16.1422910679928
13879,11.093778070228975
13880,16.766104965752184
13881,14.35100775974851
13882,11.70121084604019
13883,13.21803608510345
13884,21.689732585542103
13885,18.53130715492717
13886,21.62647042451505
13887,14.598163274168739
13888,9.97917935188812
13889,19.271530194754483
13890,13.57535585709988
13891,11.380681190797091
13892,14.738665664599122
13893,15.288020028832355
13894,14.903168955864784
13895,16.341523678458046
13896,11.588454787465281
13897,22.055992586783546
13898,11.775902031657074
13899,16.278827673163093
13900,15.168931618642416
13901,19.360544073842664
13902,14.851274613028252
13903,17.464300089579055
13904,18.318133961553073
13905,15.719303552908581
13906,12.177132858508678
13907,19.245989216986736
13908,18.820709434507496
13909,10.759643758679234
13910,14.655447889106302
13911,16.48434251283125
13912,13.3392126943766
13913,15.971971895811746
13914,19.85831478443494
13915,12.179489180910254
13916,18.196912381232885
13917,17.422767512143643
13918,9.230451425521311
13919,18.96871754017485
13920,14.107600089011926
13921,20.085597519113467
13922,13.570343721873623
13923,13.365217531364213
13924,14.336109187522435
13925,13.488787247725755
13926,15.464964865821665
13927,15.472808545970402
13928,13.124276374354537
13929,17.274604005927053
13930,17.436052871703446
13931,16.94552813938897
13932,17.25854964627416
13933,12.47322622147065
13934,15.495506788223599
13935,15.442331313796613
13936,13.61848007089689
13937,15.354422857366314
13938,19.454400315485458
13939,15.360355026596
13940,17.058917309157472
13941,17.80696207696908
13942,14.153183831767185
13943,12.403851915951762
13944,18.554135395000266
13945,16.333133258504127
13946,16.947921834864133
13947,13.274711599681641
13948,17.83852891492355
13949,19.767415834134887
13950,15.2155700335275
13951,15.35362548144098
13952,14.310983654875473
13953,19.013514030404025
13954,13.628632932417617
13955,14.717888020260546
13956,11.755078664591771
13957,14.278377611948137
13958,19.886588642049027
13959,11.91503722556661
13960,11.683007875674697
13961,15.792092734236617
13962,12.379852330628818
13963,15.012011261751114
13964,14.594425095458522
13965,14.737230043022564
13966,12.598880368066713
13967,15.287833590787882
13968,13.427023395583404
13969,13.552318453449569
13970,15.113135746364211
13971,15.424482572174401
13972,16.873321870903364
13973,14.621771814109577
13974,13.63566271624112
13975,18.59397662337063
13976,11.574081925725212
13977,12.87541303595247
13978,17.881184118453454
13979,15.493866117092157
13980,17.12887739771203
13981,13.24487525659335
13982,15.487546042242426
13983,15.751452309399761
13984,18.73943100492398
13985,14.582318254015128
13986,17.36948761478874
13987,13.458397871314567
13988,15.800508579853538
13989,11.514698359983521
13990,13.484413447272422
13991,15.880299184915087
13992,16.300381907677988
13993,11.852575742832476
13994,22.57932634418072
13995,12.37212328868526
13996,21.35124889621992
13997,10.90192083248383
13998,15.44616859477057
13999,18.316979761471856
14000,13.622620157319709
14001,15.91965963700518
14002,17.629533483523737
14003,17.997580324740326
14004,16.737900380272443
14005,20.498040303313495
14006,22.49399155334759
14007,16.089285061671408
14008,13.484975892138955
14009,19.382491954965772
14010,17.964724836841732
14011,8.841076545332555
14012,10.870567604995314
14013,13.241389821912366
14014,19.511908311138733
14015,15.05916010503309
14016,17.36420633508811
14017,8.751634549646345
14018,14.957925835968783
14019,13.61347075193196
14020,17.36876656801212
14021,11.438841483860232
14022,11.27182870001739
14023,19.183953891106356
14024,22.126186584386446
14025,21.760103835944605
14026,15.647634657775404
14027,13.359586694738606
14028,14.506721276317002
14029,18.342727042112656
14030,17.31543174262186
14031,21.41264486738771
14032,14.772851440480359
14033,18.16505957082938
14034,16.230875354547116
14035,14.481246223605408
14036,12.922930191492995
14037,8.668367314435613
14038,12.29007228310889
14039,16.377010088091744
14040,19.72985783080145
14041,12.716022631011327
14042,15.379167322539503
14043,12.140544102911047
14044,20.110422336105525
14045,9.101645201977568
14046,17.868409543755554
14047,13.709917332041014
14048,13.820777838290946
14049,12.871367571006484
14050,17.093340148194393
14051,13.953782492653062
14052,16.135105861339483
14053,19.77827037194661
14054,16.434614980949227
14055,14.524700345914303
14056,13.848012216351506
14057,12.891980794503326
14058,17.78229322461734
14059,18.0508029622317
14060,9.637503201681017
14061,16.805710317199875
14062,17.347187023369244
14063,15.487664286950531
14064,13.110644086825559
14065,16.085310794389542
14066,18.346880733297027
14067,12.626045799454504
14068,18.607391804706285
14069,14.026752832310136
14070,17.001887262551065
14071,12.798035772371046
14072,12.753732329082018
14073,16.67833475518617
14074,14.05702550595053
14075,18.021631363681095
14076,16.59424154403849
14077,15.28105137075982
14078,13.252729579693526
14079,12.198567674979898
14080,9.862730021354317
14081,16.80689394381934
14082,14.739062698813923
14083,11.545801557283518
14084,13.653184519050992
14085,21.393844039853214
14086,14.051297668392388
14087,10.542492625080392
14088,8.3482015910486
14089,20.454892487164855
14090,15.14920263616221
14091,22.54411479376828
14092,17.06227610226768
14093,13.498161354812375
14094,14.774591933111516
14095,13.262380960468283
14096,18.266061463361083
14097,14.353730431615661
14098,14.950157037157599
14099,13.806345582492025
14100,18.471595105287488
14101,11.475411285570708
14102,16.033152990810926
14103,11.578376121821107
14104,21.023510045387642
14105,11.429802857081416
14106,17.58785588255585
14107,14.078174217725708
14108,19.744847576124258
14109,14.528440429389358
14110,15.45415769391317
14111,15.248824880999178
14112,13.34614921619794
14113,15.091283453110533
14114,15.148586129474278
14115,11.790724897784834
14116,10.12028922468005
14117,14.787994341041902
14118,17.381294910907215
14119,8.67436897801773
14120,15.232114471221454
14121,14.246741068333172
14122,11.943349528620624
14123,17.10542905745681
14124,15.932022116316533
14125,12.07629906461137
14126,13.548959448293019
14127,17.488184274931363
14128,11.63976412848039
14129,12.900757392059065
14130,11.986136381755117
14131,17.35421700899829
14132,14.805523791289941
14133,18.01897247673245
14134,14.878209663177984
14135,14.718313737239649
14136,15.629686416073957
14137,17.264962211037776
14138,13.86055515331997
14139,19.000020157238097
14140,17.191962151531314
14141,17.609347326847303
14142,15.844131207591445
14143,13.086917622521842
14144,14.893251274175668
14145,15.72595144920691
14146,13.539247525996675
14147,16.344634460222338
14148,15.76391398993342
14149,8.94112807303145
14150,14.76453508219002
14151,14.080860590638459
14152,15.368099859306989
14153,14.562746624942156
14154,11.541647061955596
14155,16.108137781783903
14156,22.933112384089526
14157,21.296980699362614
14158,18.720611712644228
14159,14.25814765282112
14160,13.299171463400805
14161,13.907204211315015
14162,11.075613453779896
14163,11.789387015252537
14164,17.211467365622035
14165,18.669817315245623
14166,21.07458138624404
14167,9.270518604382772
14168,12.204993092901933
14169,20.667857694875508
14170,19.107004724792866
14171,16.327798975546813
14172,17.82541574775353
14173,20.384537707586702
14174,21.857837337570338
14175,17.43430861922026
14176,15.68143259455096
14177,16.97857753522495
14178,13.993132418805756
14179,25.036188056028685
14180,15.906462934959913
14181,12.083311878796243
14182,16.76851704672096
14183,17.88801972109227
14184,12.387125006489704
14185,15.890709122959313
14186,14.574307417778753
14187,13.276066958830572
14188,13.068603274481962
14189,15.815536723684469
14190,13.753559388535786
14191,18.61184060143441
14192,14.828560796924249
14193,17.77052235005089
14194,22.363765101728177
14195,20.243316703514445
14196,18.862094216896068
14197,16.153651820417885
14198,13.029180100476161
14199,16.87368185106439
14200,14.286857212032352
14201,15.087828083773895
14202,15.213231347518198
14203,19.181869700437865
14204,14.522448015226734
14205,17.154267904665524
14206,12.565724553920779
14207,15.26814758544002
14208,18.618994904271247
14209,18.735350709508175
14210,15.27873232878556
14211,9.29502310949204
14212,18.359373139760592
14213,18.193276347437944
14214,20.71675155925326
14215,13.718547856221301
14216,15.298088351465049
14217,14.064258282558747
14218,22.60133687007101
14219,11.312513600396628
14220,10.830382923333262
14221,18.59706496672775
14222,15.475560035552457
14223,12.126072977495374
14224,18.733908380344126
14225,12.149615762689397
14226,16.509418772530044
14227,16.645078754190443
14228,20.520515345527137
14229,19.762344078564176
14230,15.217767483653587
14231,15.795225493990664
14232,17.522803236549827
14233,16.45725387835582
14234,23.541315667620353
14235,9.081250403045242
14236,11.360397790170463
14237,15.208764123141039
14238,9.260691971862412
14239,18.517297291391284
14240,16.987416793772866
14241,19.742205449623157
14242,10.165390822614818
14243,14.413301121868304
14244,14.367198399097845
14245,13.928754195095301
14246,16.606075204455514
14247,12.635349709160764
14248,14.866400196066149
14249,15.279932682320222
14250,19.46175390300587
14251,11.798656232865973
14252,20.688108123960916
14253,13.804236166778809
14254,11.540367838799124
14255,14.770402717158602
14256,13.287514765949027
14257,18.885463915692576
14258,17.765847483548555
14259,10.631210017799201
14260,17.015706351014824
14261,17.16312235136665
14262,15.84782081686157
14263,20.658051251613657
14264,15.029939717710814
14265,18.509879763045625
14266,14.773208231370575
14267,9.969573019441198
14268,23.97124279834503
14269,15.989965440508264
14270,14.694267030233918
14271,11.863147077588287
14272,22.502432096784958
14273,12.122273082983847
14274,13.790118195204581
14275,12.443243270004967
14276,12.780456790357794
14277,12.811306199196771
14278,12.564033273892786
14279,12.727847259741711
14280,19.38434980503802
14281,15.582959081971236
14282,14.591416571436767
14283,11.76734917869518
14284,15.606062008752305
14285,19.482749761591897
14286,12.097893933665386
14287,19.347869083101557
14288,15.531644495002658
14289,11.49208453254046
14290,22.38382020884913
14291,15.623505699953826
14292,16.871442901941528
14293,9.976366934103433
14294,16.630118434058062
14295,14.898207683946593
14296,15.838461314652484
14297,9.535858233131695
14298,16.312509219645655
14299,15.029986238284094
14300,19.298706252661738
14301,22.841349058589067
14302,18.53883640522772
14303,16.742281188614044
14304,13.012069016014692
14305,16.665443934048294
14306,12.640680411114449
14307,16.795696501337247
14308,18.66133753633578
14309,19.26246651387941
14310,12.271913798218687
14311,12.622603976870863
14312,14.579867663234918
14313,17.51758701776061
14314,13.112828619362773
14315,13.130717582298699
14316,18.616205372668276
14317,15.416715008033849
14318,14.896439479595271
14319,17.646989125304586
14320,16.88057482918991
14321,16.184255258543978
14322,16.03992890097401
14323,14.565526771556895
14324,15.044593840632599
14325,9.845755894052058
14326,14.455981592081171
14327,12.377127309432417
14328,14.71220487333776
14329,18.369747823639706
14330,23.215775631553186
14331,20.50652815566172
14332,16.33709149872748
14333,10.462935437705784
14334,20.685827152121654
14335,9.481252044984647
14336,15.896259984647875
14337,15.818005934274025
14338,11.28091053211285
14339,13.752226093659784
14340,16.178756063485984
14341,14.560361810747365
14342,17.89723378205823
14343,14.37358133034976
14344,19.077318085167533
14345,9.869606787002876
14346,18.223416346347083
14347,22.95023371995093
14348,10.490754440821483
14349,12.843495649310158
14350,19.519969385194173
14351,20.069724859635684
14352,18.33597458021316
14353,18.486228223179516
14354,17.152014442477324
14355,14.681638270273998
14356,11.575325199413548
14357,17.20028407511184
14358,8.762033994209649
14359,17.815144446989578
14360,18.072242211928298
14361,16.019541809730878
14362,19.38171621912862
14363,12.621470516774892
14364,11.24714356655207
14365,20.043276584242633
14366,14.896202284405053
14367,21.25162230268151
14368,23.14532917200978
14369,16.429815736510076
14370,9.160342341216076
14371,15.345850346349303
14372,12.184445663256398
14373,20.708117248041788
14374,14.360451067087757
14375,14.299189735290637
14376,12.240149957582847
14377,24.10973934876702
14378,21.144211578323905
14379,9.683041860829826
14380,13.930632886916227
14381,16.32746731657144
14382,14.677754606263866
14383,17.413702130327103
14384,16.04385329039718
14385,15.375489315726378
14386,16.648213488245094
14387,19.60876681346999
14388,22.61497192317117
14389,20.19236615340653
14390,17.452354630705287
14391,18.474592430827087
14392,11.849036486394183
14393,23.512872798394
14394,14.074367422942114
14395,14.431821832022449
14396,19.09375292484737
14397,14.991786259531017
14398,17.94927124835005
14399,17.91445287295872
14400,12.590656602906746
14401,18.80168069018058
14402,16.32585471063051
14403,16.797712568668153
14404,13.470104671544698
14405,16.899524729248313
14406,15.045226401154519
14407,14.632804500451869
14408,20.99963178484247
14409,15.117120761902232
14410,15.367370374390868
14411,17.179298409864188
14412,14.70926099447528
14413,13.886914625220282
14414,16.09279927250458
14415,22.14481775533949
14416,14.582372848627465
14417,20.045299533758083
14418,21.974910831072286
14419,14.061252714272916
14420,17.503987971666362
14421,14.607138935582892
14422,17.405650055274045
14423,16.367610269205453
14424,14.046214169601186
14425,13.667708125430627
14426,11.644477380705979
14427,16.063364360777733
14428,14.907505839150089
14429,10.66577665933486
14430,10.09248582193174
14431,12.62221526022826
14432,12.00304022856596
14433,16.4729894353813
14434,13.594215738578363
14435,19.63602293650465
14436,17.522031468712388
14437,16.987149892243025
14438,18.446580464698975
14439,13.957443568367648
14440,13.95508536530333
14441,14.755755564195171
14442,7.914055844805703
14443,14.34637763879858
14444,22.698107341977902
14445,11.823160005346278
14446,13.596061453026792
14447,20.264787161617065
14448,21.59476427954497
14449,15.78053705789406
14450,16.723334509675958
14451,12.81580623959978
14452,15.983821819104088
14453,18.13579689403575
14454,12.514644102812573
14455,12.884706185485797
14456,17.17456328140361
14457,12.751817424847168
14458,16.946213597905555
14459,15.680299097070458
14460,14.188716054208042
14461,12.776549842080357
14462,13.725027898248122
14463,12.820162988978517
14464,24.064281222269393
14465,9.915566556577538
14466,9.149591045855601
14467,12.75221416779259
14468,19.241740335189164
14469,23.52286064837041
14470,19.8494873595209
14471,17.241565373790618
14472,23.113883563089985
14473,16.648922175695365
14474,19.5283001360331
14475,16.94959386888285
14476,13.321534579886102
14477,18.491715866265725
14478,20.429024750991253
14479,10.09563665356633
14480,16.044220145299356
14481,12.073441580561568
14482,16.087758733908252
14483,14.892917396288032
14484,10.6968734181314
14485,13.455668045448734
14486,22.97042617988746
14487,9.835235006509299
14488,11.295180161039521
14489,19.367672425194264
14490,16.264798790416357
14491,14.02403874338525
14492,10.795438427050161
14493,21.657343644212375
14494,18.98769463789845
14495,17.095737547175762
14496,12.884339049963826
14497,17.185014740384005
14498,19.111513465282627
14499,12.510913022637745
14500,20.55315858709011
14501,20.879333028297992
14502,18.861567031148557
14503,18.235514773668456
14504,13.265054592073582
14505,11.467047286960856
14506,12.981583104702878
14507,14.673961110025713
14508,18.046466635879128
14509,20.82854270833819
14510,15.002565013235165
14511,20.84072238873118
14512,17.0538116251711
14513,14.171884700510283
14514,20.105576966169746
14515,17.98494230617284
14516,13.676503831339975
14517,14.236111603746394
14518,12.455252354021571
14519,14.965539943226446
14520,12.792349594263452
14521,16.796674782577696
14522,9.906769227766844
14523,14.265006130574115
14524,15.091509659462092
14525,20.270555488801072
14526,14.859958307400353
14527,19.679829403694008
14528,17.37580087199926
14529,11.300840163191182
14530,8.996078585715367
14531,15.660724625875893
14532,12.01597274987369
14533,14.011171821420561
14534,10.964515201303051
14535,16.24579496526779
14536,15.510944287263575
14537,13.389322864230806
14538,14.233242406386573
14539,14.479375031260977
14540,13.28988056371512
14541,14.972245347001953
14542,8.958348640006971
14543,16.051517678420126
14544,15.51095198311525
14545,15.164805226683947
14546,18.332860712096014
14547,17.698762980753727
14548,15.767732689879155
14549,14.495679047221232
14550,16.515945926099725
14551,12.16961144749666
14552,14.789722811499368
14553,22.47650737452014
14554,17.15008335676037
14555,20.742091895071816
14556,17.519686966687686
14557,19.647364393343736
14558,14.481151202006204
14559,17.50421331287096
14560,12.609055723892599
14561,12.129327807838767
14562,19.852464477514566
14563,13.706837354076583
14564,17.86873773775134
14565,14.224759479417465
14566,19.533987026051733
14567,13.770620020451215
14568,12.343621100103638
14569,11.154910653334202
14570,15.564001364735297
14571,11.783640678048279
14572,13.01551778594291
14573,15.37916800695386
14574,13.581855785334845
14575,11.260297657666733
14576,16.014302127257437
14577,18.880303629888367
14578,21.214464725605588
14579,15.333114771402995
14580,17.221290335721662
14581,13.992249589320314
14582,12.214667114273023
14583,13.43924477507772
14584,11.616615012417968
14585,15.012315886708018
14586,14.17418596141252
14587,17.260352328182172
14588,11.958811226796923
14589,14.721768942298121
14590,14.408828718413478
14591,10.596547629321453
14592,12.954003197769246
14593,20.537660477878248
14594,16.37525536151579
14595,17.954955747920344
14596,16.20011275301565
14597,15.503207821899524
14598,12.714428533607151
14599,16.374925578041918
14600,13.423291302162628
14601,19.047237167278958
14602,10.931288919199561
14603,17.723134068709243
14604,13.047361507041368
14605,13.346023759812962
14606,14.939585071628406
14607,16.75144191949147
14608,15.194647625571228
14609,17.99693597948162
14610,15.361241760323784
14611,15.204759402212098
14612,13.84210271225532
14613,17.158251162950513
14614,14.77136351306319
14615,11.39354003884012
14616,12.403667319800098
14617,17.349300071195472
14618,20.794525924215726
14619,11.08940512351104
14620,14.791995460667518
14621,14.984256041160696
14622,16.264925509476292
14623,11.521430993839708
14624,16.03289748826574
14625,16.433868403129246
14626,13.688222218703022
14627,19.937087893299736
14628,17.28045717314889
14629,18.93135029104308
14630,12.444384791663527
14631,15.08354586228751
14632,14.862041645720357
14633,13.230816509437005
14634,17.251394315650252
14635,16.13568521791525
14636,18.807651417171826
14637,22.13000556965431
14638,8.65341162333727
14639,15.004867494451199
14640,8.460279912376455
14641,20.116943952600188
14642,15.843304392243416
14643,15.754143442208772
14644,9.677540399798666
14645,19.265720974939896
14646,23.534494231915303
14647,17.923755448933342
14648,15.42887656853036
14649,14.718190128453923
14650,14.484683004696324
14651,11.74443860752279
14652,10.919757370970647
14653,10.568034644395789
14654,14.089179336516352
14655,15.810203296917285
14656,17.60827302677484
14657,16.234297651387422
14658,16.776049620550943
14659,12.662053697143588
14660,11.41593418420683
14661,17.924943856622026
14662,17.397388412879593
14663,20.256395019410334
14664,18.581461328803794
14665,8.99098631145263
14666,14.803101996558894
14667,13.581720453623838
14668,16.23650785623622
14669,16.177462354300893
14670,13.52509195451089
14671,15.235838651795904
14672,11.202698962968459
14673,23.548514950575232
14674,21.474545348608437
14675,8.432378310763307
14676,13.880983650774606
14677,17.066776175191727
14678,12.968095776188449
14679,17.162684353015404
14680,16.01247899099755
14681,17.06900784073872
14682,15.197883092247785
14683,21.319463856413627
14684,13.33589610195169
14685,15.918595588079873
14686,14.938449694404095
14687,19.002209219733764
14688,13.596130058693007
14689,19.54157345623939
14690,8.770184873973301
14691,15.302549155774932
14692,14.524276466581076
14693,17.280643185207467
14694,12.806198602468214
14695,15.740414996115588
14696,10.422287440419392
14697,14.791058136961857
14698,12.668552956129854
14699,24.047766108264916
14700,11.573712434139644
14701,12.135157495686766
14702,14.602055092171781
14703,18.431336741909607
14704,24.1254751148927
14705,22.347552922091822
14706,18.64299213495319
14707,17.094802597279077
14708,19.866574096909694
14709,13.125428323898227
14710,20.981804045359972
14711,18.234805837864634
14712,12.368195429829756
14713,19.490366475259115
14714,14.745364175109788
14715,22.299760010995612
14716,13.50497384306315
14717,16.414362565947933
14718,18.542072948159152
14719,11.967164945009998
14720,15.259221145993342
14721,15.077780238504003
14722,13.208411941872221
14723,10.956164527754861
14724,11.774223624517578
14725,18.13236933197577
14726,18.685776374981565
14727,11.669299704279627
14728,15.641094158756017
14729,12.440818686051776
14730,16.115839505673826
14731,12.958675835934446
14732,11.180236512778205
14733,14.41625321067689
14734,15.038405033552166
14735,14.101455866462993
14736,13.881284274664594
14737,15.532292110343732
14738,17.365315346719456
14739,14.42974032639073
14740,24.037998781316958
14741,21.77572416112251
14742,12.149220810047016
14743,18.433017112740608
14744,18.439894785258254
14745,18.613262308432077
14746,11.955400408605856
14747,18.40694868692749
14748,17.32849654689078
14749,13.523777519212905
14750,11.746993371656853
14751,21.00907295608591
14752,21.637055331649677
14753,10.368045051020335
14754,13.633169513444248
14755,11.87919540253706
14756,12.725432480459204
14757,17.20320811843226
14758,12.886716571405302
14759,19.997830563103246
14760,12.909139501634321
14761,19.570768172402754
14762,13.00685457174015
14763,19.058308979568494
14764,17.12971205691661
14765,18.24476858887583
14766,14.94066419761595
14767,12.130275713650626
14768,19.10475357628735
14769,13.347784202054898
14770,15.703980443384244
14771,12.967148343915566
14772,17.3115430395343
14773,19.623497517230398
14774,21.152454850995298
14775,14.121215979204543
14776,14.829534354026348
14777,11.463562636543866
14778,18.85201918616609
14779,14.573007290018188
14780,15.44061893813585
14781,14.341066807004609
14782,18.68298946094295
14783,16.35736096345717
14784,20.413969066186418
14785,20.74309657737664
14786,11.632584870058729
14787,16.906045449990422
14788,16.178820593672498
14789,19.450394248767914
14790,19.768753934246682
14791,17.266199178476967
14792,19.794618972553053
14793,9.244308657866464
14794,11.024895598264935
14795,16.396183197051833
14796,18.67470934525126
14797,16.79498821346119
14798,8.851968043447549
14799,19.595796401174063
14800,17.765578078142344
14801,16.362491339162172
14802,9.868165104356988
14803,18.756121808843137
14804,18.19064601098615
14805,12.881413923186885
14806,17.965093212263596
14807,17.970030045870814
14808,10.834444798278941
14809,15.507951054466567
14810,16.323702558463367
14811,17.519374647646366
14812,15.25569438087557
14813,10.553723247572641
14814,13.23415879763051
14815,13.879446138411767
14816,15.166391270195161
14817,17.213006580979737
14818,15.498446845740107
14819,13.843477706896445
14820,10.559515968202653
14821,20.427847807328178
14822,18.867079522415274
14823,20.495002885824555
14824,21.141819732268743
14825,22.78224630744546
14826,14.86085131550078
14827,17.79529822555181
14828,18.139393813548082
14829,12.342930449419445
14830,11.106725635470095
14831,10.237731689134453
14832,14.350892649369099
14833,14.547658058537936
14834,14.37189955307579
14835,10.720163688625036
14836,13.132021604292875
14837,18.165521026393343
14838,11.633671633062063
14839,14.771849391995117
14840,13.613299153351107
14841,20.465827190018075
14842,22.733254338595565
14843,17.923122293363352
14844,16.827598541855515
14845,19.614044988826734
14846,15.905846128319544
14847,15.437054724802342
14848,18.461046117746044
14849,22.351761294975958
14850,15.929654798858847
14851,22.01503943566479
14852,19.984822228836837
14853,8.494921252946645
14854,23.42428668297935
14855,16.800794659849675
14856,17.975664100710496
14857,16.180079592200947
14858,12.156026058103494
14859,17.964325628339083
14860,22.11062404514064
14861,14.873254580039555
14862,14.155086903928561
14863,17.119433881042866
14864,16.148594205337865
14865,16.656854428016196
14866,16.41746920015254
14867,17.5527979449771
14868,17.049565090091882
14869,11.614453997583446
14870,14.987846212143577
14871,10.290617096905201
14872,17.57499856377936
14873,13.71416811243921
14874,9.941285418844881
14875,15.489458553206136
14876,14.927469111327502
14877,15.352719465556481
14878,12.761070702970716
14879,15.090785331185058
14880,17.253325143402463
14881,13.883082738638592
14882,16.220291585594353
14883,15.828574756254854
14884,14.933448646020164
14885,15.756744939293075
14886,14.016900783462315
14887,16.509232465553893
14888,10.864696407161718
14889,14.29015652605988
14890,11.025172878982747
14891,19.259456138981598
14892,18.304019828615495
14893,16.75976033166429
14894,19.94088148842888
14895,24.237009791177044
14896,18.157948265482837
14897,15.96085066518785
14898,22.108857707405463
14899,14.515118265956355
14900,11.205974415034644
14901,18.490113499395527
14902,17.24151419974664
14903,21.5702463568405
14904,12.521739125526015
14905,15.110234027286616
14906,12.742689886835223
14907,24.418814383374666
14908,11.544414655445848
14909,12.95967552537364
14910,13.193441545823823
14911,21.12266299433138
14912,13.76654800847526
14913,15.372166111271293
14914,11.087369950868052
14915,18.74126278450921
14916,19.81363391640459
14917,11.81716307441237
14918,13.937512834261096
14919,9.67868679103544
14920,15.016290230228165
14921,21.481884950302707
14922,17.399798744352175
14923,17.659310140837885
14924,15.33060480224642
14925,22.87308802189289
14926,12.268513882574446
14927,16.940654257148324
14928,17.942941320507316
14929,13.114750830389214
14930,16.806330318719702
14931,12.617256725761402
14932,13.46645525898693
14933,19.017534007146907
14934,12.719036819443573
14935,14.118403393626789
14936,12.760072952866135
14937,13.039555421232027
14938,14.317253841685101
14939,13.404759096919182
14940,18.38776509312968
14941,13.770860857395025
14942,21.60737619372101
14943,15.927124352820849
14944,18.83273377227625
14945,19.396526821666647
14946,16.444999469689904
14947,13.106023038279089
14948,22.12667190354577
14949,17.728764370371472
14950,13.025210472461758
14951,13.594123281045334
14952,20.14927356617914
14953,11.41488303392869
14954,13.619847430568715
14955,9.547200512622563
14956,10.377393160689191
14957,21.888148001411693
14958,10.614932250643896
14959,20.42551219573092
14960,12.934005886002257
14961,17.028517003350167
14962,17.036425829228463
14963,9.858494689400036
14964,16.358267950966706
14965,9.419832718341219
14966,18.854622789904134
14967,12.640098152532856
14968,15.428522005415811
14969,11.344612570697477
14970,16.937323021185605
14971,20.69073879442267
14972,13.31969180878755
14973,10.884364512368487
14974,18.131869720168112
14975,20.059375600848686
14976,16.489724470613425
14977,9.867266124162331
14978,11.882689404787705
14979,12.400981045128686
14980,14.552537670025055
14981,15.813141441584323
14982,18.156482447807463
14983,16.922177703075107
14984,16.623951635737185
14985,8.990503732722162
14986,17.922826809860695
14987,17.413509682223925
14988,18.63707017191995
14989,18.35831019763262
14990,21.794530285989705
14991,15.816472158881126
14992,15.130726189519574
14993,14.366382412633868
14994,18.519914080040685
14995,18.256783551113003
14996,12.29577772615521
14997,17.43152023898842
14998,15.945412946523145
14999,13.270922837240956
15000,14.937431619469008
15001,17.150416691794753
15002,14.4005626206225
15003,14.388551000842266
15004,18.373308768963387
15005,16.889128391742815
15006,12.28451226566215
15007,15.012953732926913
15008,17.549455782578114
15009,16.627030975075648
15010,22.129253487543707
15011,15.123419367275202
15012,17.540023310976636
15013,11.675252957654427
15014,9.502446078389465
15015,14.843556713574543
15016,18.792916668618332
15017,10.772151969537742
15018,12.001915869480055
15019,16.60200224965154
15020,15.272087130124595
15021,16.927206146932416
15022,9.422249670246291
15023,12.524562065240644
15024,14.805028423009144
15025,10.509395113211943
15026,14.073070117575343
15027,21.315484504254886
15028,20.50863343004749
15029,15.859289689658858
15030,13.26126246871249
15031,13.25807904059887
15032,9.794230513011156
15033,15.805478039963836
15034,10.37226376646223
15035,11.11673640354299
15036,16.653944710141786
15037,10.492170133144107
15038,16.572268095320865
15039,22.243174718266836
15040,15.530906359762582
15041,14.387893340962643
15042,15.680102449916332
15043,12.39771518240136
15044,14.454150373813833
15045,13.073982470021813
15046,18.281101885263205
15047,11.582041405484386
15048,10.647497274104628
15049,11.896611628374995
15050,17.95017661484421
15051,12.747544562019053
15052,13.801293803649134
15053,15.398436208508043
15054,13.438137716070917
15055,16.00024777794068
15056,20.986580138551886
15057,16.152501361984633
15058,21.87059345462785
15059,16.521049231926426
15060,23.463825400341342
15061,16.792474809323043
15062,11.552833455002705
15063,14.140027363074564
15064,14.33619472434629
15065,13.520792240475298
15066,23.61850173269613
15067,14.941236441904193
15068,17.20518613542321
15069,15.53201318697243
15070,16.30539227331301
15071,13.880240082279906
15072,9.714484279176418
15073,18.66328703792847
15074,15.881028736234548
15075,18.80080390903767
15076,17.07685336857172
15077,15.984567717251878
15078,19.700403391092884
15079,14.278593107451787
15080,14.707355814286656
15081,17.34407366938252
15082,18.596655675052467
15083,14.166265333147129
15084,17.333430229525987
15085,15.601931458752917
15086,11.551515405992937
15087,13.04689139109341
15088,12.648307506008726
15089,20.281894938275002
15090,20.54031431777528
15091,7.983826362873026
15092,10.352587876405474
15093,16.724124044268116
15094,10.214988774473902
15095,16.392058229966402
15096,21.896146236878607
15097,11.409639445946915
15098,18.849418227845277
15099,12.054000599667235
15100,17.376279063867933
15101,12.772612541089046
15102,15.618389810025223
15103,14.944395384043256
15104,13.763545763036438
15105,14.152483082387997
15106,9.881127093322405
15107,10.660451985761142
15108,15.15913432655307
15109,15.912679597830358
15110,16.057861817143483
15111,18.62444197138919
15112,17.12478778376267
15113,17.593229390898543
15114,19.541926606362544
15115,14.507585018647472
15116,10.980331670860991
15117,16.323147484120874
15118,11.79544201596682
15119,14.208738863349168
15120,10.702115144460633
15121,16.936359038628822
15122,11.740272750516096
15123,9.008333382544405
15124,13.604782185511704
15125,16.958317564210468
15126,17.4279543274232
15127,18.13277077046712
15128,13.895920378028915
15129,17.43297381622407
15130,13.031895625600477
15131,12.543062219764279
15132,20.7700895443964
15133,12.282013734942668
15134,16.708240907935718
15135,14.424206294387432
15136,12.677053036168058
15137,13.879222419648917
15138,17.21213090188747
15139,15.226105305303063
15140,17.109638204100534
15141,13.628553758673583
15142,10.444625403135717
15143,12.494451652542802
15144,18.731786087179692
15145,15.435599333311771
15146,15.505402609163157
15147,18.617458658512973
15148,15.954098360288711
15149,23.31477887912441
15150,20.186071521025575
15151,17.043346718228925
15152,16.860107849920407
15153,19.33424801135028
15154,10.651205644929883
15155,20.007766568819676
15156,16.67337445880029
15157,14.863223529201559
15158,13.511028845698773
15159,16.919455312160146
15160,12.03383949513465
15161,16.06082484624575
15162,12.2264253495507
15163,14.749631119821373
15164,11.286157753718147
15165,12.132129837961562
15166,24.799358024057916
15167,15.330347820791859
15168,16.554816104548472
15169,16.514598057665552
15170,16.85425445186857
15171,21.710010258478412
15172,15.82267255977878
15173,9.567817585782285
15174,8.259762652209693
15175,15.383524239755788
15176,18.12780777821112
15177,16.833516587259943
15178,13.664499767225804
15179,16.751477118629303
15180,9.616313189842412
15181,21.473975436356028
15182,15.69392388717491
15183,19.628921519093915
15184,19.29405754270808
15185,15.267502336966395
15186,10.092676465772897
15187,12.810954330085476
15188,10.483186644715719
15189,13.62430430124276
15190,16.707289699537405
15191,16.64583299519353
15192,18.40355496329549
15193,17.55210119606199
15194,21.730705604803823
15195,10.978271202567885
15196,10.743497591579176
15197,12.296930883857357
15198,12.607431050922965
15199,8.591975145563973
15200,9.839457101320349
15201,10.386225220045446
15202,19.268190836836133
15203,15.929304403761092
15204,13.12597508954015
15205,13.442307190518841
15206,18.247241524408032
15207,17.3975854292147
15208,12.803347944256641
15209,17.83020822868241
15210,16.15959384607809
15211,19.278737751395113
15212,12.763892654217898
15213,20.52561006843553
15214,17.991858685381693
15215,19.120707024766908
15216,11.118514651545613
15217,16.604904642009195
15218,11.992271709270312
15219,12.20024744876964
15220,8.554041085061776
15221,10.899249416952738
15222,17.760608562571345
15223,17.50018333854377
15224,22.015854736853385
15225,15.360169019847051
15226,13.609364485762597
15227,10.251393700182081
15228,13.345818738336659
15229,13.943180989106049
15230,19.035426946626554
15231,14.695533899799385
15232,13.092922312099198
15233,14.765569924612295
15234,20.521815830389464
15235,19.10504918133841
15236,17.23811417153785
15237,17.227922872830938
15238,9.151446348225628
15239,17.733165597632663
15240,15.901012491738694
15241,17.096591630519328
15242,24.733566495206347
15243,12.979819286330965
15244,21.560747090119218
15245,15.7475707213961
15246,17.22651151450667
15247,19.450054447844607
15248,22.777362249733365
15249,16.604271684783736
15250,16.58257876182789
15251,17.363052882863755
15252,17.91834425842488
15253,13.672053441098996
15254,17.07318173233785
15255,11.55652605162134
15256,18.446418327472486
15257,18.306687581402358
15258,16.03265970146815
15259,15.805314839177925
15260,14.73608463512148
15261,13.879998383273119
15262,20.345285891464925
15263,18.17645165386105
15264,15.60497502808982
15265,15.762703769344835
15266,12.62742042296593
15267,18.180179428618633
15268,11.079595406368778
15269,12.988419784096076
15270,20.18729790610776
15271,17.87561182253905
15272,18.969802673046587
15273,22.24155061276926
15274,18.070550840130633
15275,9.54956865550548
15276,17.65352179123586
15277,14.502557248772733
15278,22.126274743370516
15279,12.202699494798578
15280,15.811147889584962
15281,20.319078487850717
15282,17.531254398087054
15283,12.178608916776742
15284,18.80531045410224
15285,22.388678997123115
15286,14.182434301240802
15287,14.999114566806504
15288,18.81532771097282
15289,12.115412329018785
15290,18.7076549161617
15291,13.089283969996938
15292,20.079140326658006
15293,14.728108554194568
15294,20.98263959416068
15295,20.542737946315896
15296,13.062337490682467
15297,15.05295592521356
15298,13.671644155662019
15299,16.067410969427183
15300,14.188245313686666
15301,12.993170937275385
15302,24.285233174646883
15303,15.953384997282223
15304,12.478857656274473
15305,22.32307713458748
15306,15.055177996053214
15307,15.301287854786407
15308,12.686754726173938
15309,14.912680920486471
15310,16.41787069797308
15311,13.656747597479905
15312,14.54581165881025
15313,10.587883959545003
15314,20.440425682906586
15315,18.355806324397008
15316,21.30229471247745
15317,13.441842383556809
15318,18.779713386480154
15319,20.415146141584643
15320,15.622641200842745
15321,13.141886174337023
15322,12.546690781716677
15323,20.326925571106415
15324,14.133801627513815
15325,20.52203469841602
15326,9.632332676915258
15327,15.479538802648985
15328,10.683374266032375
15329,11.603800377302619
15330,9.879552240326099
15331,19.811626497202766
15332,13.719865810563736
15333,13.937780463703687
15334,17.613835147443645
15335,8.908370202621573
15336,19.630436478963333
15337,13.076430385338305
15338,13.033791334146123
15339,21.76322491034785
15340,16.47997411618855
15341,11.784861564406823
15342,14.36484126139105
15343,16.390173754543042
15344,16.645490943034304
15345,11.268618927625944
15346,8.005053820000862
15347,17.097106092764747
15348,13.80795846429656
15349,14.345161386170599
15350,16.09946908068813
15351,14.566600748176917
15352,12.001303369551838
15353,14.822998007657374
15354,14.223582228051734
15355,9.797653733054663
15356,15.426494637503206
15357,18.303948728836104
15358,22.02702685121436
15359,9.900244148610982
15360,11.527230128658037
15361,18.454352597835555
15362,15.373677314191744
15363,12.161893811670335
15364,12.322885525289
15365,18.88615217899458
15366,21.271207989432426
15367,20.401772576553782
15368,17.767428820540026
15369,21.091175263429633
15370,14.632481323203885
15371,15.465101686009318
15372,18.574441072275178
15373,14.970402280549791
15374,13.483182165109797
15375,18.18935811836971
15376,22.06368999578696
15377,11.203063443908885
15378,17.496358548235435
15379,13.48492529426269
15380,15.665375886679676
15381,15.782733552373424
15382,15.820249291984222
15383,11.154736441521225
15384,16.191451195549675
15385,12.256778622769986
15386,19.69769444832346
15387,14.863182281514305
15388,18.78277748260437
15389,17.663453134018106
15390,14.28643484152309
15391,16.915458265536877
15392,19.624035316528136
15393,12.070723737768564
15394,13.515883564201829
15395,15.157340362043971
15396,18.812316222152234
15397,16.32451638209796
15398,15.042238149622872
15399,15.85749412816437
15400,11.881933418419116
15401,13.032113758487675
15402,16.532288205209674
15403,14.446785436539988
15404,14.135776748152338
15405,17.125179066107762
15406,12.396144437415636
15407,16.592553559715967
15408,14.54040941137104
15409,13.301590700457552
15410,14.620958210847393
15411,10.893394954282183
15412,17.143585183303543
15413,16.42105080755063
15414,21.421039220812204
15415,16.547458509040126
15416,16.527848774105166
15417,10.147000927252728
15418,14.700926742848942
15419,14.010573049403467
15420,21.756358651305106
15421,21.885355792464715
15422,10.243297726245462
15423,19.83618564545842
15424,11.996775195365565
15425,13.5522829598664
15426,21.373696970383374
15427,12.201354888659466
15428,15.428872376268057
15429,17.27232561042802
15430,17.436423746552673
15431,17.99873959148934
15432,12.995059884774008
15433,12.554172206614632
15434,20.904279752566367
15435,20.59481233299652
15436,17.704536646364033
15437,10.877657205908967
15438,14.28530909379142
15439,21.215610456593666
15440,20.24785561212306
15441,14.692634330695112
15442,17.188292417929702
15443,12.915013696267103
15444,22.109299128683176
15445,13.57078367893145
15446,17.84611020316263
15447,13.385740004651137
15448,21.598248476647363
15449,15.725709086622524
15450,11.955159255138755
15451,14.673003906274841
15452,14.494223899077758
15453,15.09934411458371
15454,14.327556854488071
15455,15.133607758390058
15456,16.935635517172315
15457,9.795425954793492
15458,16.422203681290576
15459,18.605266633346798
15460,14.306667850778178
15461,19.114624057305093
15462,19.72468744567449
15463,17.728023850875026
15464,18.804148298345517
15465,15.613728195858537
15466,15.231902872708844
15467,7.92285853654961
15468,15.368906362536798
15469,9.70561410207003
15470,17.099284468472014
15471,22.936347418374595
15472,15.386683205965168
15473,10.440313572057958
15474,20.361707450975292
15475,13.883541694160979
15476,17.82407737602091
15477,12.772380614426472
15478,17.109284634074978
15479,15.721991635626567
15480,17.27620851255745
15481,12.91653952151255
15482,14.144496565488238
15483,20.96285782700543
15484,20.62782660243102
15485,18.732517149815983
15486,13.993598599285233
15487,21.885078440585914
15488,13.060733323809735
15489,16.011424397569236
15490,10.870729616356765
15491,9.004803272633229
15492,14.087423356868673
15493,11.68489893871072
15494,21.50630655700307
15495,20.687643991102295
15496,21.342763715869765
15497,14.628039206333776
15498,21.083436783849866
15499,22.148413139623273
15500,11.75760829141765
15501,18.011221784823377
15502,14.518279054256725
15503,13.054789960493322
15504,15.4842955411529
15505,14.364135592004525
15506,10.980703583692089
15507,11.207325470083266
15508,11.453364433821484
15509,10.986696787441186
15510,16.90929940543396
15511,15.530162715632366
15512,12.037626444576468
15513,11.156712984619816
15514,14.797303551984605
15515,15.464821005504941
15516,15.56070748956762
15517,20.023491415079057
15518,10.619280092355353
15519,13.880543265009608
15520,18.204949113054326
15521,13.237877975039993
15522,13.775082842333415
15523,22.133954198865958
15524,12.723294301574867
15525,15.091743758885121
15526,18.667114425208176
15527,12.388054016781808
15528,13.794133967349122
15529,12.398346740120276
15530,10.449942356282687
15531,14.849124227008911
15532,21.867333169014152
15533,18.951910495954905
15534,20.393928130885335
15535,16.60511360297776
15536,14.770712033531053
15537,18.367276873056824
15538,17.691547526354785
15539,13.902167498843923
15540,17.644589791754633
15541,22.13337247018562
15542,17.009292597477625
15543,17.737781244304287
15544,14.300842158074278
15545,11.526389298599032
15546,14.998637275276982
15547,10.51596037880111
15548,14.480239884177578
15549,12.896077938223975
15550,14.962916300161668
15551,14.075125113197622
15552,16.754543970503704
15553,21.48900860719398
15554,10.067653229924389
15555,15.504608771376096
15556,12.162182062296809
15557,10.573799982926008
15558,15.352637734962107
15559,14.709746599381736
15560,11.666647505798561
15561,17.223258325501384
15562,22.60195967885197
15563,17.297526334419423
15564,16.312674268392414
15565,17.053269131248264
15566,14.088054448619934
15567,24.106548801659812
15568,14.300954817109035
15569,16.062119211628048
15570,10.295031666106855
15571,17.235024819730285
15572,12.161087515880743
15573,19.36945711727536
15574,15.275416265505319
15575,12.618138574271098
15576,15.591275991161513
15577,17.993737259522433
15578,12.980867850850426
15579,11.73164778545323
15580,11.886760271637256
15581,16.51586695433063
15582,14.680435766078736
15583,18.772211388256864
15584,20.666170370254825
15585,19.062261472298275
15586,20.880207610599655
15587,14.029491072686167
15588,18.678745330401924
15589,13.526463550175823
15590,21.895739529606843
15591,20.45972243035236
15592,15.546088924685966
15593,16.74400264410926
15594,12.583357001838172
15595,13.246697001313823
15596,10.205388984064546
15597,13.562982763787867
15598,21.288677637119548
15599,17.75437246241509
15600,20.903468282882706
15601,15.126369011674148
15602,13.931477879135075
15603,16.867894097796434
15604,14.491239251757456
15605,15.44956392759786
15606,18.106646849452638
15607,18.6912551402154
15608,13.388672525553954
15609,17.304938923191216
15610,13.021444536146017
15611,15.83939931973314
15612,13.215475212122493
15613,14.318586749571764
15614,18.892268132856955
15615,15.951743417975942
15616,16.066201061251462
15617,12.84703200654381
15618,11.953719249228001
15619,17.128893693697968
15620,15.964761981027737
15621,16.0713010760182
15622,15.07651970614811
15623,12.384262848737478
15624,16.946602688653208
15625,14.144298092823123
15626,15.63576442145318
15627,11.310021503389613
15628,11.907828043223876
15629,18.751283055836836
15630,12.287510421223153
15631,17.021599366986564
15632,17.599733751249822
15633,15.117187489028366
15634,17.635583049979406
15635,17.762568189719047
15636,19.862138013944417
15637,16.160400589012475
15638,22.29819324912964
15639,13.91277358396415
15640,11.589903695863562
15641,21.86675242747959
15642,15.604907726697776
15643,17.918807737168002
15644,15.608009904977143
15645,11.428709585398252
15646,21.271696107826134
15647,14.010481590732427
15648,21.2663738089206
15649,15.52625303583246
15650,21.849781051552775
15651,11.633041658711502
15652,16.612188625531594
15653,15.1326659737393
15654,17.321417185126222
15655,11.322644146845946
15656,18.807409671515387
15657,17.934312225755924
15658,12.957798316737819
15659,17.223816493592366
15660,15.922678363244676
15661,10.11644527525842
15662,13.916289440682629
15663,16.978834161219467
15664,11.41331674807736
15665,16.324875228358643
15666,16.44735648815681
15667,16.84775929329443
15668,13.29495467670899
15669,12.77933730125644
15670,13.011035434442302
15671,13.297967115703822
15672,17.736996159827097
15673,20.24716770463648
15674,16.314610755219135
15675,18.562888562613562
15676,14.813265065034292
15677,15.997346917462547
15678,15.051978154269888
15679,17.05815079894186
15680,10.759090044564621
15681,17.00490770707914
15682,12.527284400686778
15683,8.959500602692414
15684,13.696215286363515
15685,13.46530209168108
15686,12.915296586134716
15687,15.85820118291339
15688,13.085423503581964
15689,14.347307820877315
15690,16.81246821022079
15691,15.68439032365288
15692,19.43269488070829
15693,11.776594219706006
15694,11.118061744809683
15695,18.387473166205194
15696,10.116708146427307
15697,10.092920039590574
15698,12.405568657021016
15699,16.734321630120192
15700,15.960590610815713
15701,14.569821932267468
15702,12.43209337154018
15703,12.314997361617936
15704,13.984518117302672
15705,18.459241590619683
15706,14.409011302095317
15707,13.591809335102589
15708,15.07785518606596
15709,11.073734020553793
15710,15.23746775921786
15711,13.244801561080173
15712,12.944203909578937
15713,12.77873993048507
15714,12.116380529006848
15715,18.860980974490865
15716,10.450376489699455
15717,14.01401195994314
15718,20.720200870194823
15719,19.602822623694138
15720,14.981425802231318
15721,9.665513415454072
15722,17.552762403896352
15723,14.958298364853432
15724,13.369953851463128
15725,15.315436379451027
15726,13.107520791392568
15727,10.029527939407714
15728,20.000233495798746
15729,12.288771227089185
15730,12.348488742029723
15731,13.95220015826748
15732,11.917291869947743
15733,10.034960431422812
15734,15.84602736499099
15735,17.46341479272685
15736,22.82627880365255
15737,17.26346487213945
15738,17.678325278697898
15739,16.930713368819852
15740,12.347854064204205
15741,11.742767766691795
15742,13.050093312837664
15743,16.850583061074296
15744,15.012697664698662
15745,15.643586655537364
15746,20.048043927263684
15747,12.454223324224852
15748,17.074397509230096
15749,8.737770619476375
15750,13.375981319012713
15751,18.077629204604875
15752,12.654642237956809
15753,15.878736380123781
15754,13.150741051483749
15755,18.33695044290628
15756,12.896951890137174
15757,20.02024976937592
15758,18.51732703526409
15759,14.992092675384693
15760,16.011640373009115
15761,10.850341270217449
15762,11.389251749796124
15763,13.451785791880987
15764,20.386180926916687
15765,11.127964725258547
15766,18.33912890005864
15767,15.327983507954743
15768,10.716299486243244
15769,15.994011400504448
15770,20.870306261022893
15771,17.6764178673847
15772,18.891427546319903
15773,15.020862506977721
15774,14.458100076283403
15775,13.343804304905396
15776,16.74789234998688
15777,11.199714925065944
15778,14.102807452940317
15779,16.381678657601
15780,19.123065363202144
15781,13.644428206853743
15782,15.477958373879249
15783,13.297142415259838
15784,16.06704368315653
15785,16.158636812217207
15786,18.481035338265222
15787,17.43839347460633
15788,18.672212854988736
15789,15.93304153558639
15790,20.592060695636334
15791,15.982516278884821
15792,16.80388292386307
15793,17.616770628362467
15794,13.309537825429642
15795,16.472973788267094
15796,16.16407220336984
15797,12.757197921820726
15798,16.58099618060909
15799,16.25449187047601
15800,12.960301446865092
15801,12.844540398107522
15802,10.314345281890908
15803,14.406459302823777
15804,13.04566132490865
15805,15.711508510181917
15806,18.29292691622922
15807,9.565771900253644
15808,17.35754583170685
15809,22.983259052555155
15810,21.693886924914963
15811,17.655298910628552
15812,19.068965113618212
15813,12.111338506996937
15814,17.06099039910975
15815,17.23505105990509
15816,11.324223301894103
15817,11.32018296259905
15818,13.805219523466722
15819,10.82187695680491
15820,15.178155788215582
15821,15.36322382029257
15822,20.127865764627433
15823,10.575123579779769
15824,19.033012643222563
15825,18.495489316657707
15826,18.035285265840127
15827,12.640481544439782
15828,10.800804691134392
15829,13.132416805182462
15830,8.354763427117662
15831,15.684003352844893
15832,21.787587026200065
15833,14.086145828998959
15834,18.07821128179772
15835,18.296794840667566
15836,17.43838613437405
15837,11.34468936036987
15838,18.28578230866595
15839,15.737489979144053
15840,13.984116800621628
15841,14.609033777778825
15842,19.34695396807841
15843,16.46833139857759
15844,18.41102746132207
15845,15.765214744093063
15846,15.853408137438919
15847,16.405466220757873
15848,15.09364842283996
15849,14.363981205859632
15850,23.02434176239307
15851,13.256091542862087
15852,12.720923337320219
15853,13.147519024696152
15854,13.668169020532362
15855,11.687445930464893
15856,13.309598865488631
15857,14.885008524238051
15858,18.945528407909727
15859,14.248061389283214
15860,13.842808069519737
15861,13.88404161805361
15862,17.876622618534434
15863,16.751779838255693
15864,19.8372200995328
15865,11.671244349071557
15866,13.699750310966646
15867,20.662926929456415
15868,12.908325997074824
15869,13.7232918130052
15870,9.377462944061858
15871,14.096117307098396
15872,11.353378475727256
15873,14.959825784617436
15874,18.416979210215047
15875,15.30463010185473
15876,22.82281097216881
15877,13.107954555494363
15878,15.723425471238963
15879,21.85593377965443
15880,17.497708237756395
15881,17.98535607448556
15882,15.730773476594385
15883,14.525365542757799
15884,10.626983170688082
15885,13.429155946578051
15886,17.19343411047396
15887,11.699528957584842
15888,13.437220455206555
15889,21.089933692518436
15890,13.770274160650532
15891,13.97588176263709
15892,12.594310803674793
15893,18.986438983171027
15894,13.518205495795875
15895,20.530296152758332
15896,13.286040938553777
15897,22.83898739605928
15898,19.76137850683166
15899,12.649534643739383
15900,15.130474310847331
15901,21.220426870751147
15902,14.443243174710343
15903,18.621202023741034
15904,22.840666119224224
15905,19.899866619505225
15906,18.309364371104756
15907,10.596761377841162
15908,15.552991821024452
15909,18.488638827782914
15910,11.419475253752218
15911,13.603928487264472
15912,14.931017118211388
15913,13.896544972867545
15914,18.053406334583507
15915,16.229382713475104
15916,8.858249455182275
15917,15.90492960155765
15918,12.503183238655964
15919,9.38911940971916
15920,16.0308949696649
15921,17.352164080190214
15922,19.20249882752177
15923,20.559590524628234
15924,19.150536469703646
15925,17.036818187610578
15926,11.429703084055568
15927,12.135974716673417
15928,17.47920851820546
15929,17.493212168521666
15930,15.092545728959063
15931,11.478557160618504
15932,21.167047704455673
15933,17.650023806619558
15934,20.90319558921929
15935,16.08523567616915
15936,13.741468124949005
15937,20.10871557497869
15938,11.430953537111737
15939,13.267720312345137
15940,13.738519295972578
15941,10.084348059847315
15942,16.827987613635194
15943,10.116180717543669
15944,16.237721547920337
15945,11.868107984596357
15946,13.106198375308567
15947,12.966148631146918
15948,10.344404444500622
15949,13.52867465491159
15950,12.327198936864797
15951,10.230466549756665
15952,16.488386589539488
15953,16.549055020663737
15954,10.908945606047219
15955,21.922949302255567
15956,13.063832769567064
15957,17.636398244925708
15958,14.422626063435933
15959,12.434989338322918
15960,13.344107883321033
15961,18.657221833484705
15962,18.728916540187214
15963,17.80310578507229
15964,13.648808468755258
15965,20.361476530324296
15966,11.300000339391795
15967,13.980023836154157
15968,22.328738395037185
15969,15.543191543662262
15970,11.651816682462908
15971,18.33356486936436
15972,22.29047484856502
15973,17.348203534702883
15974,15.136780467254672
15975,15.082171156249032
15976,20.020850593852984
15977,11.483955293969709
15978,10.387712281825788
15979,12.519450970118477
15980,14.833583069557722
15981,15.84491806363288
15982,15.859951173956794
15983,12.726817422679641
15984,13.507954037951187
15985,12.333811034569617
15986,13.683774741072993
15987,21.929004928183183
15988,18.092011154021343
15989,15.338239917249135
15990,13.786688244899857
15991,14.052221995111166
15992,16.4389040789321
15993,13.884500604221106
15994,16.739664191889787
15995,12.893113729014189
15996,19.80460745202096
15997,13.149599976296475
15998,12.490025687388044
15999,15.375551368749084
16000,17.17937424076502
16001,11.957739149963288
16002,17.14643754587975
16003,14.426813825604786
16004,12.36334714852636
16005,13.703088609140492
16006,15.035345394647525
16007,9.399538548601033
16008,9.802231494937798
16009,15.877814936167601
16010,14.051488852021697
16011,18.644856221803472
16012,16.408646192420022
16013,16.12323936820108
16014,17.099063477520247
16015,16.23855443013811
16016,13.513514836049737
16017,14.903503235970529
16018,14.443177519384058
16019,20.37414767577961
16020,18.358992397868533
16021,17.660592501189274
16022,16.816217626579125
16023,17.094824592717487
16024,15.023885872361317
16025,12.502827091645056
16026,15.806734264457036
16027,15.588914438303533
16028,13.706900407795302
16029,13.806186744921911
16030,19.2018032858077
16031,9.351171325815342
16032,10.599166796508545
16033,17.28110073754049
16034,15.78073945101244
16035,8.540565277153746
16036,14.154480995220057
16037,12.731337014943024
16038,18.452411724441625
16039,16.129689142967315
16040,17.101249834743967
16041,15.32417316101895
16042,15.729355920305087
16043,16.905266816866856
16044,13.43465868101386
16045,14.996994364933705
16046,11.101465671150825
16047,22.673754397022876
16048,13.368862060946274
16049,14.978479525732794
16050,13.803371974077466
16051,18.854857442979018
16052,20.914869422009673
16053,17.373495442420122
16054,17.755394339717128
16055,15.756306084678991
16056,13.222812397530383
16057,9.963967321784445
16058,13.288295120998908
16059,19.54566644333668
16060,13.911918290483033
16061,18.250869173733257
16062,19.95981204709944
16063,13.733127988449704
16064,20.383171113797346
16065,21.35441151289638
16066,11.511198373089437
16067,11.872688510514685
16068,18.657110421673856
16069,18.32183785195818
16070,15.246339911689837
16071,9.179372796255478
16072,22.9637356478744
16073,23.043707904806674
16074,13.77758105365818
16075,11.199662456165175
16076,14.613759833324341
16077,11.627045476986005
16078,9.619417215655488
16079,12.887530344913294
16080,16.152747259993248
16081,16.996044924661973
16082,15.658521480292835
16083,19.302111445068718
16084,9.045065994182211
16085,18.237137288260918
16086,17.93140125842523
16087,17.788107582444518
16088,12.2742565870771
16089,12.375325551700021
16090,17.695046551736443
16091,12.651675649109697
16092,11.02413494184309
16093,19.34041301934308
16094,23.940597284939294
16095,14.034738462453356
16096,17.53534315230749
16097,17.42430583823394
16098,14.255866191358372
16099,19.397246471019365
16100,17.238073669726305
16101,12.381036964129905
16102,11.808035679821728
16103,10.749510640695386
16104,15.272007148004588
16105,12.832500214571363
16106,15.015451818556619
16107,19.62856569324061
16108,16.052801443241968
16109,19.06808752727352
16110,13.857704029998214
16111,21.169708387170935
16112,13.703886326609808
16113,11.151715797355777
16114,17.654846503168088
16115,15.487857689097579
16116,15.46984663245227
16117,16.87223390494467
16118,8.359424457775724
16119,16.178931761926066
16120,16.580175972867302
16121,16.799978399210282
16122,19.808523352761426
16123,15.633347495603688
16124,16.38366152921475
16125,11.740470276456369
16126,12.568694553223052
16127,15.20862189749279
16128,11.523470700053505
16129,13.470368472457826
16130,11.96577962707127
16131,9.679770735879842
16132,20.9788635167844
16133,24.944274317169928
16134,14.452695131256172
16135,16.47476883958029
16136,21.45929911911776
16137,22.68303278521281
16138,14.65116514566391
16139,21.685495548193906
16140,10.759648890847073
16141,13.154486241130078
16142,14.612197851689851
16143,17.556977059500156
16144,24.626790540430406
16145,15.773945703954558
16146,14.315078689420359
16147,18.977676829056445
16148,14.920276566710017
16149,24.579148968464082
16150,12.836516639043396
16151,16.808450410716937
16152,21.73700428794919
16153,17.054489784523057
16154,13.736323310513857
16155,16.75091756920186
16156,11.945300917997844
16157,15.194850203867354
16158,14.644792188998958
16159,11.331823482379118
16160,17.041045181918072
16161,18.326334379799523
16162,14.030865343354188
16163,19.36133091776928
16164,17.44744511215569
16165,14.379940507985804
16166,15.676544563477856
16167,13.62838733556258
16168,16.151797748375813
16169,21.107644421839197
16170,18.383522125011105
16171,15.31414221708239
16172,20.185868230631236
16173,18.71455539406025
16174,16.583836153300346
16175,13.648117859511812
16176,16.54355448422629
16177,10.197468346223939
16178,12.219168151423567
16179,19.54092466319048
16180,16.29671791510348
16181,17.76743890614538
16182,18.573228065933456
16183,15.99327074793772
16184,18.636107985537905
16185,15.519585925878648
16186,15.245029531965994
16187,11.683775932198502
16188,17.735430192555725
16189,12.780227563019652
16190,16.370063532730928
16191,22.510782472253325
16192,15.638584622433905
16193,14.510908348252238
16194,13.56110492049458
16195,20.36364518397778
16196,19.511478462611215
16197,13.220333477793261
16198,19.320973068504465
16199,12.133932643345233
16200,12.08321846902494
16201,14.217653647143248
16202,21.362828780850187
16203,13.356226425929112
16204,8.586923753997057
16205,14.391139985457945
16206,15.239152500250198
16207,14.161643698161068
16208,19.99090975845236
16209,14.129136965537445
16210,16.102213025211903
16211,17.17529807965115
16212,17.901265198288684
16213,12.990322425965033
16214,11.389308346804924
16215,14.937622653025818
16216,8.497283268403038
16217,16.22164819637586
16218,16.685335306322635
16219,21.281087663812954
16220,16.574727106086193
16221,12.647001618071432
16222,15.605078463714923
16223,16.92051218255493
16224,20.498008848426437
16225,15.61318335885141
16226,21.24885951335687
16227,12.84492785961029
16228,13.65304622431316
16229,20.392814170622977
16230,22.873438291669565
16231,13.875685860651114
16232,13.760151602360795
16233,14.011156555200392
16234,18.942592386202605
16235,19.24304449330417
16236,13.013015057865687
16237,13.091752339065975
16238,14.113130096780553
16239,14.814493700996788
16240,13.418147959234302
16241,17.350508794651905
16242,15.095844741685505
16243,11.564157542733273
16244,19.001102154396868
16245,17.805099025365458
16246,20.490020497316074
16247,16.48635148426716
16248,12.207647395340821
16249,18.58251854893409
16250,8.922828771461951
16251,16.84997541017423
16252,12.982316850715662
16253,19.424242613098365
16254,14.944421107434545
16255,11.119122075324348
16256,12.331451015777438
16257,22.426635245242593
16258,18.175690040993274
16259,23.192715445323238
16260,15.272330802468442
16261,13.383140133431962
16262,10.269859096665357
16263,16.79635279932544
16264,23.33610754685455
16265,24.887139308169886
16266,16.63583112006185
16267,11.901597327483538
16268,16.38670486612866
16269,11.004722900062283
16270,22.61558542558889
16271,21.39016085065662
16272,14.603365700496122
16273,18.832144829848282
16274,11.027362343557394
16275,18.446397916829127
16276,13.119617003280512
16277,15.862384293759279
16278,14.08784378880042
16279,12.845552015443573
16280,17.269578459276833
16281,14.04699859136645
16282,19.410584563783786
16283,8.557445237309498
16284,16.817514952799442
16285,20.413721530243535
16286,12.4546751482835
16287,20.297667341180123
16288,11.775414391199021
16289,13.742906508429162
16290,11.100034221650372
16291,14.57000043320285
16292,11.342142885694681
16293,14.290145659243587
16294,13.649201327442524
16295,22.450050334652126
16296,20.590845391163572
16297,11.766365596534614
16298,12.365906873199066
16299,21.1106063121492
16300,14.154750739800466
16301,7.862188309123265
16302,16.016835596963126
16303,9.035111980908972
16304,14.208449448176898
16305,14.138311715427008
16306,16.15406465651307
16307,11.991264779476044
16308,13.216108759145676
16309,16.93508620275476
16310,12.15578535149302
16311,19.241563329290777
16312,13.999183152042994
16313,17.207786863939468
16314,11.732956368865757
16315,12.77909917608875
16316,18.065709848023587
16317,14.776849673797729
16318,17.718990265455616
16319,16.84754820981371
16320,13.541595519175669
16321,16.852832724979315
16322,18.879776331791554
16323,7.762736498318269
16324,12.277465404005742
16325,14.819048354521424
16326,10.212163873545572
16327,16.249140772607582
16328,13.230892057193632
16329,18.881621939162887
16330,14.484188543144343
16331,15.672644834556326
16332,12.831622517422055
16333,14.906429989421488
16334,18.33860025894135
16335,14.613490035388567
16336,14.980133515981892
16337,13.852386952135527
16338,10.078685909595546
16339,17.660627700222236
16340,17.67284803554808
16341,11.845022815179659
16342,20.363831595168868
16343,13.226749246504674
16344,14.573058927914909
16345,12.500620357547012
16346,15.675205421745988
16347,17.70053878896759
16348,12.854271906261427
16349,20.93089664174719
16350,11.013163024038436
16351,15.068395375251855
16352,18.910664946139867
16353,12.06674512729506
16354,14.652400959672123
16355,15.568714905926383
16356,16.880075414060443
16357,11.118124600026675
16358,18.227857743349972
16359,15.340930569308776
16360,13.534738327046053
16361,10.568448228081579
16362,19.609443700816705
16363,18.231950083982696
16364,17.85995855154742
16365,12.912381492864485
16366,15.88745669535612
16367,15.111495786873647
16368,19.1020282079283
16369,11.990355960336405
16370,11.742371893514292
16371,11.537228105928175
16372,22.306505807929696
16373,19.31821243734391
16374,15.935209157135244
16375,23.813519844643487
16376,21.138650997357736
16377,13.06220273888794
16378,11.4138853316953
16379,7.554791256973004
16380,9.2617780963324
16381,24.5688060304372
16382,15.700413499218541
16383,18.643283823768158
16384,13.465960219871384
16385,18.413323860694042
16386,20.435619583467286
16387,11.563263201967132
16388,14.874042978570895
16389,13.103459977097756
16390,17.724770686027426
16391,19.247526001347218
16392,15.64427530240418
16393,12.689473090483371
16394,12.335528809756669
16395,10.455028324879695
16396,16.096842413189933
16397,14.629271218117154
16398,17.53687691477819
16399,16.901777203690628
16400,13.178039647101178
16401,15.276513096816716
16402,20.9911385946709
16403,16.3617668020606
16404,14.55984532844707
16405,17.97142107539161
16406,12.301823917086352
16407,15.299275529237905
16408,17.785937994000573
16409,13.756711975019925
16410,15.884994672412182
16411,14.7361727602446
16412,19.487463987703478
16413,13.68614515724241
16414,17.546918146609073
16415,12.592194063238374
16416,10.05237752861071
16417,16.23209482240066
16418,17.241720158479737
16419,16.91813861673222
16420,12.801374908066377
16421,14.88506507347413
16422,17.30250923564052
16423,11.264300585760015
16424,17.504746794889698
16425,16.868776913460465
16426,22.03626370919835
16427,12.181778666938767
16428,11.982947573055673
16429,12.666812672981262
16430,14.205900023936202
16431,18.79290945899598
16432,11.612549803053971
16433,12.524920810896347
16434,21.458553813741062
16435,23.397213487555874
16436,10.427446327523487
16437,15.51342841485586
16438,18.13206797689867
16439,14.30490247700601
16440,17.172647060244547
16441,16.208460545541314
16442,9.075933230287449
16443,21.310025257608515
16444,20.427212705476364
16445,14.393801327067333
16446,12.108117491002997
16447,14.15021832799628
16448,22.276033041812596
16449,17.705399385452345
16450,19.290461061165793
16451,16.59408256428579
16452,10.132319341160072
16453,10.652909256630165
16454,15.596331805460759
16455,14.024055148024503
16456,13.786799164469386
16457,12.91372722761584
16458,14.516622916818102
16459,13.2884438677726
16460,18.804599963905908
16461,14.49843108207874
16462,16.265350245595776
16463,12.391809916282277
16464,16.46563882121521
16465,22.36452197422853
16466,19.422897871331983
16467,10.497231282735108
16468,11.928425085287895
16469,17.12936891748941
16470,15.934151780612535
16471,13.893410977613476
16472,23.544696726376507
16473,17.863031752393585
16474,13.454782027560041
16475,14.059823666448407
16476,16.57646856050092
16477,13.612786954656782
16478,16.04378446571878
16479,9.765759754547634
16480,15.308753134146867
16481,12.332645942812611
16482,18.794174441688853
16483,10.835765021299746
16484,21.83326062447683
16485,15.557361073399017
16486,18.075409787660337
16487,12.904175323336197
16488,12.952676417588933
16489,19.7571507839784
16490,20.798842815230476
16491,10.963094722098417
16492,13.641177357391527
16493,10.46989753442217
16494,18.995903560631426
16495,16.711988570420267
16496,11.47587793492425
16497,14.573310042682309
16498,13.296421121616078
16499,18.107984861446404
16500,12.640410742331895
16501,18.28733670007707
16502,12.358069171785779
16503,18.300393245859837
16504,16.936245074119896
16505,12.96345580732356
16506,13.038581273153167
16507,21.068924275065715
16508,13.070632332664509
16509,17.05312191831139
16510,16.805226939469684
16511,17.74336030357435
16512,17.311850899497053
16513,12.87647426638776
16514,17.211348145605285
16515,16.44838159087531
16516,14.390198978303685
16517,19.985281691210183
16518,20.81848070325657
16519,21.14299064206746
16520,19.858975474403863
16521,15.034709249838595
16522,8.231340509300331
16523,16.57944376132894
16524,14.662857545928462
16525,14.9715190409348
16526,15.468117497775738
16527,10.411057459665805
16528,15.783616559383239
16529,13.512124542406157
16530,15.168750911449612
16531,18.525393618580125
16532,12.91989128900908
16533,21.8977668858044
16534,15.131359604091132
16535,17.384752263619163
16536,21.421070987856552
16537,16.14480747598384
16538,9.95001339948612
16539,17.398698405105282
16540,12.003408480787527
16541,16.82833699742203
16542,14.368338179393488
16543,13.869926049502823
16544,14.36179561875841
16545,11.77995021013707
16546,10.929697748916247
16547,13.722698202800752
16548,21.047309157466508
16549,19.595864878584994
16550,11.088894127224105
16551,18.007192978549945
16552,13.63965999932141
16553,9.911065065883454
16554,22.422244099646385
16555,17.29330839877671
16556,21.162078278442713
16557,13.076527991381415
16558,16.994702003704347
16559,13.819363657663802
16560,11.562258119017201
16561,15.304281151655315
16562,16.55494677372821
16563,13.321772877435212
16564,19.94436442373768
16565,18.58850394473867
16566,10.635665974798387
16567,16.3789013776421
16568,18.143713673047017
16569,10.80805698538062
16570,13.811441226154741
16571,11.525852979837065
16572,13.690972398179508
16573,14.810619890346773
16574,19.436131100395208
16575,18.847359519239994
16576,16.984798203715727
16577,15.372836913015357
16578,21.103254785498514
16579,15.625786471183456
16580,17.572758488165256
16581,15.48167604425654
16582,13.257875257842322
16583,11.663401561935027
16584,19.81211125588775
16585,18.62766852717239
16586,12.546143113281863
16587,11.643888723651408
16588,8.875321449652704
16589,13.516607901659478
16590,21.775128218298732
16591,14.373260808753294
16592,23.663626703561974
16593,16.493714569802872
16594,22.407736221031648
16595,21.69263600721378
16596,16.699122749766424
16597,17.589677137274787
16598,11.276418401997606
16599,16.308617304759263
16600,20.724216023647713
16601,16.360059258609148
16602,11.491609652186696
16603,15.961599776321814
16604,21.35007505355049
16605,14.761611133548913
16606,12.658318349368455
16607,15.087265225029176
16608,18.25980152605809
16609,12.327559915281721
16610,17.25824613880736
16611,15.631348728533395
16612,12.103389436707593
16613,20.984261693022034
16614,18.11137734920448
16615,14.105865882627773
16616,14.664921583637593
16617,12.866790853856195
16618,18.903155281168562
16619,15.328560098003406
16620,13.24036584351806
16621,15.661098166321182
16622,14.493582202590591
16623,17.44411583730311
16624,12.592939628985235
16625,12.806379423871153
16626,12.183799025688693
16627,13.80995627091206
16628,14.424958288618699
16629,11.005199052716527
16630,18.94262054755994
16631,15.73336491820022
16632,10.411810697069988
16633,12.412898113824102
16634,17.28542444330895
16635,15.624088664131254
16636,14.426683814076677
16637,9.363770094773209
16638,7.616045254329101
16639,15.468943836227249
16640,14.582826243953203
16641,18.129473686426905
16642,19.650578497762602
16643,23.6968844508661
16644,17.411627846894945
16645,16.10793337580929
16646,9.435619559444246
16647,14.012459420106403
16648,10.935191417915476
16649,18.608787236528812
16650,18.436749237676448
16651,9.655992242819677
16652,13.381231129437715
16653,19.11579760586838
16654,22.703695379520205
16655,17.64231936343284
16656,12.566188660143311
16657,16.717018285635355
16658,14.019114219813284
16659,17.877458044265246
16660,12.398844604275945
16661,8.496074106714463
16662,17.96218745020022
16663,13.588224504218152
16664,11.03815092146165
16665,14.817166255140284
16666,18.655365455115593
16667,10.423920990078793
16668,15.266527920031761
16669,15.061751374170584
16670,11.557155919280426
16671,11.437027242296852
16672,15.480393867199352
16673,17.57633232881843
16674,14.334437648638199
16675,11.327960357410404
16676,18.924591296061777
16677,16.548716593935367
16678,13.199067691199467
16679,16.545253904892036
16680,16.44693677046324
16681,17.686772470441845
16682,16.440007080368453
16683,13.100008257888984
16684,14.909646024608454
16685,12.620314694396304
16686,20.768493201512094
16687,16.188630680769236
16688,17.431240138849553
16689,12.647989763066978
16690,11.68167556696779
16691,9.630687032294523
16692,12.979770612352173
16693,14.734671944546013
16694,13.955540418694033
16695,16.056973783321872
16696,17.700418101832717
16697,21.34347331468785
16698,14.159968051424393
16699,15.058044744264185
16700,18.98990215619697
16701,13.808826408643565
16702,17.412755324877057
16703,17.711797745955934
16704,18.014777787883347
16705,12.498841399703537
16706,13.611146474078668
16707,16.380322684515107
16708,16.63635967322385
16709,14.444670102935635
16710,18.512588058938626
16711,11.132277219809318
16712,13.015226552526247
16713,14.743191115397911
16714,18.059272607398853
16715,14.787569712899979
16716,20.944980497050665
16717,17.763342533868133
16718,13.612360142290168
16719,16.703265827323463
16720,18.175718999066895
16721,12.199321851866024
16722,15.412217594036031
16723,16.57075649108844
16724,12.956112228972794
16725,11.539234264213157
16726,14.630914454303783
16727,19.675062484208752
16728,11.099538874808275
16729,17.03695675993875
16730,13.484577027268875
16731,18.728889387036183
16732,19.193592656245475
16733,12.059571418311894
16734,19.400319315050353
16735,15.165663438633716
16736,12.752739958078488
16737,21.74983999875517
16738,16.35933588403632
16739,9.942383247363846
16740,18.454788130898763
16741,10.830758305163288
16742,18.96920496166085
16743,13.543525955382702
16744,11.136379211626387
16745,15.845238785894075
16746,20.469735651724953
16747,22.038727157155975
16748,16.715301515339704
16749,13.319578007898386
16750,13.905034854349045
16751,17.13054853180801
16752,19.16853102171258
16753,12.83837799821066
16754,16.690921010953744
16755,18.006801991488963
16756,17.88391717536912
16757,18.45821105224259
16758,21.212036176944004
16759,15.0228254050482
16760,13.496913306661291
16761,15.850763342127971
16762,20.987294040985745
16763,10.203611229264556
16764,14.326369405369725
16765,19.52195175165756
16766,18.996469917322
16767,15.349075837212835
16768,15.698362643753299
16769,9.437184793247575
16770,13.936554603450677
16771,18.128670589720695
16772,15.52075771611532
16773,16.651189081579798
16774,20.674753086008828
16775,21.225096481842847
16776,12.025730878934388
16777,15.258673262962427
16778,15.64235444776435
16779,18.702672595330498
16780,13.89750232285187
16781,12.805473523007795
16782,16.376817079071756
16783,16.201379510915515
16784,13.992959961653428
16785,18.083642909232132
16786,20.941728837526476
16787,15.817069948305864
16788,18.687411596651476
16789,15.675725316305499
16790,21.129991176075812
16791,17.32150450868619
16792,17.937760414833647
16793,10.424735613465861
16794,12.219269872122801
16795,22.385749098225567
16796,18.725213497590797
16797,17.019003298416727
16798,14.397381294569275
16799,17.949945079272553
16800,24.311165295093893
16801,19.093583548629915
16802,15.821776641068015
16803,17.495779913790088
16804,13.61805602011909
16805,8.49811825984354
16806,14.64033850383045
16807,18.624354648445884
16808,15.075107478089452
16809,17.583996569813294
16810,11.094015346817397
16811,17.306279723674045
16812,10.143194013940033
16813,13.737173307593881
16814,11.621930977518751
16815,14.922999775166607
16816,10.843556047378307
16817,12.846913935653273
16818,17.836134948870082
16819,13.149190321298192
16820,18.063784298414724
16821,10.946686444095148
16822,12.839431864497879
16823,15.140114468643816
16824,19.04634964965291
16825,12.44909369339435
16826,11.66621078818611
16827,14.970659475182677
16828,16.746747554331055
16829,16.32745039760124
16830,10.058592945209408
16831,19.798901630653276
16832,15.418409411598292
16833,12.203834741658081
16834,14.56753042272889
16835,13.455220533605893
16836,18.081333929105114
16837,13.966971305941376
16838,19.102065189778195
16839,17.806201366896616
16840,19.420188724443086
16841,13.016491943838073
16842,18.894528991068675
16843,18.423749329664354
16844,24.992642677122568
16845,13.880541231403903
16846,13.129104150092772
16847,16.708071099754406
16848,12.63979085804161
16849,13.683884265044242
16850,17.01624315665665
16851,13.882857590112502
16852,13.303634958679469
16853,16.129741439810527
16854,15.56427327063093
16855,16.531937357813714
16856,17.079147714789876
16857,13.89251797937165
16858,13.904459909887269
16859,21.393311546292075
16860,18.618486792161214
16861,14.38793298687479
16862,11.806767544796024
16863,20.819738839744943
16864,18.536426959661966
16865,14.496048406073049
16866,17.335550178476055
16867,17.516286020589078
16868,12.323281702181346
16869,21.377828912205082
16870,15.609991880356132
16871,18.20237340721897
16872,8.274987244166699
16873,16.158317727549335
16874,13.00223611113378
16875,16.9470966170994
16876,17.263187655301184
16877,17.40334718744181
16878,15.118462629257024
16879,15.507134593964103
16880,14.102585954409841
16881,16.68401679889247
16882,15.611874294795182
16883,16.84609932476397
16884,18.443352750780008
16885,17.31517247008592
16886,17.244440947059182
16887,23.37888391358232
16888,14.63985652516554
16889,18.5390548651295
16890,18.330748320916733
16891,16.84595394866166
16892,18.23773303901509
16893,11.52279169025272
16894,11.871766081381228
16895,17.365436124950826
16896,10.922260396689046
16897,15.752291764929193
16898,21.251547319276703
16899,13.097210852406832
16900,14.540915775961823
16901,14.959979082144825
16902,15.579323990576365
16903,12.51141692581708
16904,11.82147607504338
16905,15.342700694621396
16906,13.324862421788154
16907,20.378290817828685
16908,18.05331711648639
16909,15.227882542669064
16910,11.725652411730298
16911,14.541356903469248
16912,16.989102358618545
16913,17.030804745060415
16914,12.21575926265517
16915,16.077911346179803
16916,16.140129135775346
16917,12.433570030069536
16918,18.73340902119282
16919,16.50544601555044
16920,17.67484375372201
16921,16.214005766168004
16922,14.931824277419203
16923,17.49773804382079
16924,15.535286284485771
16925,18.51126321978517
16926,12.689420683956275
16927,18.01496395167053
16928,20.474101519648656
16929,10.86137623746969
16930,16.060773540706602
16931,13.510037745587129
16932,19.640212555003473
16933,16.245235392338316
16934,18.534499322098405
16935,10.679175363067802
16936,12.665437436698035
16937,12.571056425126383
16938,16.669198241605653
16939,18.58225762735696
16940,22.291908915533845
16941,12.273634263380464
16942,20.510767631694485
16943,15.874305840124224
16944,12.922758028877794
16945,24.863949681936134
16946,15.097706587027814
16947,18.91333358761633
16948,14.771215072470463
16949,17.4252815753255
16950,14.262651280519792
16951,8.737713643696953
16952,14.846962869636402
16953,16.488085971789154
16954,17.921523014130095
16955,10.584574127528928
16956,11.259685281874445
16957,13.0367793426794
16958,11.680949637216065
16959,12.304282602683037
16960,15.550823268987559
16961,13.198589873033544
16962,12.91663875400404
16963,15.03506545229027
16964,12.559168031471053
16965,8.593253222885432
16966,15.131898675915195
16967,12.710918223759966
16968,18.633002087214706
16969,15.779128944511548
16970,13.198107576754584
16971,19.891036340979085
16972,10.792078799276558
16973,17.156574685749124
16974,14.098426365314893
16975,10.982575108195034
16976,12.309885419967204
16977,16.072805199440992
16978,9.051317621478628
16979,10.9504350282141
16980,17.65892067859494
16981,20.064947425984343
16982,13.73063735800821
16983,14.917532647713658
16984,13.708140583595556
16985,12.477984997609108
16986,17.632029257220733
16987,17.367502036955692
16988,20.979669847867783
16989,17.475048739825077
16990,16.722152148344563
16991,12.777716652844234
16992,13.17187559809701
16993,22.116521712348188
16994,15.875548428597009
16995,18.787470735312635
16996,14.080501606166207
16997,13.34431349528331
16998,14.315014475402181
16999,22.280762399907225
17000,13.823473861168523
17001,19.64696052571205
17002,9.901576489242412
17003,14.168282555030164
17004,18.430775097995387
17005,12.182224832600959
17006,9.716225790221324
17007,13.227065697835659
17008,13.521335014428612
17009,14.426965857926374
17010,23.095490156686175
17011,14.140596559528337
17012,14.782302397639725
17013,16.279142590126824
17014,11.773920634271624
17015,17.104560585717316
17016,9.830696800729736
17017,12.872660591126058
17018,14.151256913592938
17019,18.96043256515845
17020,20.836802520583795
17021,17.197505521358586
17022,19.37623001873564
17023,17.452455487745482
17024,24.65331445985435
17025,16.66764399175373
17026,14.106632872278626
17027,19.62389077537052
17028,14.375129721425258
17029,16.822792930084056
17030,16.599130005900605
17031,15.198698180351132
17032,12.153047817735047
17033,17.32945706822222
17034,13.507170256839023
17035,11.519533363611592
17036,19.817457772216144
17037,14.983420109026959
17038,16.37102356722015
17039,17.79424983167368
17040,14.515577452852893
17041,12.665311578602935
17042,14.635345676253586
17043,14.036020148542521
17044,17.214253838860262
17045,18.46558233932036
17046,16.693943874221766
17047,10.918013494748143
17048,11.599449289484795
17049,14.92860306360588
17050,15.318983585042117
17051,18.174171304557923
17052,12.034995075215654
17053,19.967438045895932
17054,11.006885020863983
17055,13.149505479683905
17056,18.765465054358813
17057,8.557657084393746
17058,9.946439636544172
17059,15.165438899410612
17060,21.883888112948505
17061,13.91566551284308
17062,17.52022937326902
17063,16.385016001295824
17064,17.01884511161858
17065,16.443519887085298
17066,13.84495674352361
17067,11.559653646023254
17068,10.333648364330688
17069,10.721069429432506
17070,14.735328625279417
17071,11.534791843525278
17072,9.211552285178549
17073,18.801944780447577
17074,16.099681944167997
17075,17.05644723250623
17076,16.081991846437717
17077,12.099993687888482
17078,13.217396669818203
17079,18.360911147522913
17080,15.89690060901996
17081,14.49266686791926
17082,20.920269441760208
17083,18.159850829075225
17084,16.56685743516404
17085,12.931389688796244
17086,11.9000424010666
17087,14.143684261162358
17088,20.99746673386138
17089,15.060291144003141
17090,16.96877273017276
17091,16.320215581912247
17092,8.620326007108126
17093,10.033862335592785
17094,19.825101041596547
17095,17.94830186267758
17096,11.798463895435098
17097,14.526165026734867
17098,15.989845954452225
17099,11.238973496014262
17100,14.91654685009288
17101,13.797816185604312
17102,12.976933509986697
17103,14.485098177278308
17104,20.678017516592814
17105,14.61427834756803
17106,13.2154201148388
17107,17.32506154593031
17108,13.612883425258799
17109,15.213953790045679
17110,14.784933913091372
17111,12.808620491653764
17112,15.854301746098686
17113,10.797506082530358
17114,15.25277297304354
17115,14.037740913291023
17116,15.781282908223004
17117,18.588410232195173
17118,19.786379264463292
17119,13.95560788467845
17120,9.897183488634873
17121,13.951328822229558
17122,14.12438470300128
17123,14.364612711331025
17124,23.017115329179028
17125,10.524000160848285
17126,15.753411080321861
17127,17.122103402753865
17128,18.242370262640353
17129,17.714146103212343
17130,24.54796817370417
17131,18.63488778231123
17132,14.48684994801174
17133,12.589239075802336
17134,10.268650289569251
17135,18.158951467592946
17136,15.70909222792927
17137,14.521385073756209
17138,13.71887984530484
17139,10.22431036623514
17140,11.909755961840625
17141,14.440831346474834
17142,11.823186098698528
17143,18.334968873876804
17144,14.554819367563482
17145,11.85500092922415
17146,12.956126546253097
17147,16.952537796634196
17148,15.351175779227725
17149,14.460653970121717
17150,13.18716619299067
17151,14.456144482338592
17152,12.43309420241521
17153,14.617157019198661
17154,11.223703862772071
17155,16.340322352612304
17156,18.915139013251263
17157,16.108549620911873
17158,11.926938804403523
17159,22.444078261204993
17160,10.097936347238472
17161,16.290134373895718
17162,11.087609741165615
17163,20.191836697170586
17164,12.93764673677996
17165,15.925805860099759
17166,11.433525298019227
17167,12.933134417383707
17168,10.667828771781377
17169,18.04455111827012
17170,16.295202697022816
17171,15.651220919276449
17172,11.16669143968853
17173,21.36569142975641
17174,16.056621120236876
17175,13.834650821047319
17176,14.397463596104906
17177,12.203338685374511
17178,13.121184259152828
17179,17.463364237794906
17180,17.705114507203163
17181,18.022892462146594
17182,16.25951947734675
17183,20.764923766674492
17184,20.352865063331627
17185,16.757716756882175
17186,11.971533420576492
17187,12.680705854550274
17188,11.334806550127627
17189,14.803344988354764
17190,15.099394720841028
17191,18.479880377322335
17192,14.500346417867158
17193,22.684727583412034
17194,13.717127203436188
17195,18.437497622530174
17196,16.42078059592662
17197,11.558757989929216
17198,14.876453040341884
17199,13.810428676933082
17200,13.364004652536995
17201,12.53666733713067
17202,12.502298389271079
17203,13.770003911153468
17204,11.794057526044911
17205,19.90662738987264
17206,18.5491542577975
17207,22.119575957751934
17208,18.057546930622074
17209,13.033328338668039
17210,14.409351114035575
17211,16.60576632118439
17212,13.924464166061549
17213,16.48100521059815
17214,20.42046096929726
17215,21.93578886166992
17216,18.92332443127979
17217,11.668579867547662
17218,16.903727319718115
17219,17.475617651823093
17220,18.846177595455778
17221,11.709676822440558
17222,20.335819960360418
17223,16.442637480024395
17224,18.06788756849442
17225,13.32424063147921
17226,11.00638452648051
17227,18.0345260889327
17228,16.990604382953542
17229,11.351864089680255
17230,17.65777006786627
17231,22.155466238227703
17232,18.577728798048184
17233,16.709028793056405
17234,20.085390134889778
17235,15.527830503566927
17236,14.84079589283901
17237,17.762181049167044
17238,17.1476869247952
17239,15.523091824767828
17240,12.640441221028832
17241,13.25116658046057
17242,12.511955000766093
17243,14.191298392042514
17244,21.99583937941881
17245,14.93181567464832
17246,19.407259708288276
17247,14.487329749573602
17248,15.975166471246963
17249,13.611770516578531
17250,17.525868947151057
17251,9.612610755995245
17252,9.302298500009849
17253,16.06742009660019
17254,13.476690567191806
17255,14.775268770034634
17256,14.873384692443116
17257,20.8055435277251
17258,14.182943555130707
17259,17.268392304458104
17260,11.472515274382816
17261,9.668086502786187
17262,10.813261766173452
17263,15.446953305589222
17264,19.92548985045763
17265,11.176809416479077
17266,16.22840942275588
17267,20.439523875053425
17268,11.93913729277665
17269,16.806409333942057
17270,15.36685075257279
17271,12.940673446598021
17272,13.635367464730212
17273,17.23055642819594
17274,13.72679822729605
17275,13.097901715530835
17276,21.691228971019505
17277,11.046035592245785
17278,14.8947578931788
17279,11.758887710622455
17280,15.518254448303095
17281,20.563814623172828
17282,11.273251243290328
17283,13.85967517868423
17284,9.925938714087465
17285,15.841249624490102
17286,11.742125238827256
17287,17.62491110274255
17288,12.438370102351127
17289,11.195392488681753
17290,10.697479952372493
17291,11.466019681180633
17292,11.969844113779212
17293,18.063852836733375
17294,8.132113741050427
17295,13.791729668240759
17296,14.179746920993983
17297,17.76566595684453
17298,15.237261586001853
17299,20.092552134774607
17300,12.365567986076774
17301,16.994555655140623
17302,20.569014896866463
17303,16.43013131648052
17304,13.475496086946434
17305,16.721084402624246
17306,14.706294121893379
17307,19.212040290271283
17308,12.992123949309978
17309,15.952010237833628
17310,18.000066323443527
17311,15.959248996924414
17312,19.698215856126353
17313,9.96712530652765
17314,11.851422039611153
17315,16.98301833670341
17316,15.400188204611077
17317,11.859481628739555
17318,13.957000003741195
17319,20.666452958523422
17320,16.747074613461294
17321,16.48468631238363
17322,16.41857745414408
17323,13.459024404877276
17324,12.143195629895029
17325,13.687886599260104
17326,18.57806497623477
17327,14.276151591442803
17328,14.951150221114188
17329,11.968284595089088
17330,15.12236530224772
17331,9.503816346357443
17332,24.251227971103383
17333,15.897210180680775
17334,15.485197605964801
17335,15.730045362067209
17336,16.385292273720047
17337,17.86156929454706
17338,16.817022912701596
17339,9.210924064532769
17340,15.026937675125144
17341,17.09224155554825
17342,10.581312393792484
17343,13.489290274081238
17344,12.559818990708397
17345,18.616727452890814
17346,17.792703212236027
17347,14.996332512298201
17348,10.740480120391084
17349,21.336849171951826
17350,15.1455676087201
17351,17.486737573008824
17352,18.492292995239616
17353,18.29061710596345
17354,18.66607414224933
17355,17.188375546631335
17356,15.890873237700173
17357,17.109489572628238
17358,17.41024537374011
17359,18.002380411979093
17360,11.735811709753293
17361,13.542517625868921
17362,15.005393459886491
17363,22.71572528097319
17364,18.23306941315211
17365,12.127072004520631
17366,14.11647119978378
17367,20.73255208839978
17368,11.643977471024169
17369,8.908389018425796
17370,16.592858869865545
17371,12.814281951092674
17372,16.291990786195868
17373,15.554427324091181
17374,15.606925776035043
17375,14.130640365306519
17376,17.675586995661526
17377,14.496397458914617
17378,17.594300760091514
17379,22.610096718561394
17380,16.752768492193766
17381,17.327344211316266
17382,12.814207928786121
17383,11.11305720877234
17384,13.111917524807682
17385,13.925417168402854
17386,11.677147217579439
17387,16.06409953717622
17388,14.928436763472158
17389,8.163559291345525
17390,19.627646229046185
17391,17.89376372225035
17392,21.370147978723615
17393,16.499836356011706
17394,12.897245345766986
17395,15.750286563009178
17396,14.271239682264701
17397,13.9079668874216
17398,11.03099777489506
17399,16.88735524924281
17400,16.667561122573638
17401,13.284605976704345
17402,16.896580158722294
17403,9.945383952572254
17404,15.253563908718652
17405,13.430471886488455
17406,15.408808759785877
17407,18.932335204231098
17408,17.827563235236724
17409,16.47898610059091
17410,12.554606831184131
17411,20.514608771288295
17412,12.119715927290635
17413,20.59160974988744
17414,15.761141772904084
17415,10.374441510115409
17416,13.21872346914238
17417,13.79209328217284
17418,12.345267983534956
17419,21.10796721100055
17420,15.417120417637744
17421,20.064461285688182
17422,21.879902223675273
17423,18.098215544685363
17424,17.359951202791102
17425,14.466463379169758
17426,13.778926535587136
17427,18.294004739090482
17428,9.827362406643587
17429,16.14928554793105
17430,13.88363133296673
17431,13.42106614156355
17432,14.754317733013727
17433,12.103153199759307
17434,10.528858718210564
17435,14.631105289881726
17436,9.389680451005763
17437,10.630014805590314
17438,12.435453940304736
17439,14.567008044797737
17440,13.30990089063113
17441,14.35196704600749
17442,12.325053622590541
17443,12.083818201373788
17444,18.971309304338018
17445,11.413961328654429
17446,17.53220607657881
17447,17.276049268436623
17448,10.584291281348513
17449,12.797575182024007
17450,17.42885272761626
17451,10.553451659189875
17452,9.002393485738509
17453,19.782909548287044
17454,12.41852656625439
17455,22.00241769044306
17456,12.246820812926419
17457,13.65458160327342
17458,14.710303208332984
17459,14.497139713610133
17460,12.2753251034806
17461,14.702088458830683
17462,12.256190545852977
17463,11.763803013078999
17464,12.877645009166953
17465,18.275573121453217
17466,8.131302545960823
17467,19.14564072696721
17468,12.576965307218787
17469,13.845760304071302
17470,12.141020364839768
17471,12.57756539315717
17472,20.305759871294697
17473,19.877914339961528
17474,19.417910633062384
17475,25.13519361862602
17476,16.225911739833908
17477,18.421951350160043
17478,14.89863735713362
17479,16.54482307635658
17480,12.84387073961719
17481,10.912990381353083
17482,14.003428109387745
17483,15.145990384873594
17484,14.695191156967564
17485,16.544849541093853
17486,19.41903506020869
17487,18.668760855540242
17488,18.580864027482136
17489,19.128242033652917
17490,23.267444171649792
17491,12.258036661654428
17492,19.880016796164895
17493,11.428356362136322
17494,21.01128296468849
17495,17.74365791866292
17496,21.252578075905674
17497,20.987896143667484
17498,13.736801579979113
17499,14.957544591615056
17500,15.08991983836483
17501,17.923982476937354
17502,12.826998366779655
17503,13.335175794569007
17504,12.545850146218996
17505,13.995853023735487
17506,16.652455242527985
17507,19.642210745164057
17508,16.58264646806406
17509,15.050280770089035
17510,16.52517802115757
17511,11.756119039584515
17512,18.586784581629615
17513,14.77934395380032
17514,13.42458713235935
17515,13.864584642825541
17516,15.10376361718821
17517,10.07255744817057
17518,11.971588717485247
17519,15.593628700977863
17520,14.270766000247457
17521,12.543985863905856
17522,16.02269028449721
17523,22.756377942676586
17524,14.607466957246181
17525,13.10410883957086
17526,12.801292173256698
17527,19.225750665572484
17528,11.809916741671199
17529,21.51490509706747
17530,21.010217613471795
17531,17.077131841978407
17532,16.693935295497962
17533,13.076668780460512
17534,13.775828958839476
17535,18.43980504457791
17536,18.78098832212566
17537,17.18224527697402
17538,18.838670545281772
17539,10.304659138990672
17540,13.511210532944304
17541,17.42289573771214
17542,11.123767397399995
17543,13.428440786618282
17544,19.997003096686228
17545,17.126914143191158
17546,16.442082640381507
17547,13.323046476414662
17548,21.599672518059073
17549,15.927971800121936
17550,14.964200418091137
17551,17.221791539814248
17552,11.72563652985216
17553,13.01307115196273
17554,16.80852107774721
17555,16.105135753821692
17556,17.98889396356727
17557,12.275407362102076
17558,15.177508026291779
17559,14.373407616551109
17560,16.603473144206745
17561,16.715612586320624
17562,12.995618657270203
17563,13.601908886100377
17564,13.503776529239625
17565,13.336186400828916
17566,22.808626971933485
17567,18.676972864751257
17568,13.6112828980038
17569,17.561141270812747
17570,15.61211250808609
17571,17.525424581752493
17572,11.36161395746882
17573,15.019245368646652
17574,12.432579659550322
17575,14.05510015203451
17576,12.189468788975464
17577,12.538274752733233
17578,12.01867666020886
17579,12.463271010480156
17580,15.003422562619336
17581,13.976739635820431
17582,15.101242736618062
17583,12.215373164147024
17584,21.159726528422603
17585,11.815625615751692
17586,16.794790182708745
17587,16.51022126924827
17588,10.893080324377209
17589,14.410266696749057
17590,21.57284668643563
17591,15.02456528385511
17592,23.422946936938203
17593,18.15622476566567
17594,14.279843027071829
17595,16.637057065564377
17596,11.352698570497207
17597,14.895174323472016
17598,20.791841606972795
17599,19.29938732437754
17600,16.74520552341324
17601,19.703981171353234
17602,13.51713463725299
17603,16.524110301327994
17604,10.475350526977351
17605,13.628109564160788
17606,13.935692450278136
17607,16.622445149247284
17608,23.047905720143483
17609,15.076361987663509
17610,17.264295221461474
17611,14.927318875470663
17612,11.930396970639496
17613,16.341314983721077
17614,11.480354136332561
17615,20.06424460342776
17616,12.132711960605157
17617,16.608996674715954
17618,14.102570665883091
17619,16.11393694322092
17620,15.891848185005902
17621,15.016878597156202
17622,8.507083640169538
17623,17.616880251361337
17624,16.492995569104693
17625,15.842692069438996
17626,11.761718147688153
17627,13.907158521034248
17628,13.584300764117312
17629,15.762842191644259
17630,22.80882958750675
17631,14.729378400920199
17632,12.237675695029395
17633,17.46617600461889
17634,15.276444908059537
17635,17.70821820267163
17636,12.953087705677461
17637,12.814359291809833
17638,13.758278496467797
17639,12.204836628312812
17640,16.774319201936798
17641,21.671882600982297
17642,21.08515467196181
17643,15.331215873041328
17644,17.68072716696824
17645,21.565185876045973
17646,17.452276956782434
17647,15.94889719651795
17648,18.354385755120532
17649,14.510137843696988
17650,14.348411150042878
17651,15.694768280445372
17652,20.363990866032342
17653,14.585077806861728
17654,17.788838436352194
17655,21.48427902750175
17656,12.698658206894521
17657,12.921394632225065
17658,13.452425864363406
17659,13.440981114262257
17660,18.38944482759564
17661,20.190608508055497
17662,12.084546885212752
17663,17.291929205195103
17664,10.269606156585875
17665,12.744912881335232
17666,15.705671093182897
17667,17.531732993419
17668,13.667428779905466
17669,18.907149330229878
17670,18.327941157282304
17671,16.557676982572907
17672,13.688295274747958
17673,14.57846784080764
17674,19.2872667152142
17675,17.804788305132483
17676,13.431135858825787
17677,15.052670918681704
17678,17.679113925341476
17679,14.864785266103071
17680,11.629625407225463
17681,12.834093819809569
17682,13.322175663865139
17683,13.626787607838107
17684,16.57447489532872
17685,14.138580528318306
17686,14.280667460607999
17687,10.613913510803524
17688,9.95063710559106
17689,12.98014173583779
17690,9.445431104276047
17691,15.866681901593738
17692,19.59428442288293
17693,11.438519045900867
17694,11.995333641406146
17695,11.746062058593768
17696,10.584956218270896
17697,23.00739957556989
17698,12.837989948236583
17699,12.770069239036541
17700,15.099355165997803
17701,21.69412355962777
17702,9.822109111735669
17703,11.342327387500852
17704,12.210222247129561
17705,13.527527249014238
17706,20.32989888591318
17707,18.06279865637758
17708,17.22371503993088
17709,16.690750247438846
17710,16.884991383085776
17711,16.466123684030883
17712,15.840442999561143
17713,24.026634552795613
17714,12.473507661591844
17715,14.172738012436612
17716,8.632090719300853
17717,14.537710418790406
17718,15.547870717435691
17719,11.369653416864402
17720,14.343805005307875
17721,17.163236226599118
17722,15.286359961030458
17723,13.091478158559287
17724,17.652680568670498
17725,20.231471075500743
17726,17.420940881175696
17727,16.542074069132717
17728,18.112697257329867
17729,13.369339167350827
17730,17.063577961444807
17731,14.499120463906292
17732,13.433703810928126
17733,19.28984136670713
17734,15.551961436938972
17735,9.47179080015185
17736,14.684338130289731
17737,9.307134825888326
17738,15.19066938554601
17739,14.719621320349441
17740,14.462077317626424
17741,15.179713087838627
17742,17.19721010628921
17743,13.075681907383817
17744,15.045464492412242
17745,16.95562988443038
17746,13.358853004215378
17747,19.1822050570046
17748,16.514666402350066
17749,14.15344119745822
17750,16.083073671903936
17751,7.914979991641232
17752,12.128696963245266
17753,8.497504818477207
17754,16.26500498605141
17755,15.5544761656237
17756,21.727686921664322
17757,21.163834452371745
17758,19.998552368616863
17759,20.099552097941167
17760,23.20059525490148
17761,18.78454860784337
17762,10.757528380358652
17763,15.233907196440327
17764,15.095043560722495
17765,11.784441470987534
17766,13.026849860322809
17767,21.413713574082472
17768,21.638009303399677
17769,13.998501245519
17770,14.64576433877598
17771,14.205314161314865
17772,15.04136737000061
17773,11.036084242362008
17774,18.97455813903518
17775,12.666570596812816
17776,16.79505866462952
17777,12.959744898430102
17778,15.431996021186725
17779,16.3330514636665
17780,16.676863323492206
17781,19.142216841971567
17782,16.579779542129913
17783,10.773588543311899
17784,18.32342495633648
17785,12.60178413669736
17786,16.996184511372988
17787,13.701305764381335
17788,11.902081875569547
17789,14.069440382355378
17790,9.423625576555938
17791,19.0042800875376
17792,14.498005726765605
17793,12.916454224547412
17794,14.861353262392859
17795,12.733910447628125
17796,11.919136050350403
17797,16.769238665379632
17798,17.463374910871288
17799,19.71302621083062
17800,15.59494106343031
17801,13.216076163726143
17802,13.118895516307294
17803,17.242683219458478
17804,13.189514464425418
17805,10.271376188120147
17806,14.97174958707467
17807,17.882133499285608
17808,16.94829918710147
17809,23.241690470800243
17810,17.79382594973041
17811,13.816326456151188
17812,13.611463394907823
17813,12.7260131811242
17814,16.553095472216206
17815,12.691189288523717
17816,14.667113712488147
17817,24.83821015252802
17818,18.70836185119763
17819,15.213630539743981
17820,14.926303323682545
17821,15.627456844124714
17822,14.167077024591999
17823,16.695422746500242
17824,15.779158887940845
17825,13.378633660411582
17826,14.564109508703234
17827,16.21680297883097
17828,13.192738368291591
17829,16.887281373339313
17830,14.979430162646862
17831,16.833920125792105
17832,9.412325171501813
17833,24.315574303433166
17834,21.55554797234912
17835,11.577240309276581
17836,16.692778383399357
17837,18.708337937292356
17838,15.471737170039026
17839,12.074616660722391
17840,15.2981780317897
17841,13.211804724493074
17842,16.94993831797286
17843,15.513162980205758
17844,18.30403095479798
17845,11.940248966167736
17846,13.782517523763069
17847,20.24080189103453
17848,20.8699070818461
17849,14.261954884035907
17850,15.367036617757885
17851,13.012813630592703
17852,14.54472893425921
17853,10.111435599697133
17854,15.99021843738832
17855,20.10439248362531
17856,11.715314757726045
17857,11.142976770395673
17858,18.246169285018816
17859,18.895467274110665
17860,18.3339690050326
17861,12.676640855917512
17862,12.42374955612671
17863,18.492581180497815
17864,11.602493251790428
17865,14.61424358830375
17866,22.875725471773336
17867,11.125019633170627
17868,14.210866844995902
17869,16.531666754054193
17870,18.646991600774143
17871,12.605559772214427
17872,16.02163163989546
17873,10.53308440912917
17874,11.948737775490951
17875,18.99899892256846
17876,20.35145518388854
17877,13.588294417593044
17878,16.192391992968886
17879,17.905719484407378
17880,16.795169734998805
17881,15.675334824261427
17882,15.427377247071144
17883,12.984313888915796
17884,13.76876489819276
17885,18.36945741281435
17886,14.444486666574626
17887,14.129442940340875
17888,11.899283595228097
17889,15.994199079880948
17890,18.608680830516917
17891,15.801928355103067
17892,16.45209771200816
17893,14.846383458540403
17894,16.072123144623543
17895,14.014493995242649
17896,11.018914880731613
17897,14.935597533554725
17898,19.592043333578943
17899,16.82641302518421
17900,15.01416816685862
17901,13.213182822355542
17902,11.899637211886507
17903,14.130328692579136
17904,15.478177900014394
17905,12.605635884834564
17906,15.385844764761476
17907,17.78265054064999
17908,14.582492091376997
17909,16.29135943108814
17910,18.190980613201937
17911,16.536752873062497
17912,17.030161249914023
17913,17.29095519504399
17914,14.09744888308024
17915,15.024083870236021
17916,16.90022132467754
17917,12.629968349728058
17918,16.36007590633345
17919,15.96591291883768
17920,10.005232631625562
17921,13.920560070014568
17922,16.618469547642817
17923,12.2959640563468
17924,16.14747631895589
17925,14.603416259766782
17926,19.64218249729959
17927,18.5345548879867
17928,11.78297118422216
17929,19.293360753733417
17930,16.372435958720907
17931,19.696319285404098
17932,23.381338233593247
17933,16.90784028039375
17934,15.593303693677969
17935,16.393318624184154
17936,13.046447046895738
17937,10.178109926525856
17938,10.694938228147564
17939,17.39819329853148
17940,16.048640286535843
17941,13.128481541355917
17942,18.772882621549257
17943,13.882432225300981
17944,13.821339466173992
17945,14.014201471733633
17946,12.961251164107644
17947,14.634035656829736
17948,14.364331530558605
17949,14.009342704236339
17950,18.05185920920149
17951,16.69034143079787
17952,14.483413649647897
17953,19.786253269325197
17954,17.321862021373164
17955,9.757208969760075
17956,14.16377484245317
17957,17.169036253939307
17958,16.932071962917746
17959,8.175642194157884
17960,15.283976627009912
17961,17.68310351247046
17962,16.485364576072172
17963,18.895325420712744
17964,12.551606423814839
17965,10.896796983286322
17966,14.115378041270485
17967,19.184101159423278
17968,13.580780982071968
17969,20.844059779381006
17970,14.374064814755183
17971,17.54193348513477
17972,15.395675886938402
17973,15.103889170760613
17974,17.767824248961915
17975,13.930159491988187
17976,13.156508828128898
17977,12.938003515739975
17978,15.027335659047086
17979,16.26569663929643
17980,15.620147000039884
17981,11.10555499455302
17982,23.43660540628789
17983,13.221190074205808
17984,13.836831039614447
17985,15.314030665736874
17986,13.674060538753528
17987,14.722990705505216
17988,13.681281882444194
17989,19.12918189010518
17990,15.418935716952218
17991,17.6183093465304
17992,10.821641269724495
17993,13.172384394322663
17994,10.556048352132382
17995,13.47722946706699
17996,14.170212434555253
17997,9.700491952013312
17998,14.278289523771255
17999,14.790586981827365
18000,14.961079894090245
18001,17.087566396475115
18002,17.913869000676414
18003,16.583340450433028
18004,15.882605916145247
18005,13.787964562194553
18006,19.878538597286273
18007,17.846651814093228
18008,19.601637634218203
18009,20.87400910913856
18010,14.671404511563491
18011,13.07788161459959
18012,18.362202069329147
18013,22.051995984994306
18014,12.348114267943904
18015,17.722062285899455
18016,20.363390279800406
18017,21.545586392654407
18018,16.069233749167257
18019,11.040867426932829
18020,14.733253769924223
18021,16.986654160005507
18022,15.875580007939702
18023,21.019208929301012
18024,17.906020526208636
18025,11.006166107301095
18026,19.0040436357464
18027,15.157329437141778
18028,12.601168540251646
18029,10.271423662323794
18030,15.523161318103423
18031,9.95459306511411
18032,9.764412943193982
18033,15.513281540836239
18034,16.359936679072263
18035,17.172674577064466
18036,13.065402353512997
18037,16.24840083431287
18038,20.215124564269544
18039,13.332738306595893
18040,18.734124772772574
18041,10.782737795149327
18042,13.265952373438482
18043,18.498502035780703
18044,8.240406452075321
18045,21.814345778208384
18046,20.96281215777247
18047,19.454685911978174
18048,12.068791343532054
18049,15.586100658616008
18050,18.70773704182227
18051,18.398432277278452
18052,17.636963582437787
18053,12.68022978386315
18054,17.526728346312552
18055,14.27649157228325
18056,21.003992083899444
18057,13.868721901596741
18058,13.593394443458598
18059,10.862755222962404
18060,20.30637611181856
18061,16.374459779446518
18062,17.02597939536638
18063,17.39483514620155
18064,20.432717238417013
18065,21.087017913234593
18066,8.573487143796438
18067,18.790113909368202
18068,15.372172148745621
18069,21.09493513956047
18070,10.569178223039218
18071,14.296858205555113
18072,15.880147955844494
18073,11.963422948160874
18074,18.84582088135408
18075,20.06794029481391
18076,12.277821366567311
18077,16.443348251856804
18078,12.010999511947594
18079,16.569557153551415
18080,17.26447262161972
18081,12.937328901879539
18082,11.04888478269486
18083,11.582909062879622
18084,13.496624982182356
18085,16.339776376728338
18086,19.933332166176754
18087,11.89149269593646
18088,22.721637406681566
18089,14.581026445094961
18090,19.280743801432536
18091,16.616093589361512
18092,22.089827642366707
18093,21.082982833556237
18094,11.621879735247992
18095,15.503888500365283
18096,16.11932350512872
18097,17.68573630012603
18098,14.178415080637505
18099,10.91025802930286
18100,18.23927998720314
18101,18.944801318691603
18102,15.927865605624904
18103,16.355561752437612
18104,17.882042648492416
18105,19.37359514312213
18106,12.497242808921074
18107,23.269156920065555
18108,22.39685166123531
18109,15.384696381168771
18110,15.596164942532408
18111,17.126773115982992
18112,16.41884914946153
18113,16.43355093863522
18114,17.957914450915776
18115,11.694042087358277
18116,15.154551827915556
18117,13.624481808246744
18118,10.32690833251122
18119,13.175919223683714
18120,10.017902750190531
18121,13.913799009040407
18122,13.638367669181676
18123,21.67369695344174
18124,10.529220354232681
18125,14.4776684593099
18126,16.338906337195276
18127,13.653041136587541
18128,13.276635766833031
18129,16.62569059299083
18130,12.826830871776973
18131,8.550905109617506
18132,18.172493248353234
18133,16.246111017449948
18134,13.329488421911178
18135,15.508714708791935
18136,9.923768171977702
18137,14.890466566631622
18138,16.080482066843253
18139,9.936113410474611
18140,13.317669516889215
18141,23.897899013408555
18142,14.054226059189554
18143,19.894162640309325
18144,15.15903157575296
18145,13.677770818493057
18146,19.45338509441601
18147,12.066920787498384
18148,9.338623198052094
18149,17.690511454884714
18150,16.860899803548598
18151,12.863157481090749
18152,11.518689614618292
18153,11.435926548338852
18154,12.698031146408102
18155,11.658462844015112
18156,10.522996683618535
18157,21.167300301757727
18158,20.076891049902272
18159,11.953247224510736
18160,11.426476155935896
18161,21.529439181004374
18162,15.584973259263595
18163,17.92862839428619
18164,12.701517844195823
18165,9.521130547664013
18166,17.317904194090936
18167,12.145907241605816
18168,14.590925303164017
18169,12.50476656383178
18170,9.006636684502077
18171,17.650302464310563
18172,20.33041668392987
18173,17.388647183506546
18174,11.88152181616498
18175,17.321313547807968
18176,15.219830096394514
18177,17.9992572843623
18178,17.141045074879692
18179,19.67480423241676
18180,11.648472357359935
18181,19.229096163209768
18182,12.600622882460272
18183,14.240900801009882
18184,15.561621216182276
18185,16.81137389006063
18186,15.018053215749678
18187,11.478459258449885
18188,17.28109028657598
18189,18.53273796299802
18190,20.00471229574734
18191,13.954710886259699
18192,20.37924248440092
18193,13.790694048229053
18194,13.909472673317993
18195,13.99804317297896
18196,11.490037175265384
18197,16.891210124189705
18198,12.668384725856264
18199,9.266257658205804
18200,12.29251636532069
18201,12.408901215237854
18202,11.894508982871274
18203,14.035973102163993
18204,20.703372467815406
18205,17.194308382002625
18206,14.61643867709248
18207,15.581530364018665
18208,14.733385931009405
18209,16.80908685866649
18210,9.523907263106986
18211,16.797808238260988
18212,20.1691228301586
18213,13.422891457104928
18214,15.295693495333564
18215,16.140450424842847
18216,18.96287570237093
18217,16.93596604611423
18218,14.537089312782102
18219,14.651132315688526
18220,17.79259163393924
18221,16.142928913318784
18222,23.86922820056575
18223,13.560854875147836
18224,15.189097511203025
18225,20.065261290091286
18226,10.3600670666363
18227,14.451550820368668
18228,15.039971161654483
18229,15.183647657406812
18230,13.484906352913812
18231,14.6325573369422
18232,19.629789282976965
18233,16.92594224820509
18234,12.009500822722163
18235,15.980275164985354
18236,14.69056561310019
18237,17.645537162052293
18238,22.46660640241018
18239,12.799518932956222
18240,8.431468312258513
18241,11.72189674287858
18242,19.011643195064153
18243,18.134106410124822
18244,14.988881246395643
18245,15.457452192164828
18246,15.042374684272337
18247,16.30745629094951
18248,17.169009489974997
18249,17.294070438287502
18250,22.893049768612542
18251,13.039649743535037
18252,18.476831523130897
18253,15.50782309572156
18254,20.673614687477126
18255,15.403275880363516
18256,15.008008163977967
18257,17.120966859388133
18258,13.99798610729538
18259,13.844671729865752
18260,14.07273673060386
18261,15.342269213119714
18262,15.173994175675599
18263,11.524318714535674
18264,17.28352417260146
18265,15.524674043842575
18266,16.88577332202117
18267,17.03216337485268
18268,15.442369236371418
18269,16.237634378918173
18270,8.015759208508534
18271,16.23102096151586
18272,12.159117601846507
18273,8.764723430212367
18274,13.194655314129692
18275,22.088387829159906
18276,13.969933658331232
18277,12.58730934016485
18278,13.576494035165734
18279,16.64339620240471
18280,16.803668582491227
18281,17.406751568772858
18282,20.010272891937923
18283,12.222142778422366
18284,14.375402683931695
18285,20.661134484429212
18286,17.561269896561278
18287,11.540189781876176
18288,12.319156723847648
18289,12.237192628636047
18290,17.94099053745571
18291,11.736764013237622
18292,16.041483650651635
18293,17.389011314742582
18294,18.174374137520935
18295,13.538489261898409
18296,13.968334989673124
18297,12.169125845740455
18298,20.298600102367168
18299,14.348503934372205
18300,10.304962246050748
18301,15.827695554388574
18302,17.32965890733935
18303,16.941701817848752
18304,20.95200109459426
18305,14.377033111902243
18306,13.227317345983746
18307,14.03222218297778
18308,18.915527833701915
18309,20.152211015222804
18310,13.8510863282267
18311,18.354580512786725
18312,16.512177666603158
18313,15.781349170280635
18314,10.007005514146089
18315,13.442418271014876
18316,13.950343686881835
18317,13.345972776127255
18318,11.096408198601434
18319,17.34428849055365
18320,10.834333491404353
18321,17.367485931695683
18322,12.808792950061044
18323,16.741759801544728
18324,12.893592646552175
18325,14.469875761284362
18326,21.817952242256418
18327,22.06372322562104
18328,18.983410470498796
18329,14.92777562343182
18330,13.565439586036
18331,11.166274761638492
18332,23.63246661631385
18333,19.40936350087499
18334,12.670612002926863
18335,22.867681586847446
18336,8.836352947271951
18337,20.827083659219284
18338,14.421240916999528
18339,19.790306484302747
18340,14.602563209604018
18341,13.340815402902027
18342,18.627908886930665
18343,13.537340730602772
18344,17.52692313833454
18345,21.007945821275094
18346,20.285581994669577
18347,22.099428284706676
18348,16.12377528145764
18349,17.444593746234844
18350,15.553801910488854
18351,17.45005798485363
18352,17.68486572685738
18353,16.376511223783027
18354,16.251302199807057
18355,24.86263054658159
18356,17.33936612287838
18357,17.718747389316306
18358,13.266708876765879
18359,20.04002817905797
18360,11.030429610852007
18361,17.304317718249315
18362,11.945580253133084
18363,18.108146601628093
18364,11.363065071545936
18365,16.437586789973142
18366,14.10904842656099
18367,12.15948329999389
18368,22.364210532663776
18369,13.198888552319755
18370,10.780220574479895
18371,14.89272983436468
18372,10.46374786918893
18373,13.60543925310126
18374,15.248211710411178
18375,16.497752696474976
18376,14.136716856759406
18377,21.079904255321956
18378,15.29214759971441
18379,17.068524504837068
18380,16.548670489785763
18381,14.98140466706653
18382,13.827647028607576
18383,16.224690465029667
18384,18.629015826062087
18385,19.47475077784715
18386,13.895734262087998
18387,11.481412169136897
18388,16.555974982464022
18389,11.840457618004631
18390,14.075707511517189
18391,14.76053480166541
18392,16.534140129652073
18393,20.934577554258077
18394,20.807331080844392
18395,14.838703734554123
18396,22.0960316546999
18397,8.693699946802253
18398,19.031266277086054
18399,13.269517436530563
18400,16.85586371662352
18401,14.466587990858637
18402,13.820284267122343
18403,18.425724131203616
18404,18.62088072282377
18405,14.679549918229911
18406,12.305556202202288
18407,18.08064253704517
18408,13.204351706782948
18409,15.915232232315926
18410,17.337692411945554
18411,17.125564879581475
18412,16.141371319886943
18413,10.208341259110561
18414,20.87308307409114
18415,15.806989422591128
18416,19.762515478684346
18417,22.379822747704395
18418,15.043380661867442
18419,11.50206442359253
18420,10.915057139362407
18421,12.866087775021432
18422,14.551309117041189
18423,19.19383293025121
18424,19.462596869012486
18425,18.71560050053291
18426,19.569084745534195
18427,22.32967697034617
18428,20.57894736843874
18429,17.718748821153703
18430,18.228527119541145
18431,10.949475847827813
18432,18.472540240320235
18433,22.77669642310972
18434,15.848939401490847
18435,14.659564346103481
18436,15.98357049161561
18437,16.32981174295641
18438,18.692765053686767
18439,15.912900423845224
18440,12.421097546853197
18441,13.57902314517381
18442,19.568682780635726
18443,9.499169013595466
18444,16.05058422132718
18445,16.4301050155204
18446,15.98937194185412
18447,16.651879786978448
18448,17.28422715476127
18449,14.654182886844668
18450,13.348113734342697
18451,17.864136576935742
18452,11.872451706962746
18453,13.21561431413176
18454,12.555219914014113
18455,16.05896650811566
18456,12.679760416502653
18457,12.058946296398526
18458,18.398068993507046
18459,13.107304253610408
18460,13.644282143522325
18461,14.77022489469668
18462,20.275122939431864
18463,22.326248150403636
18464,18.48951074013181
18465,13.090807409012426
18466,10.402189035658647
18467,18.92136101903484
18468,15.851217674079637
18469,9.31676668941372
18470,11.153955099073617
18471,12.238313856934536
18472,11.813819523350677
18473,17.74836545807795
18474,14.665502573011313
18475,14.75706543083123
18476,14.831949585660565
18477,14.831106393878919
18478,12.977128152450323
18479,12.33417013864499
18480,12.393765515902523
18481,16.25061959646297
18482,22.635157926696806
18483,19.807074855789295
18484,16.72097624011805
18485,19.265825192449995
18486,14.577773076779613
18487,13.5682366636418
18488,16.325652469077074
18489,17.222288392618044
18490,12.24586338380109
18491,14.017722211585268
18492,18.315449315061343
18493,16.704510627821392
18494,13.711836611301166
18495,14.792886346429256
18496,16.17749850809333
18497,17.444737393744447
18498,17.946889916413646
18499,11.251268111751598
18500,8.883042142128375
18501,13.730598523277871
18502,16.39209199667537
18503,12.79668868296045
18504,17.725667666599904
18505,13.092120761712827
18506,12.69931309821301
18507,13.854593289713618
18508,21.085997823822566
18509,15.323999908533207
18510,16.536534132627786
18511,19.251916900103048
18512,21.3767966021501
18513,16.64268564306689
18514,16.48999876311271
18515,20.326601640083148
18516,19.125166364209306
18517,17.745328136386505
18518,19.24007365765914
18519,14.422058751889454
18520,21.80441386573932
18521,15.952526271454644
18522,14.444289214358
18523,10.927944629879194
18524,12.248102256224168
18525,20.579398719977032
18526,17.88521554960367
18527,12.984248231060901
18528,10.980478649177218
18529,21.028740135876475
18530,16.72082574627784
18531,16.895661182708885
18532,14.768149471757512
18533,14.169365213013778
18534,19.056154302041215
18535,20.756712672214803
18536,12.508545321161368
18537,13.563845322858173
18538,21.67266051405055
18539,11.284344903920623
18540,10.917874864212443
18541,12.747150271431916
18542,17.449084165199515
18543,18.658923808942642
18544,23.924666479216896
18545,15.877593278961772
18546,9.153955189951102
18547,22.51623628662312
18548,12.64845554835673
18549,12.653818147078553
18550,15.256039470516662
18551,11.732947191547675
18552,23.12887978834749
18553,21.49853090986811
18554,16.515177187558027
18555,10.375931216937346
18556,21.264961845492152
18557,16.185221240837663
18558,15.871345493211015
18559,12.848886373008803
18560,19.677510812119976
18561,16.22867166276602
18562,12.629283511642726
18563,18.246105995776617
18564,14.770423915535153
18565,15.390426508212116
18566,22.350796773863543
18567,12.701796029482944
18568,14.647047805277998
18569,18.615525897598367
18570,13.431100305231435
18571,12.32316420840298
18572,16.055638787466684
18573,17.631884632566667
18574,14.307007419788276
18575,13.969626310040283
18576,18.418407920667022
18577,13.834941780811295
18578,20.44778364167537
18579,14.555391773805153
18580,11.05833138025351
18581,13.255736879342303
18582,14.027827039270104
18583,20.149672433430048
18584,16.66113778004841
18585,17.066423424251717
18586,17.02015107795217
18587,15.212136258792182
18588,17.96274918602879
18589,21.39631904160067
18590,12.747301054524508
18591,15.999007081029239
18592,18.132613845015776
18593,16.448670077174594
18594,24.601761635855596
18595,15.633835001252855
18596,16.04745250639449
18597,14.838672914434426
18598,14.279721363439167
18599,19.276566613110212
18600,16.514502212342464
18601,14.515342551877321
18602,15.16263019251546
18603,16.429637553323406
18604,19.8158377101079
18605,16.585294794527428
18606,15.731367948696791
18607,12.313636101164079
18608,11.912870045035486
18609,14.903071483013075
18610,14.565259341365675
18611,14.429450998167303
18612,12.340937704846592
18613,10.939012023347116
18614,10.028134175477192
18615,15.716661667178657
18616,9.641969833979198
18617,17.118280980244506
18618,18.993401521846778
18619,17.445931025991115
18620,16.996305259475477
18621,14.384315006710843
18622,13.891457604519502
18623,14.69650632011493
18624,15.472877034569382
18625,12.667622228887868
18626,14.29064428902795
18627,12.880399343497404
18628,21.728397301197365
18629,17.9990542724115
18630,19.367816603273212
18631,10.057047697991887
18632,23.165622720776355
18633,9.332795837573249
18634,10.922159622409627
18635,16.42315624560237
18636,17.41405794466248
18637,16.25327955809486
18638,11.839011610621313
18639,14.939749808933344
18640,19.369334012925798
18641,16.71415085870653
18642,14.498385334458067
18643,14.139369749136286
18644,15.445526319448234
18645,15.048943729543556
18646,16.993470260160436
18647,16.0158540280271
18648,13.734950678232563
18649,12.760448986193012
18650,16.018669793553954
18651,15.034513402814477
18652,18.911128726576607
18653,14.405304510363015
18654,21.028665829933672
18655,14.243722977262491
18656,15.948783804899046
18657,10.136883774649744
18658,15.203919527078343
18659,13.245467836130892
18660,20.77346809239038
18661,9.109518431320051
18662,10.86061087234416
18663,15.075878846692303
18664,11.87761517757917
18665,18.003467140004602
18666,13.624470733972402
18667,18.81281506697234
18668,13.574283571847985
18669,19.36809766794201
18670,15.256480709414797
18671,11.92862990272518
18672,18.71483457715485
18673,12.70679883741921
18674,15.301699285738023
18675,14.86961421121623
18676,16.420163323200285
18677,8.501787792155394
18678,14.915825934902422
18679,16.450205123705494
18680,12.854253925049463
18681,18.276048786534382
18682,17.631570903944585
18683,14.349325648386168
18684,17.480699799999435
18685,16.4245788270536
18686,16.96494983546937
18687,18.203614539838156
18688,19.2457945796288
18689,12.645030234096566
18690,13.364827181194869
18691,20.284385927452405
18692,16.697661698949567
18693,18.47033385517559
18694,19.15890167208682
18695,16.330927503458405
18696,14.010448289362822
18697,14.98218473318791
18698,18.612318274210438
18699,19.85933917845591
18700,17.037555867556016
18701,15.182012379534239
18702,20.02984802050012
18703,8.735538101473647
18704,16.24398855631535
18705,19.771799507413547
18706,14.418274523791347
18707,17.29776723667561
18708,19.123852180057035
18709,18.71638410631975
18710,10.838529326206363
18711,17.30429962640202
18712,14.158957898323377
18713,10.514597889537496
18714,21.01097949417003
18715,20.954101753591665
18716,13.551298667531633
18717,13.057257179737817
18718,13.836487520368053
18719,16.308023445431257
18720,16.508260852218413
18721,15.045254086234355
18722,19.633676813680793
18723,20.947531033349282
18724,13.762955073892938
18725,18.034393118921727
18726,16.728262685656603
18727,15.200543910734845
18728,18.84037299139262
18729,16.96389541786816
18730,14.690228296882912
18731,18.013668775372913
18732,17.31688326045044
18733,14.153023681324198
18734,15.922327102666282
18735,9.792860014579809
18736,9.49316545657475
18737,10.528627454303106
18738,14.305291628139315
18739,14.650956358946503
18740,17.825875516806928
18741,14.630480576820636
18742,16.7406793557995
18743,14.190903016560453
18744,13.581436208741184
18745,12.375718348510292
18746,18.25512981508423
18747,14.29569993035537
18748,12.901536200484193
18749,15.94324476770036
18750,13.118998079703916
18751,21.118146169630506
18752,9.016105010836478
18753,17.220923557976406
18754,17.07815898962231
18755,16.90616721822932
18756,15.601318309483657
18757,14.720524930821325
18758,12.73529695044149
18759,13.91362555320464
18760,15.55106487547103
18761,10.567547927676149
18762,8.740180433892464
18763,14.74676361397073
18764,11.492142689151134
18765,14.17328479480861
18766,18.241216933808985
18767,15.22713881262173
18768,16.538594410094184
18769,17.38178625580759
18770,16.263079074228614
18771,17.048026540906996
18772,16.467817652610293
18773,17.86508193711896
18774,16.531539499956498
18775,16.652651836974506
18776,14.043329367767576
18777,14.478830579449284
18778,11.083877084050453
18779,15.677026578310935
18780,10.471002712079791
18781,14.860481164717458
18782,11.368151773627108
18783,15.702480156995763
18784,11.236924418968492
18785,14.681829830591507
18786,13.953344471942502
18787,16.794785191455723
18788,14.450852558232645
18789,15.071861140075265
18790,19.00290271099417
18791,8.297890252831976
18792,22.885562604699004
18793,18.866130441894114
18794,11.821369746188545
18795,10.374409373592586
18796,15.275243206584085
18797,9.712006550535115
18798,16.548452210401514
18799,13.326974975039988
18800,15.150922972598064
18801,18.47859453755853
18802,12.43874499727859
18803,12.858169856621382
18804,14.767174059649792
18805,16.056653722913424
18806,13.081868230449825
18807,13.02918084725807
18808,9.935386267466848
18809,15.374184050583933
18810,13.205380213422112
18811,14.140536369835827
18812,15.164442109230993
18813,9.948839813184614
18814,10.849718402667307
18815,16.668445388411886
18816,11.237608063686228
18817,14.689945342014044
18818,18.662630637321648
18819,21.232028012852265
18820,11.051177042420179
18821,8.68151850521469
18822,10.858074506129018
18823,19.62058620785924
18824,18.413539586136253
18825,17.87198359728238
18826,19.37794113228567
18827,16.850847773641632
18828,13.905488061301078
18829,17.098819334016493
18830,14.092417192573555
18831,12.238166560257714
18832,17.166073543951313
18833,21.34523557796225
18834,13.123076765714462
18835,8.406790656247814
18836,19.09828703603897
18837,12.796247691071805
18838,15.787739056520284
18839,13.616780078217051
18840,14.652822383542931
18841,22.7916985495011
18842,14.269480963807904
18843,11.630438965869416
18844,11.392118822338762
18845,17.256002585605323
18846,15.562724083929295
18847,15.01292873622136
18848,11.833310925617713
18849,16.218263598682256
18850,8.479379424152333
18851,15.606545918876654
18852,15.034399945152911
18853,17.20714262439723
18854,13.092413111925381
18855,15.1345261485628
18856,13.688082186773995
18857,9.21645545834675
18858,16.66250438521334
18859,19.039114988134806
18860,12.015868095920382
18861,12.24870419021822
18862,19.267339910545395
18863,15.897538004834363
18864,17.030536108416722
18865,19.090419317753508
18866,13.493872433099654
18867,13.745423331709318
18868,13.665474998622098
18869,17.90898091608244
18870,15.334670325785098
18871,23.927416932480313
18872,16.83969974549435
18873,19.01279059231031
18874,14.080660171573552
18875,20.471960998665068
18876,18.667910363965596
18877,16.76889827985234
18878,17.00586040622643
18879,17.842945156290604
18880,9.90818897930027
18881,9.690681436960611
18882,13.47025621897357
18883,17.495646658382867
18884,16.17785189019875
18885,17.417825673258292
18886,15.54063720644978
18887,14.618621418533351
18888,15.677767566698131
18889,14.419900728762396
18890,17.963960641236753
18891,17.00242205754091
18892,19.191933930140657
18893,16.53969566629957
18894,18.10695707623963
18895,16.38463045354498
18896,17.262884998941324
18897,20.784295495765623
18898,13.74193993657788
18899,13.531234889770847
18900,16.35418802647166
18901,11.446495474189945
18902,18.64286013793356
18903,17.0618799190443
18904,13.08230155277208
18905,12.573104939256933
18906,24.05288281158728
18907,17.142900697905986
18908,18.27125901908692
18909,18.636428759833535
18910,16.010295558123765
18911,17.394101061646154
18912,21.210221234127566
18913,16.10243774058032
18914,11.781155164267584
18915,15.540278590265642
18916,17.44822953970538
18917,17.872364224846635
18918,15.98181679500055
18919,20.794406411495807
18920,17.46627286976124
18921,11.505892376952987
18922,15.627707221419811
18923,12.168822744287189
18924,11.441493903812608
18925,13.735305155951842
18926,13.78180836373922
18927,18.14761047443432
18928,19.429120310395113
18929,15.473970227930069
18930,20.14578547680636
18931,15.896801772705254
18932,12.425818703822317
18933,14.937605161604601
18934,16.868428303756957
18935,17.11047530142463
18936,12.309812772238914
18937,17.32058575489779
18938,10.793008516534256
18939,13.566828946402776
18940,17.24122361068164
18941,17.720447799974977
18942,11.0251424762057
18943,18.09572544625977
18944,12.389254906285807
18945,19.617416290269503
18946,17.420491242043163
18947,12.389383240424678
18948,16.200650227183083
18949,18.403597843815888
18950,15.45513022878003
18951,16.2339367708407
18952,18.598182136755533
18953,13.578272117465069
18954,16.1003955381076
18955,14.69887413852153
18956,18.37045025251915
18957,21.82808769181155
18958,14.315426718973447
18959,16.31681186632835
18960,25.202340351555918
18961,11.398164958354693
18962,18.933876224107813
18963,17.323857939790813
18964,12.427776162242958
18965,20.319730941563595
18966,8.829053626480526
18967,11.348985210411982
18968,16.461821800124042
18969,23.0969342925045
18970,12.078604485523782
18971,16.44332974753927
18972,22.133735736818018
18973,15.75556396210901
18974,12.168010790009426
18975,18.73122277847194
18976,14.534033315496023
18977,14.08022898001287
18978,9.513437721379201
18979,16.874982192772144
18980,17.91130453927719
18981,13.969778471589455
18982,18.638958968823196
18983,23.878555402930424
18984,17.625306760439933
18985,12.380859460158108
18986,15.981648934980326
18987,10.912708235585967
18988,17.507192613640527
18989,16.04064093033132
18990,17.561740202474823
18991,17.84211314248047
18992,14.878513486944959
18993,15.883834157247227
18994,14.301644987845446
18995,18.703880964641876
18996,15.435429783136296
18997,12.035068563379637
18998,17.471894538436693
18999,17.296067516853846
19000,15.269634301329662
19001,19.33096428491615
19002,16.85440615427976
19003,16.13671060490948
19004,16.465131825934012
19005,16.668759822773616
19006,20.53719937197777
19007,21.561349790073628
19008,17.765077514420703
19009,20.314968172231506
19010,15.140739726935456
19011,14.924564535664546
19012,11.150112667964393
19013,16.973499853285105
19014,18.1944179753052
19015,18.161362763506265
19016,14.966295854714339
19017,21.895351337955226
19018,15.136277267811277
19019,16.011696937712422
19020,10.72845441331263
19021,16.774030399405234
19022,14.501798670033162
19023,16.670767395486628
19024,15.592485821145289
19025,13.180056063679416
19026,14.530327683498768
19027,15.673803608664118
19028,17.362923599891907
19029,20.015811943857855
19030,13.719415336544689
19031,16.88895211025446
19032,14.67451946472139
19033,21.132801648386256
19034,12.450050795981
19035,13.204498484773932
19036,15.688658792986507
19037,17.005834545930636
19038,11.059232552539285
19039,12.788964302475035
19040,14.630935822995284
19041,17.89270729799292
19042,15.535764573881965
19043,13.397175968889377
19044,19.704697243920904
19045,13.000002372588483
19046,14.959727593396222
19047,16.356509593999384
19048,20.320148041735614
19049,16.784068040309407
19050,20.12202085073968
19051,16.762758398887257
19052,16.01013421749754
19053,20.436835231178883
19054,11.126369404268877
19055,18.41216333831294
19056,14.52478323617762
19057,16.58384981279491
19058,18.127315322861563
19059,23.315423780153928
19060,15.08370458983926
19061,12.483393955212017
19062,14.39615868172339
19063,12.199776678152102
19064,16.902192204091612
19065,14.772345189825097
19066,14.260953116272779
19067,16.72315764441035
19068,13.334778381791832
19069,17.07054066300914
19070,20.01764244883951
19071,20.94975060405348
19072,20.008971266231406
19073,17.20366268261113
19074,14.390862782541008
19075,14.506611482851495
19076,18.400698686234847
19077,12.413472318574629
19078,12.6605673241888
19079,14.334023931937942
19080,18.385994698119916
19081,10.527992765267108
19082,17.568319740272315
19083,17.011321502088244
19084,18.762587296296527
19085,13.740584099397571
19086,11.486988733946532
19087,14.919631549429923
19088,16.44755528183598
19089,12.28588141734551
19090,16.867131586533965
19091,15.816691497928685
19092,18.193600235425734
19093,17.250139893720725
19094,13.096662284715855
19095,12.041260272091796
19096,11.20308249514705
19097,14.14643091017724
19098,13.880994429964067
19099,14.915694682520346
19100,12.500373362124783
19101,18.21774330730412
19102,16.107650024879206
19103,19.47845288849326
19104,8.019099040091252
19105,15.861002865654703
19106,24.450940258933223
19107,13.852832606221146
19108,16.431684312259563
19109,15.89593691249607
19110,11.952807934707424
19111,14.437458926602073
19112,18.72788446065311
19113,16.916245549314418
19114,15.483325961863706
19115,17.718200430671345
19116,19.536264255043086
19117,12.44235925537679
19118,13.039960780796436
19119,14.439990847142482
19120,17.403736529897046
19121,17.319266525279836
19122,19.436112075745385
19123,20.796562810026675
19124,14.192455522794257
19125,18.97751608623946
19126,14.606079201306637
19127,15.754810531276467
19128,13.637076857203455
19129,14.306570369684252
19130,15.887916278563717
19131,15.636892393231689
19132,13.702234896055222
19133,16.727299747287066
19134,17.11613729464677
19135,13.571288506599174
19136,22.789236440714333
19137,15.91987318820795
19138,12.51482770418307
19139,11.790053808104513
19140,14.029531828020449
19141,9.945725105812233
19142,17.196747473616764
19143,18.391512660550973
19144,12.737072412279712
19145,18.669098531295496
19146,15.806734492668676
19147,16.99322665249632
19148,15.652132907120718
19149,15.637081132041281
19150,13.199855058055421
19151,13.880970973058103
19152,19.55925017095095
19153,16.244882668754993
19154,11.479708033799433
19155,18.998649787898508
19156,14.039322731015169
19157,22.790076306603623
19158,9.964970180742894
19159,8.960131526837651
19160,20.62106830989675
19161,17.838898056086805
19162,20.33348816645489
19163,14.284086628477429
19164,17.237403114993292
19165,8.671097263664864
19166,15.558562479252181
19167,14.93164341300223
19168,17.341034452730042
19169,16.369112962807908
19170,14.357338010554281
19171,14.878041706816502
19172,15.921778655757935
19173,14.330669000874941
19174,12.973728722786051
19175,16.212420360411507
19176,14.790305379897704
19177,10.637706585602931
19178,14.623269318367832
19179,15.636867298981704
19180,12.830862000078373
19181,9.091591833531115
19182,16.016814936103245
19183,20.593389987011022
19184,17.096899006919834
19185,19.236354326519866
19186,10.803154598572442
19187,10.078913401131187
19188,20.922684133763926
19189,16.040717610292468
19190,16.339269772306316
19191,11.952656039918685
19192,18.773526789769072
19193,15.123861695953979
19194,13.308115992082595
19195,13.364727894847357
19196,9.228605887382642
19197,17.638756984056187
19198,19.936691767152034
19199,14.623484961323019
19200,17.456721819743294
19201,9.250938733945159
19202,18.223138590911915
19203,19.353625033850662
19204,18.918581393472486
19205,18.044678328610665
19206,19.446294841450452
19207,16.002581535877194
19208,8.697364934625767
19209,17.435402910469936
19210,14.15891865894765
19211,22.56538506240691
19212,11.558438248971749
19213,15.187572248495734
19214,18.632464977234704
19215,16.302888278866284
19216,21.14500566867174
19217,17.896708639569987
19218,15.105611162866301
19219,22.182414457343583
19220,14.057300672398595
19221,10.043635535587793
19222,11.92593614731922
19223,13.377989402330872
19224,15.19513869493972
19225,16.874830311520462
19226,9.901792854379114
19227,13.137714812154261
19228,12.289845793878047
19229,16.234331573946527
19230,18.568339882024958
19231,16.23977849608833
19232,15.768898203068352
19233,8.496242757984435
19234,16.446894686722807
19235,13.700917504631178
19236,15.668020944034062
19237,11.418756952884575
19238,16.288627918797538
19239,12.959825482038775
19240,14.754573167481608
19241,12.955833656961968
19242,15.713895939662885
19243,11.14655486018725
19244,19.31120606880824
19245,12.306554113800711
19246,17.296860426121242
19247,12.336788813288763
19248,16.613967753362843
19249,15.503780577325555
19250,14.361142326457557
19251,15.375822747101779
19252,21.8565345998446
19253,16.171693412016477
19254,13.060934608994138
19255,15.645785292189522
19256,13.337349484942777
19257,19.017439653352426
19258,16.168041411272476
19259,21.71727795052599
19260,12.020115300712277
19261,15.66516497118179
19262,10.785301188604059
19263,12.243744472685517
19264,15.785919869438123
19265,15.177407796410153
19266,10.860120742284396
19267,13.426844222566924
19268,13.770022539362124
19269,15.939170189404683
19270,15.646859430674553
19271,22.85319233275947
19272,19.074470135239466
19273,10.194048434038152
19274,17.156022993020112
19275,14.489112796678496
19276,20.473497208960524
19277,20.97855574552994
19278,12.805965103703887
19279,16.247372897506793
19280,13.511898551187262
19281,12.68492850466036
19282,13.070710420452
19283,14.01976689814617
19284,18.691727146488226
19285,22.21721155118295
19286,17.578274872776134
19287,16.309588836735223
19288,16.372665733586985
19289,21.69668347217616
19290,20.563608219921328
19291,17.103283351461315
19292,16.704578516708892
19293,15.749210956089241
19294,22.13182705703884
19295,18.229659791541714
19296,12.60514265933757
19297,18.14187861232199
19298,13.840531001590339
19299,15.685384548668505
19300,18.91631327462251
19301,21.550636038286484
19302,14.998896647841692
19303,14.384011168931588
19304,16.313631511567507
19305,13.266107754793406
19306,19.89257258906482
19307,15.022629089914233
19308,24.454102152768712
19309,12.835313084123577
19310,13.684921473200578
19311,18.549382247069374
19312,14.590648413602784
19313,13.428688515564218
19314,15.42867896210092
19315,19.287272944464135
19316,15.46011680831228
19317,23.261872341894964
19318,16.038288494103412
19319,15.497279193736174
19320,16.980081565321754
19321,15.243578620665689
19322,13.516444789872013
19323,14.947645043743686
19324,9.942545612463622
19325,13.308054367206276
19326,19.797412390025684
19327,17.126410250083367
19328,13.98832732941885
19329,17.560108845860128
19330,16.806278352816463
19331,17.070832885721753
19332,12.402454526063423
19333,18.808475061613347
19334,12.661548009956228
19335,11.209347137703341
19336,16.356928363665645
19337,11.906715160261722
19338,16.886457412505152
19339,21.159758362202723
19340,13.477013377885898
19341,14.331507980306434
19342,13.25197754049049
19343,14.074971547804655
19344,14.54525682373796
19345,19.25228089127039
19346,20.971782928585917
19347,14.353356718733457
19348,19.343026034615498
19349,14.886790354729055
19350,15.894924361863385
19351,10.77010223697436
19352,16.620372544713227
19353,11.143293186107558
19354,17.816113253093967
19355,10.522821699084952
19356,18.28838392230115
19357,13.082106609929111
19358,15.10151087039315
19359,13.265608631134205
19360,12.010259064065753
19361,18.608582790868397
19362,10.07979955246405
19363,19.2836361683855
19364,13.938685630734852
19365,13.921188071928116
19366,22.33195419607072
19367,21.937794607775956
19368,20.736865962797268
19369,12.223713017078492
19370,15.706609709486456
19371,13.291810733381052
19372,13.312372113628808
19373,19.519893514855383
19374,11.571746140648179
19375,15.07459338323987
19376,18.78144526026088
19377,21.081185885921734
19378,11.884020847556235
19379,13.679672915233219
19380,17.785000789926805
19381,18.66456627069784
19382,13.75459867910889
19383,16.043351917417795
19384,18.642028853858193
19385,16.73457030479117
19386,17.795053148603255
19387,19.347129906060054
19388,20.373194847031982
19389,15.67833899040372
19390,20.849126965656417
19391,16.884125960580775
19392,13.256802203529992
19393,20.804467223842686
19394,11.516692437233436
19395,21.129578087781496
19396,10.756085933512257
19397,15.093961288511542
19398,21.050574766597087
19399,11.713850889682309
19400,13.361608098176244
19401,17.912021024862963
19402,8.361944491353597
19403,13.67401865564143
19404,16.09060827459316
19405,17.91273727879087
19406,22.638640898968212
19407,12.040024630685572
19408,13.774033530849708
19409,12.440253965988578
19410,16.411232566557874
19411,20.222985817235056
19412,16.611167424197674
19413,16.887124913550867
19414,14.837838167721918
19415,9.730718910890458
19416,11.868236113033321
19417,15.173981932348097
19418,17.213912908404474
19419,14.326443101978404
19420,16.193274502284197
19421,12.74472794668454
19422,11.00563171428509
19423,14.665954321767279
19424,14.850696688828297
19425,10.837926555559964
19426,15.494700209003199
19427,15.4293913249568
19428,9.5504833581247
19429,12.421338122197799
19430,18.474171842833712
19431,17.20438737530514
19432,14.472275001463583
19433,19.909615034751255
19434,17.442542135233644
19435,11.839549444312294
19436,10.677590201894557
19437,12.839538621042593
19438,14.20289761995468
19439,17.565164935475583
19440,14.024162496703854
19441,15.912192926772141
19442,17.482393516302835
19443,9.037669774710594
19444,16.84195828825736
19445,19.889887271761765
19446,19.50752895252102
19447,16.40978170938216
19448,18.786038641596335
19449,12.048202316992393
19450,20.409234074992987
19451,17.61396187220388
19452,19.55829026496569
19453,14.993063069357381
19454,14.229562562158657
19455,13.615331814530057
19456,15.26588746951248
19457,15.529741901406156
19458,17.37270282421995
19459,13.796505435317409
19460,12.610760480677902
19461,16.966338210122686
19462,11.069128328001064
19463,14.811027972361718
19464,17.074799888376624
19465,16.495636826870467
19466,21.7427803973197
19467,11.674503300701003
19468,10.448398540517145
19469,14.129412211564446
19470,22.792270437445026
19471,19.15984540106127
19472,15.925250935046302
19473,14.603751515285996
19474,23.759535306850516
19475,16.300176204218854
19476,13.331928728568183
19477,14.055991432563216
19478,12.448671397445498
19479,17.421991366014474
19480,12.701431017818413
19481,16.95279211687818
19482,17.132218000790367
19483,21.151895978488568
19484,13.395815886955504
19485,15.636327450427773
19486,9.355726540786304
19487,17.498154799690134
19488,16.002753895245014
19489,21.318643206931164
19490,13.315932756713574
19491,19.976170375348943
19492,20.017724114932413
19493,22.380979893869878
19494,12.606551467518996
19495,15.294540179278348
19496,16.80522316902924
19497,16.810145704702975
19498,16.942673630563142
19499,12.509425761376985
19500,12.870998943000451
19501,12.949371061873219
19502,17.25054712214339
19503,19.039127136854376
19504,16.41599155894978
19505,20.880633848724983
19506,18.33616718347949
19507,17.67139015331606
19508,16.69055156552566
19509,7.66811751110176
19510,18.726747999757833
19511,11.081572225923825
19512,13.137328503312318
19513,15.202610765834313
19514,14.01801199455117
19515,16.751342092433397
19516,23.818935856346812
19517,10.876475103171675
19518,16.284196524547504
19519,20.795987680718248
19520,11.878645867630548
19521,9.759580635089415
19522,20.38636898808344
19523,18.011914507692815
19524,17.171386085811875
19525,16.30123529205163
19526,12.260111417785444
19527,11.965653757986077
19528,10.109692443849422
19529,19.153252822793974
19530,21.888808443240855
19531,15.91087413461071
19532,18.51150068539787
19533,12.933058416165071
19534,18.197089864075785
19535,19.880324825001146
19536,12.668346046038756
19537,21.167462071995985
19538,10.956473648186531
19539,11.719840604770653
19540,13.302325230151833
19541,14.896301477032974
19542,21.159401838535913
19543,17.49081881092222
19544,17.024190912370244
19545,16.125279269384315
19546,12.416885565407984
19547,17.091540637368993
19548,17.183731473466715
19549,10.709526765691077
19550,15.999522419626517
19551,17.697176510759057
19552,13.080433593436013
19553,8.512218600134895
19554,10.230637251351807
19555,25.110787487449592
19556,14.57284280306237
19557,10.732331203672473
19558,14.906197039036968
19559,22.213706980298106
19560,17.462661360742793
19561,19.00422654398954
19562,15.803385215925262
19563,10.592493220476287
19564,19.55892239687104
19565,16.184466194577684
19566,20.00359838738587
19567,24.414628180724435
19568,21.359567522903752
19569,11.21013879697446
19570,9.65571122723571
19571,9.862885480108272
19572,14.27796422690783
19573,13.082343583392625
19574,22.49850352782761
19575,11.387867554791676
19576,13.723591819729023
19577,21.282227782753438
19578,17.35400404752216
19579,11.878300856070574
19580,22.118802246442634
19581,19.001953391715716
19582,18.79687040379921
19583,12.12163538400363
19584,12.261319753747559
19585,18.279154944600073
19586,15.90534290341956
19587,11.572066604673878
19588,13.209324367617954
19589,15.717132269470818
19590,17.869038530828433
19591,15.041970932793234
19592,19.31479344298306
19593,17.629516936175907
19594,12.23559415348619
19595,15.337808285505417
19596,14.209731070092369
19597,11.508030598956982
19598,15.25131740455909
19599,17.38880005240945
19600,13.96715669272958
19601,14.907899810049207
19602,11.510096356475866
19603,13.159039281868047
19604,13.01559163958933
19605,13.824515041554122
19606,19.343228496996872
19607,13.8468534448552
19608,13.633666818252074
19609,14.447695507638507
19610,17.932045708345402
19611,17.09253230212328
19612,22.060807660655612
19613,18.208329092792106
19614,13.534432449038967
19615,18.70894072942444
19616,13.399857603099324
19617,14.827956446166008
19618,20.98420268319957
19619,14.431636922056299
19620,13.668170566246069
19621,13.70132662664956
19622,16.7305090358851
19623,11.544516688928686
19624,17.127433585855307
19625,12.429193678141765
19626,15.570343680384772
19627,19.15702863010071
19628,10.182318174651588
19629,14.347620422727013
19630,11.245891866751949
19631,19.379466702605946
19632,22.031361552406523
19633,19.533923313200283
19634,15.619995600790112
19635,11.826442584782233
19636,13.482985775015525
19637,19.76452069821376
19638,12.054959365116657
19639,13.572940587835612
19640,12.650882275729636
19641,13.758143610221634
19642,11.695705958650771
19643,18.63676143225579
19644,21.57776798375177
19645,13.468937139750473
19646,11.57208559145036
19647,11.365587949922483
19648,17.14408003699127
19649,18.661439664965528
19650,20.64218337335936
19651,11.912569036709623
19652,13.21643493164468
19653,12.446546852679797
19654,16.798235722887036
19655,16.512155619182295
19656,18.547372187544653
19657,17.12253432925914
19658,13.260360105524207
19659,14.68096297651389
19660,14.662203407322854
19661,18.655745000203673
19662,12.464510789619156
19663,19.18894576360499
19664,19.72000872022384
19665,19.49330989913806
19666,19.614131501931993
19667,14.365142103600288
19668,15.745105229372566
19669,14.42743236388122
19670,11.755122036204021
19671,16.613708522656815
19672,16.838408599120193
19673,18.066893824805685
19674,20.719374940219907
19675,15.120873867544043
19676,20.133443564908784
19677,16.688165300872654
19678,15.2883282428291
19679,22.6813478233094
19680,14.41224673256935
19681,16.775667504074697
19682,17.32266917523559
19683,13.99084903942687
19684,18.1316441083233
19685,14.701474645435505
19686,11.756584567213096
19687,10.269510544686693
19688,19.555007934468417
19689,10.227706035742909
19690,13.280550432965953
19691,10.263628996882968
19692,15.830600913218673
19693,13.997234433448599
19694,16.248341470809955
19695,16.10115571802806
19696,20.677967974232445
19697,13.517491774582695
19698,16.291857435733295
19699,20.677488587313654
19700,14.382529029099379
19701,16.38504020374444
19702,18.881292363659526
19703,15.504687926779964
19704,11.61637767231539
19705,16.935709963688147
19706,13.192517618716204
19707,10.759393355348436
19708,16.889267184362517
19709,11.942238707726178
19710,16.213259987929174
19711,24.25191843015034
19712,16.553635633073803
19713,13.356569611193423
19714,11.69931785463697
19715,18.654619634061778
19716,21.861057358021647
19717,17.024474094221638
19718,9.022145799318928
19719,21.36719706064877
19720,11.342019179461197
19721,17.128155899385614
19722,12.443279257539377
19723,15.285673057813176
19724,18.421035690845173
19725,21.232692553197005
19726,17.178140884871958
19727,21.928569591736213
19728,8.805958654712423
19729,15.465558055091206
19730,13.248023254681573
19731,14.919549973137862
19732,15.483873712317905
19733,11.269285062378632
19734,11.52598696437494
19735,13.202056274617478
19736,15.668518423117208
19737,21.693054724841325
19738,13.597751388130217
19739,14.999991634688818
19740,18.02423848195459
19741,22.20050616074375
19742,13.868446167447075
19743,13.067594996182834
19744,9.227190642009608
19745,13.107207065649131
19746,13.140285937363393
19747,15.293336417595926
19748,16.395980743588048
19749,13.8717314863917
19750,15.667222509618298
19751,16.830352265729502
19752,15.783767948334297
19753,18.98403165812317
19754,12.134844778352246
19755,18.208848261101423
19756,17.078014482195016
19757,16.282675641396736
19758,8.751713275525855
19759,16.024235988811952
19760,20.026707777124773
19761,17.2580488605668
19762,15.920210902349783
19763,15.77450907604886
19764,15.287857068210402
19765,19.601363451186515
19766,18.55854492018878
19767,8.527408152047395
19768,10.505106131297389
19769,12.09499529809774
19770,17.243857607315846
19771,17.79393113224028
19772,21.06289085825191
19773,10.768744470694578
19774,9.538466654336462
19775,18.860150594689912
19776,14.93879874028619
19777,16.13367448370287
19778,19.58580723256
19779,12.771869130455315
19780,20.71927279371357
19781,21.6885013000876
19782,12.578576072400319
19783,17.41302729107896
19784,18.165252462962393
19785,18.05749004562366
19786,14.697774523718067
19787,22.473290612953072
19788,14.707827956332697
19789,14.518568929511028
19790,18.471448027887828
19791,11.128765651536007
19792,21.12363351396891
19793,11.466131897763184
19794,19.025695619774233
19795,15.61162192528186
19796,9.344518107868616
19797,14.551973582907323
19798,11.376506660442875
19799,15.284986483733675
19800,17.791562377893445
19801,14.519557329958648
19802,16.575798729042923
19803,14.38125979515723
19804,16.641123174702685
19805,13.903086575831907
19806,13.902399680490536
19807,14.395229017363485
19808,18.268794395531536
19809,12.555887263540395
19810,9.846962612975881
19811,18.27139880182162
19812,12.022184422019308
19813,15.475444743022214
19814,16.03060045209517
19815,16.017549382136394
19816,13.02366080058055
19817,18.2225867134651
19818,15.903926214786052
19819,12.843805157101894
19820,12.850342538440056
19821,12.737646176799968
19822,14.503889064743044
19823,14.916604922670949
19824,9.844637421933971
19825,21.23027885906056
19826,19.511685513255536
19827,20.099955421158878
19828,15.282215892554506
19829,23.223659476807185
19830,10.436321311181043
19831,11.221019536429775
19832,11.158275777664347
19833,19.854935085258692
19834,16.145068596047167
19835,13.793107583766293
19836,13.985646760584189
19837,19.65985453901419
19838,11.679594403189839
19839,18.568972498214187
19840,16.41270666632075
19841,20.344375159881807
19842,16.87229207978631
19843,13.690683902413081
19844,13.373146334461074
19845,17.462078048829312
19846,21.09791204627827
19847,20.687637740585934
19848,13.913696155139132
19849,15.103473248807695
19850,17.878223857922826
19851,13.711805542441015
19852,19.834486764358726
19853,13.736020199148031
19854,9.21819801978553
19855,15.432535997590435
19856,14.244341560752211
19857,20.692770462089946
19858,17.45881483608789
19859,13.471943972122583
19860,14.168765545634486
19861,10.923992398887037
19862,18.81951715062931
19863,15.686414228972795
19864,15.151948330459616
19865,14.880856210999719
19866,8.551006094372422
19867,23.176717032719296
19868,13.880439283185154
19869,21.343552686871057
19870,17.161232632993155
19871,19.033621570684556
19872,20.61708440479026
19873,17.72118013190343
19874,13.455798198373097
19875,13.06890447882849
19876,18.691263938851563
19877,15.497585273623693
19878,18.238729785757066
19879,18.794157968669303
19880,13.39495146898048
19881,13.077673884563573
19882,11.203279517885338
19883,16.391137788742917
19884,18.010637961682235
19885,12.872416628797193
19886,13.462441981493741
19887,13.05844482563122
19888,21.92696812040981
19889,10.353093171702616
19890,19.14171573321003
19891,16.423206495697436
19892,17.920739218490063
19893,21.63626365795492
19894,15.693472132911031
19895,22.361703075414695
19896,12.705257536308277
19897,18.654191518121294
19898,12.47409562573748
19899,15.032485728558692
19900,21.65885750401116
19901,15.372648797779481
19902,19.162622734529222
19903,18.042475110929008
19904,16.09421278400501
19905,17.306747538703824
19906,13.826674821081362
19907,18.64827048226389
19908,18.762302957954354
19909,15.691108636625103
19910,17.520775730370538
19911,11.715138289472787
19912,18.15913677153847
19913,12.46042040656415
19914,18.579711006414414
19915,20.071150845672584
19916,11.987363353529748
19917,12.329723306014436
19918,19.52620229691565
19919,14.475588710559663
19920,14.674467035032302
19921,19.285673260997648
19922,14.047395809545785
19923,19.6736834211733
19924,12.286781040939099
19925,11.529590852803738
19926,11.377212229889157
19927,17.003967858160117
19928,18.755789724105917
19929,20.447946837639655
19930,11.481375521362114
19931,16.534370622588693
19932,23.29930573513242
19933,12.764399038005454
19934,21.67358529504512
19935,20.336929001567263
19936,19.928691905115805
19937,12.886823010024738
19938,19.29616658642414
19939,14.917692823577188
19940,17.770444747196073
19941,12.9036510737855
19942,15.863309234241227
19943,14.370276023204793
19944,21.157108892675765
19945,13.788605646336407
19946,11.174124293425272
19947,15.448572778260244
19948,19.877108933797842
19949,15.975809820585333
19950,23.90901584947158
19951,10.521645200358295
19952,11.575009782654497
19953,12.146832945750845
19954,17.588451494631627
19955,18.459383686506825
19956,20.30673259403927
19957,15.172351540718354
19958,10.318605367097922
19959,8.868221549427888
19960,15.262594751348734
19961,13.591807567178288
19962,23.300166851432387
19963,16.837460536913753
19964,14.426340688314808
19965,20.756991581925245
19966,14.712600470344869
19967,19.062194046158016
19968,19.116913506916426
19969,14.655361077995424
19970,9.483368488984613
19971,14.547428601876378
19972,11.554575576046515
19973,16.983369983090704
19974,11.655628795584988
19975,11.904600383759087
19976,19.337412571672388
19977,10.440936623121921
19978,19.239310389181608
19979,13.405500262422585
19980,13.185884457643274
19981,17.890953092079805
19982,15.08392445368975
19983,21.326514633867532
19984,10.657050426771084
19985,18.476948582848188
19986,17.971937255666283
19987,17.98381801552793
19988,15.630858166011315
19989,15.962057521352063
19990,9.39792394449727
19991,15.331697201461866
19992,19.199893854780747
19993,21.078279343382285
19994,8.91139285316254
19995,7.668775041367537
19996,20.205654421815456
19997,9.315146373369915
19998,19.09730127821325
19999,16.745924034922517
20000,14.289985052487546
20001,17.75618936135911
20002,18.166271854741716
20003,13.302938033950102
20004,11.193313481638192
20005,15.11634915587476
20006,16.37579149050854
20007,18.563273342088927
20008,11.72777537572953
20009,18.4085971927915
20010,20.932501041412834
20011,12.220757722078421
20012,11.1867122131635
20013,13.42319337659829
20014,11.550204894871687
20015,24.81674769385193
20016,10.219035587586385
20017,14.560098618793686
20018,9.87019879534397
20019,9.26982954943139
20020,16.68148332091917
20021,17.711007162444613
20022,13.313282525021663
20023,15.750223166626926
20024,15.094380626941213
20025,15.414570103827316
20026,17.395834373815745
20027,12.216749649529989
20028,23.989763451864718
20029,13.602612123214476
20030,15.977302571834182
20031,12.155074312196003
20032,23.071100872874155
20033,22.8634196685353
20034,18.569537526653654
20035,10.082808529612755
20036,16.246245980841408
20037,17.37237660372071
20038,14.61601834592204
20039,20.001056681531026
20040,19.319499475581033
20041,17.03955539183975
20042,17.778780557654063
20043,17.528628192447208
20044,15.821269731729705
20045,12.893883828584737
20046,16.88037217912448
20047,17.80614848607458
20048,13.283145276109039
20049,13.06406792193943
20050,15.549262617041673
20051,17.805439901926768
20052,12.443873223214554
20053,12.570991082864268
20054,14.258600239143103
20055,10.817973350973087
20056,19.934679555438954
20057,12.633169062488248
20058,12.42704770772426
20059,11.283011220093226
20060,10.233693409081052
20061,16.84825710691642
20062,17.303377824819158
20063,14.010083967738968
20064,18.67024715967414
20065,14.118520831526059
20066,16.348539075968183
20067,14.24634069754027
20068,17.329451054193434
20069,12.749276104745183
20070,18.45705951178931
20071,18.766701122193343
20072,20.192382575733028
20073,12.921083559265652
20074,17.702138560703492
20075,10.929281484199503
20076,9.943856297031827
20077,19.176505248782497
20078,16.547373752846326
20079,16.47258671153562
20080,18.87368127769343
20081,15.532229296854775
20082,21.958232207159348
20083,13.947744551764771
20084,11.525852312462561
20085,20.12278697109562
20086,13.335959008803675
20087,14.863572685921756
20088,11.482992923438676
20089,18.058264072815554
20090,14.360448799577608
20091,13.396374677168462
20092,16.693640390786655
20093,16.616162122357238
20094,17.006274975615057
20095,14.949398275214518
20096,12.325005420846455
20097,15.567780812070621
20098,13.551986005496083
20099,16.884208202301622
20100,18.709806627426175
20101,8.919888499386929
20102,16.370674698360922
20103,18.08627415718923
20104,11.87702459010904
20105,17.21409937106094
20106,16.788799946997727
20107,14.888376839122278
20108,14.699068903399368
20109,17.76940481506111
20110,17.30786112315689
20111,11.294044388135223
20112,10.216129892163575
20113,15.06405208913285
20114,14.122138430486634
20115,15.410331283987857
20116,16.436618965438903
20117,20.37538729363291
20118,15.789457940557222
20119,12.684449865296504
20120,17.62131270152277
20121,12.501125505833627
20122,12.563019691429542
20123,13.633048392301529
20124,19.019849511610815
20125,18.071486253083478
20126,13.638230950768776
20127,17.420048803301746
20128,10.754043600233107
20129,12.6421524099414
20130,17.758613869861207
20131,11.239528564304996
20132,15.443912884719458
20133,20.695664370771347
20134,17.511755824489438
20135,11.008137863602052
20136,16.41636878624074
20137,15.975505180655928
20138,12.552564726515582
20139,19.2219901866531
20140,17.893271130881942
20141,9.160171936069547
20142,19.558828339098376
20143,16.895180059144927
20144,19.00174179789891
20145,17.64812064505172
20146,20.663111545768025
20147,13.561118246047247
20148,18.548687413062673
20149,16.045232280710877
20150,11.789631576495754
20151,14.162983530004672
20152,14.133683389378108
20153,13.741805974491772
20154,14.74687822906987
20155,15.091619542263194
20156,17.039520145897477
20157,14.857474850143378
20158,17.600356617504133
20159,16.64334784116251
20160,11.059085316455375
20161,13.95227214326814
20162,12.637127187290764
20163,12.993608983706194
20164,16.483475772243523
20165,14.270144504628691
20166,17.689408044894314
20167,15.243672699343573
20168,13.658872617716575
20169,20.72598128084352
20170,14.947039384835398
20171,15.714548527229459
20172,20.0690326793828
20173,15.021280670993066
20174,13.914072600802722
20175,13.825896501771627
20176,10.512903680328748
20177,16.90075586503221
20178,13.388834749393702
20179,17.2712405967709
20180,15.526401096947298
20181,14.973318845964107
20182,16.634228979915797
20183,14.849564873568491
20184,17.14802601203351
20185,22.18491006916777
20186,13.098018165070611
20187,18.123067798226757
20188,13.098887720547095
20189,11.96272117869831
20190,22.527553227187347
20191,22.753272406374215
20192,13.371349342128557
20193,19.37717482300082
20194,15.048921244154164
20195,21.940786020989215
20196,14.56539595578967
20197,20.22266465881205
20198,20.184946772212673
20199,13.503558117917823
20200,16.222896633527988
20201,16.055630100107592
20202,14.445148740099347
20203,20.241698594831895
20204,17.04530063493629
20205,12.403416330109962
20206,18.663553115708083
20207,15.52692329124009
20208,15.618848953846015
20209,8.73965617500187
20210,15.375078534222022
20211,16.646579449289867
20212,11.211738251163041
20213,14.919880295205079
20214,11.82005684950004
20215,12.515682118325548
20216,13.618830226622505
20217,15.234538525515656
20218,12.503244447649669
20219,14.23872143336667
20220,15.173771860893103
20221,20.25948912608913
20222,14.750667717711453
20223,21.71385273495892
20224,15.336659342868222
20225,13.597006504665902
20226,14.716102389982233
20227,17.138398076038982
20228,14.688275104914501
20229,22.509155255946126
20230,15.737178734428069
20231,17.948905633521278
20232,13.796547571447544
20233,15.470824859454007
20234,15.617875718380612
20235,21.332061035183095
20236,13.968865689748611
20237,16.446489991128757
20238,8.01409119949665
20239,16.641286496932537
20240,18.375997786067096
20241,19.24789496759289
20242,19.23767148219997
20243,10.820425793223823
20244,20.178016108262867
20245,11.190482428081419
20246,10.800634879614043
20247,16.598520103473508
20248,14.664313477385457
20249,17.42315455458118
20250,15.644656521998483
20251,10.251893751255068
20252,14.31493476296723
20253,13.872166199368822
20254,12.374859691181639
20255,16.685759401575147
20256,15.697686584131505
20257,19.848187054607948
20258,14.730792688284701
20259,17.93976103700747
20260,15.1739615171061
20261,9.290167140687075
20262,17.865905768690013
20263,20.264176728779802
20264,21.538524861880354
20265,23.450475639748845
20266,13.393395006665042
20267,12.244326572597995
20268,11.401012389091958
20269,12.478528550277757
20270,11.828288710788659
20271,15.67210985073754
20272,15.703132082386285
20273,11.934357017923983
20274,20.54015071948077
20275,15.628362244476646
20276,12.905321412703712
20277,12.442019965463718
20278,19.86611528720492
20279,16.052906088186745
20280,8.318804696035727
20281,16.50034893367222
20282,14.106600441102156
20283,12.790141778118056
20284,11.67390000003682
20285,17.354761798927886
20286,9.01322196167088
20287,19.148517382161245
20288,16.6825761482935
20289,10.962612166326927
20290,12.181992646848125
20291,19.56526301152136
20292,14.693684298050764
20293,13.392202213593011
20294,12.395286797760297
20295,12.930980117787268
20296,11.0805516158384
20297,15.94975143593997
20298,12.813614468308984
20299,15.765426513010599
20300,20.544357260871802
20301,11.492839611510224
20302,10.831186159214687
20303,17.189730628625945
20304,16.97501860161998
20305,16.806775629021068
20306,12.5509772105818
20307,16.640543843642398
20308,15.419163249354915
20309,10.312364060724907
20310,13.438813533965082
20311,15.378048570822902
20312,11.73310070895991
20313,17.77559932073761
20314,16.706923005912486
20315,17.65382907443909
20316,17.78435754047316
20317,17.320456772100098
20318,13.803642025578068
20319,11.51201081199108
20320,21.1469700185351
20321,17.65672348028111
20322,12.280188165695495
20323,14.461688288406885
20324,16.078526347964342
20325,13.445015204799187
20326,13.484874562481012
20327,21.11729637068074
20328,12.62557642803963
20329,18.282944349992018
20330,13.858766122448735
20331,16.28798027633657
20332,19.891728055916992
20333,14.199840722188098
20334,16.912059189613515
20335,14.578547734443594
20336,14.813978483687617
20337,14.754568423181306
20338,19.36230017878927
20339,11.471167480372703
20340,14.335881467326363
20341,13.094729945122396
20342,14.125004560879445
20343,8.093812035255171
20344,9.237928229305174
20345,17.308741351969026
20346,18.866875868102944
20347,19.3867969550139
20348,12.845401076594227
20349,16.67595647032349
20350,16.702939859587907
20351,21.971392790138168
20352,15.330521701244882
20353,10.291938148025274
20354,18.87442350781798
20355,14.176069598056975
20356,18.044320385324028
20357,15.601225688271255
20358,17.049148216461834
20359,12.245052115029232
20360,15.91666805071122
20361,8.835715837532582
20362,14.199601744462694
20363,12.311757291047648
20364,18.26017089074484
20365,15.403114216311941
20366,18.837274302142106
20367,12.033587802238824
20368,15.929720960454231
20369,14.436392878342787
20370,16.419219780865276
20371,18.92108295766872
20372,12.935658888206131
20373,8.1642088106534
20374,12.264338082144244
20375,19.84482072838089
20376,18.01594812737602
20377,22.019111192111808
20378,10.712243168733336
20379,22.106593605050946
20380,10.55643121162173
20381,19.239295609939603
20382,13.129939700149926
20383,16.64407068245605
20384,21.89844226546299
20385,16.898425526410982
20386,12.151820467839183
20387,15.869007262528358
20388,16.593694826369074
20389,15.917606883072377
20390,11.718535334219297
20391,20.29683401473377
20392,18.672567601009092
20393,16.676639994468808
20394,12.70185339076938
20395,20.5307194506069
20396,13.855840613536621
20397,13.009716039503475
20398,16.456240074770317
20399,13.511684297578759
20400,10.875534236861107
20401,16.623683396689
20402,16.59433453972428
20403,22.290045129699003
20404,11.34497818573646
20405,11.546103063397753
20406,16.028258584506027
20407,14.412912216598468
20408,13.676734271284609
20409,18.038273617138067
20410,16.85375326950149
20411,17.09926722033783
20412,15.354497714190362
20413,17.502403039981566
20414,13.187825319029056
20415,10.269703771726537
20416,15.088748164390593
20417,16.480802810686548
20418,11.020145450723405
20419,13.59034977149691
20420,18.15270881212697
20421,12.39525530087518
20422,19.06642927733126
20423,16.396893463124066
20424,14.377972360738621
20425,17.23490589949742
20426,14.266171042533012
20427,12.317931716074787
20428,17.639632100061448
20429,11.802615733951216
20430,16.964509049878504
20431,17.161369819150806
20432,15.652807285715198
20433,17.885533101588923
20434,13.040990975896467
20435,12.116795190373583
20436,13.234673230993934
20437,15.587495094975223
20438,13.110588489212534
20439,11.765277455895722
20440,16.034207282739388
20441,15.7272945945889
20442,12.96339383944035
20443,12.349098572042932
20444,9.714641372379804
20445,14.607563088948826
20446,15.579396937669353
20447,16.282188888014595
20448,14.438628578020504
20449,11.66372323231554
20450,11.537486906522188
20451,13.791472026322051
20452,8.486986626348674
20453,20.72697461713367
20454,13.822297436216001
20455,16.628266634921886
20456,13.090119318631254
20457,16.984626483770192
20458,13.796388251092887
20459,14.935903405771235
20460,20.736503908757566
20461,12.176714490649285
20462,14.70370897132713
20463,12.503700142139227
20464,18.48804521106134
20465,20.57212482011651
20466,11.688542210257642
20467,18.038991345713786
20468,15.433333730031565
20469,19.07307163878061
20470,19.513452862716797
20471,20.978679879950107
20472,11.290042575731007
20473,14.854542180307869
20474,11.9741037975149
20475,14.041271392878855
20476,20.220360610335717
20477,20.244767877993336
20478,12.707815229221453
20479,14.622882254762656
20480,16.300564753030354
20481,17.046775404879398
20482,17.425110911251085
20483,17.6674641219674
20484,15.604474157488665
20485,19.541672370141576
20486,16.257037269338603
20487,18.0355244672518
20488,12.265795902146648
20489,14.358946489119601
20490,13.464728342006625
20491,10.85176499934486
20492,21.562073421202065
20493,14.636590597530153
20494,16.666297211596195
20495,15.870511984369026
20496,17.21861348932272
20497,16.963003386234348
20498,16.899648355708955
20499,19.937796014583732
20500,11.24174928050375
20501,13.290864531260562
20502,14.657410175493466
20503,15.491296312001163
20504,13.161664265826632
20505,16.681983219191196
20506,18.783883214132736
20507,12.34484966874368
20508,15.370152543835149
20509,16.601334930161606
20510,16.81149759774722
20511,18.774706812532187
20512,19.798300979383512
20513,16.841229666263654
20514,17.681269434735317
20515,18.996816343439598
20516,15.398473453554407
20517,15.60919908263644
20518,14.95911368931137
20519,13.100124502746226
20520,16.815720094475495
20521,21.309116817345128
20522,16.872514816928085
20523,14.644694567980569
20524,18.826375686382605
20525,15.344761929501788
20526,14.279016331841328
20527,18.339810228005426
20528,10.64080894998682
20529,21.308002121035646
20530,19.488029627195957
20531,21.40401416916665
20532,15.546392361661576
20533,20.25809676542024
20534,18.302351512601064
20535,21.635419613176104
20536,20.732343943360384
20537,14.40182950944032
20538,17.89548574684135
20539,8.248701897520162
20540,16.916215413530217
20541,17.253104252217707
20542,9.904390896862608
20543,19.8179058148133
20544,17.330293499314045
20545,14.557702198403382
20546,21.841062284367055
20547,17.567934597914643
20548,12.060166758589311
20549,15.769264716503736
20550,11.819518448571824
20551,13.89191799520377
20552,11.882924886533907
20553,13.428533301132838
20554,16.23397486090505
20555,17.605043593884545
20556,21.8634644642295
20557,10.660000529625318
20558,12.933588236222059
20559,15.979058622591733
20560,18.756161178224183
20561,15.244690122606828
20562,15.370663360881768
20563,18.09205347182334
20564,17.292199637114827
20565,13.931616532379403
20566,20.110586850051043
20567,13.85360202807487
20568,15.24969165186421
20569,14.96117713922884
20570,19.0979378607461
20571,20.45580161630147
20572,17.959268086660323
20573,19.101756912342253
20574,15.845620017381338
20575,12.316369212145617
20576,13.951812862366745
20577,19.53520057087824
20578,12.041180809066022
20579,17.147752650142316
20580,17.852772433128855
20581,17.13762301931108
20582,17.22790238981012
20583,17.757046852038293
20584,18.737093609175552
20585,9.24926233242642
20586,15.447911776805762
20587,18.127447049502983
20588,16.61485529735028
20589,17.889095453564856
20590,12.792164197630997
20591,11.583325852691402
20592,16.162081176973622
20593,18.62183209016911
20594,20.39769946166284
20595,20.046930237932735
20596,19.457299042982648
20597,14.827264568366399
20598,20.42227785797298
20599,17.43130631379011
20600,20.21303696887319
20601,11.695274467080132
20602,17.911298337716925
20603,16.129850283112447
20604,19.741936215636244
20605,9.844905382905328
20606,15.533532628059358
20607,12.22156589546849
20608,15.902646522760277
20609,10.885646499686992
20610,14.471316522733135
20611,11.427492583573857
20612,14.04778306675633
20613,13.793266188743452
20614,11.22474403051628
20615,17.42581666358923
20616,9.826641753207559
20617,16.592621355564113
20618,16.76888729592102
20619,19.20188502451674
20620,15.875399354205372
20621,15.785814064272616
20622,18.137571047944554
20623,11.532771389355611
20624,16.06293109439554
20625,12.364987123868595
20626,10.689112750878566
20627,15.231154696818914
20628,15.315665951636044
20629,13.831136075735863
20630,14.166282509494446
20631,13.792160073921593
20632,16.1761510730136
20633,16.140710886999024
20634,22.183510464744934
20635,18.655800971918453
20636,16.020619069525885
20637,17.534806293948662
20638,24.15101047062273
20639,16.788535417545404
20640,18.201906500939785
20641,15.426014757550261
20642,10.735301759721862
20643,19.21338768716165
20644,12.356560621000433
20645,16.62915017901137
20646,12.56543345093365
20647,17.952710108836598
20648,10.338719442617343
20649,16.08669702318945
20650,17.80922149060919
20651,13.525421461971536
20652,17.123570683344976
20653,19.44285221528566
20654,13.210520123735957
20655,11.977373521435492
20656,14.457350764107982
20657,20.248134411339684
20658,12.597045564767072
20659,17.156895461563842
20660,10.773950378438634
20661,13.428173308322993
20662,12.370000149517
20663,19.31515741742365
20664,12.56980670931096
20665,19.792982272524924
20666,19.215501925921632
20667,16.490938779813614
20668,14.641139112246295
20669,16.820425142232963
20670,12.524975428097942
20671,19.21502563126432
20672,11.846664932292608
20673,21.694911374067214
20674,17.70435470580283
20675,11.427987958320767
20676,17.980363077913914
20677,17.235828800307495
20678,18.384812267603948
20679,14.618705479769575
20680,18.59951036018373
20681,18.024582611452743
20682,14.22761411574813
20683,12.170169212647581
20684,11.205865547639572
20685,10.605157937018127
20686,11.772612212531147
20687,16.40508281479071
20688,14.968877070799063
20689,15.858063445665191
20690,14.654630070198428
20691,12.989746280711348
20692,14.514369125882384
20693,16.465857330736547
20694,18.6025905354579
20695,15.950703692140257
20696,16.740595251295172
20697,14.014456956940064
20698,10.217744536273926
20699,17.3749298519435
20700,18.23856855847933
20701,19.25646419835951
20702,14.591256669243126
20703,19.806633314684532
20704,16.533593286544743
20705,9.420198131048306
20706,22.122803003545883
20707,16.195494234124517
20708,15.593561313597528
20709,9.88810863908515
20710,13.670237842320558
20711,13.101068966415655
20712,23.207168267313662
20713,21.426367209484205
20714,18.882644841367608
20715,20.51298927850505
20716,16.142844283933357
20717,20.32459880115274
20718,16.922385698197594
20719,12.851070250834667
20720,17.195753653451618
20721,15.66695388679531
20722,17.154055111599387
20723,18.003317641691666
20724,17.332765571439644
20725,8.604866464931508
20726,11.52505018536401
20727,14.62166033253256
20728,16.383342702634323
20729,17.602609420291166
20730,15.720155660821149
20731,11.003297932734947
20732,15.499479229329074
20733,11.493499916611917
20734,15.594214113981986
20735,12.563345258693717
20736,10.09074194249078
20737,17.97905799893764
20738,13.993160370874033
20739,14.312737727813024
20740,14.760911796858574
20741,15.76198714657381
20742,25.202513476976144
20743,15.73022897615032
20744,17.681937419324424
20745,20.736469903139998
20746,13.802154123521827
20747,20.87769949871717
20748,16.050489897235458
20749,14.790194435203214
20750,15.784942765300178
20751,17.787041850390125
20752,12.107438576594527
20753,21.182498911631097
20754,14.159519363511361
20755,14.48856656305078
20756,13.547794083074756
20757,9.900803061447434
20758,11.747100752245402
20759,9.937914942673373
20760,15.333961756725598
20761,15.189973822904443
20762,11.904728477420372
20763,14.763781812118683
20764,14.643851478852527
20765,14.311550907231945
20766,13.35830432242856
20767,21.12326204464921
20768,17.29860529911108
20769,15.954471587042265
20770,14.415744551848647
20771,10.89746986266903
20772,16.352125046432366
20773,16.117165686756017
20774,14.945564652788596
20775,14.756016738122396
20776,17.63520264319416
20777,18.575209940243305
20778,13.542347936181432
20779,11.705600588033482
20780,11.535593705260752
20781,9.339314100059802
20782,12.666191568126749
20783,20.090692331875346
20784,13.692146659617887
20785,15.38263427780431
20786,9.09318048487567
20787,18.53175432785722
20788,14.294167108167812
20789,14.847739366890396
20790,18.201737594426902
20791,15.49332960909267
20792,12.91356603298875
20793,18.96785066927209
20794,10.343428280549091
20795,10.208298031671543
20796,13.148960528130841
20797,10.3709765394992
20798,19.414997000031462
20799,13.863363737875932
20800,20.149613031422902
20801,14.38449225052808
20802,16.18071392649481
20803,21.36338315329359
20804,14.13740477328252
20805,17.7743935351347
20806,16.89493090814424
20807,11.76150667321859
20808,8.522406510290748
20809,11.855855321684416
20810,17.414640377206382
20811,15.098295634074612
20812,13.18299558435314
20813,15.50888094567086
20814,17.413989420450065
20815,14.387103178396574
20816,20.225328712609368
20817,15.140816324306723
20818,11.842697727912277
20819,18.76837403628145
20820,19.959100083682607
20821,17.16635089997965
20822,13.832542868257516
20823,18.16513388143064
20824,17.4340745818403
20825,14.454144554331908
20826,13.203620033945132
20827,12.987049315232957
20828,9.72016660739697
20829,16.345397072495082
20830,18.126919089589116
20831,18.166257826075267
20832,15.019734262440531
20833,12.098870248810066
20834,21.453801201211174
20835,15.620645154159348
20836,18.36180684124369
20837,14.355655483997452
20838,19.124407767334166
20839,10.64451434612408
20840,17.32324286438081
20841,12.810578984481035
20842,14.294896560431496
20843,16.366837332437655
20844,12.467530424126334
20845,13.373823909251847
20846,14.796663915061242
20847,14.338632172125065
20848,15.217876050632517
20849,20.30635847685886
20850,15.439385251769496
20851,10.681405643705437
20852,19.505707890522167
20853,18.702292678273842
20854,15.311833424880223
20855,18.217896170422854
20856,18.509640619167506
20857,16.71616131769612
20858,15.576331671183045
20859,15.438215945942588
20860,17.122215447717693
20861,20.532627254501286
20862,15.450290778597433
20863,16.431151196512843
20864,19.339554347623213
20865,15.629870365243773
20866,15.898875417179237
20867,17.069110004068612
20868,17.574592366219104
20869,14.737919122836256
20870,15.336973933140785
20871,21.802086891069237
20872,15.886526814340408
20873,16.749769872893225
20874,14.512455305084766
20875,13.855964635164092
20876,13.025268185757575
20877,20.326176865901168
20878,14.845357573937614
20879,14.3859637679623
20880,17.502251823384142
20881,15.68775875953507
20882,16.461257593181543
20883,20.81849657039188
20884,15.044414948559687
20885,17.38326764977886
20886,12.701815753099709
20887,15.5272445222722
20888,13.31590965265176
20889,14.467596324662876
20890,8.325715369813668
20891,14.323058208960164
20892,20.357004370352357
20893,20.17254956714317
20894,18.818493324963185
20895,14.675783226072097
20896,16.630765794607676
20897,16.536458305694183
20898,16.59310085759265
20899,19.878171568505955
20900,16.30384670178926
20901,20.059121287544627
20902,15.35035466800089
20903,19.311776648495076
20904,16.151182759564755
20905,16.355632799273657
20906,13.444594537161429
20907,18.798200096784818
20908,9.663667529835152
20909,17.203952197175752
20910,20.882027991938266
20911,12.200465927682952
20912,16.820255558216072
20913,15.761884069535048
20914,12.795129084107847
20915,17.493057587346065
20916,18.369145217081297
20917,13.974411195287955
20918,17.11982204560727
20919,15.240207471313155
20920,18.57524776338331
20921,17.77128594700811
20922,13.009812459781935
20923,11.685723038332885
20924,13.347047629585283
20925,15.389133979442972
20926,16.667812138768085
20927,11.479390215552343
20928,12.671768788839513
20929,14.737911451545259
20930,20.89164398705115
20931,17.056672555493734
20932,15.039392090025016
20933,17.438355491569638
20934,16.88544204799827
20935,14.327879028306176
20936,19.796935034974556
20937,12.236677107458426
20938,12.62344695914004
20939,13.347877676173296
20940,16.672300537082172
20941,15.98033197993042
20942,15.966401548487779
20943,14.626783423843825
20944,12.993803278069157
20945,17.98000710853157
20946,16.91989627532513
20947,11.828714241204727
20948,17.86994647013505
20949,15.815704232032866
20950,15.506589232109066
20951,17.83943390480259
20952,14.509979847101688
20953,19.610121897610433
20954,15.051018313520354
20955,20.711302898471757
20956,15.321125734330833
20957,12.847723155431227
20958,11.150632352233888
20959,10.749985234274034
20960,18.587286325702905
20961,12.695831323144786
20962,15.685768055647438
20963,11.5956330609339
20964,20.58731948172987
20965,14.424202366098145
20966,15.157854111623669
20967,11.30884531740507
20968,9.751183894601603
20969,11.162603048006895
20970,15.283278680825386
20971,10.703910385275169
20972,14.004390406200299
20973,13.834878135043637
20974,18.03783232860586
20975,12.811236715768093
20976,9.398420493052194
20977,12.117666853420097
20978,16.130468111460942
20979,8.401106206713687
20980,13.377165119364685
20981,10.163220398457995
20982,21.784070160669366
20983,16.21196121119805
20984,16.691535546337015
20985,11.480305578158806
20986,17.161714767215166
20987,10.101597776318693
20988,16.597777459603662
20989,13.03546515486197
20990,13.89936502012019
20991,20.379450957302176
20992,13.493978760380914
20993,14.235080792339563
20994,12.079685286185674
20995,18.433992761494324
20996,13.448481624477344
20997,12.491226555937823
20998,9.184770738107705
20999,17.99059753787116
21000,17.504395888872438
21001,21.60848272195784
21002,15.328702037264309
21003,11.70935590285842
21004,15.033623584065468
21005,13.00430752431119
21006,10.507091981609456
21007,9.955146271167894
21008,11.794541236074634
21009,15.663821151741798
21010,18.125106400550102
21011,17.119358216806955
21012,11.981041714970662
21013,14.645863753979922
21014,14.098104775290865
21015,17.688056207989376
21016,11.845954468574035
21017,15.507342527678238
21018,16.308187067959402
21019,16.7291470297749
21020,14.641620857922229
21021,17.563600786212504
21022,19.971257932648594
21023,17.412003767221222
21024,14.619734660744024
21025,10.461884919819397
21026,12.168536573346545
21027,12.391381332306196
21028,17.265978900643432
21029,12.255914195067342
21030,16.760555800104704
21031,13.84542795011949
21032,13.428780374234186
21033,19.370782269200284
21034,12.162602878272915
21035,16.829395930993137
21036,13.831769208468755
21037,20.794969200120597
21038,13.762105621846086
21039,13.157793219108763
21040,16.235672926755555
21041,19.491416741624484
21042,19.90707842699274
21043,21.09909841882812
21044,12.369277510083204
21045,14.487431645294748
21046,10.905990014199961
21047,11.837677567220254
21048,19.710296020847395
21049,12.207335202229748
21050,22.186848284424578
21051,18.610293195181008
21052,20.63911512813597
21053,15.641924929614104
21054,20.012988286627348
21055,12.322044517158115
21056,16.940986974772436
21057,16.480560037298822
21058,12.348494720769565
21059,12.596332481343806
21060,20.71608254066372
21061,23.01102603698937
21062,11.00128169918221
21063,19.359799125352907
21064,20.89739151998421
21065,18.347195063908504
21066,23.645622524622176
21067,13.268850251844544
21068,14.414920306034206
21069,14.307302864351106
21070,19.960603587736003
21071,10.617444157486585
21072,17.708334405977617
21073,21.068588785924035
21074,19.18573641354334
21075,14.181297542060948
21076,17.7020933818803
21077,10.618415800490446
21078,13.027361104756336
21079,10.65529364955688
21080,15.427547007983076
21081,13.023843148967037
21082,22.079554665499877
21083,19.6759336086508
21084,15.934543522933073
21085,21.78426873350545
21086,13.827139423549717
21087,14.460691448103276
21088,17.567457236858168
21089,16.756408326231973
21090,14.128835517406003
21091,13.172215550168673
21092,10.437582972756436
21093,17.86709731036006
21094,11.208613101745396
21095,21.593897595265403
21096,14.334646170947371
21097,15.099500698730457
21098,15.013845979333174
21099,18.492191623762743
21100,14.805332117722905
21101,12.172050586913334
21102,16.24016923361191
21103,16.644003030210136
21104,10.638301386499496
21105,15.810965158288253
21106,21.713714819052875
21107,18.34632026286159
21108,10.709295628237115
21109,13.685283774702102
21110,19.204839024940057
21111,15.9750639503022
21112,20.154998252506104
21113,12.896006015802513
21114,16.125315749887584
21115,12.848602474423913
21116,12.21230155554977
21117,19.54749524062141
21118,19.273913722536008
21119,18.886852420314163
21120,12.777500887777677
21121,23.049540046416197
21122,21.038437104061003
21123,18.40853950122954
21124,12.571539162254638
21125,15.389938182667017
21126,18.430331003182307
21127,10.82134714376718
21128,11.629541707775504
21129,16.51368723236206
21130,13.512058929786834
21131,17.718211793858273
21132,10.074881248040546
21133,18.36782599658701
21134,14.673596261831948
21135,11.326171722697252
21136,15.137613670049278
21137,15.054150546223772
21138,14.406500480774836
21139,20.259767303152053
21140,13.757377307707719
21141,19.32774268611663
21142,14.284756001010503
21143,13.06306155749064
21144,11.00945584479625
21145,13.74923407516659
21146,13.347565899014974
21147,17.332326237697465
21148,20.363340592537664
21149,10.086226470669754
21150,17.6664361969001
21151,18.473760969400374
21152,22.154823049023577
21153,16.068458650659686
21154,17.62450971424132
21155,15.29671754269843
21156,18.136036382272245
21157,15.213344861813873
21158,17.46723936023816
21159,16.281781313876973
21160,15.285266643387052
21161,11.195068217914352
21162,10.109681995214233
21163,16.64986363284664
21164,21.333950439100988
21165,14.748609241768206
21166,15.949309993316149
21167,10.405314679540357
21168,13.327599375485882
21169,16.96659778447213
21170,16.525188344519513
21171,11.370018727286151
21172,17.719199745859058
21173,11.628465744736221
21174,17.885787966366355
21175,20.22769610572058
21176,10.12129511980261
21177,17.71302514389859
21178,14.398288156297161
21179,16.03348745850471
21180,12.7748086806007
21181,14.596221328225273
21182,16.733376270063108
21183,20.030108571766775
21184,17.853872227414072
21185,9.821660854328124
21186,11.362628723976876
21187,11.40993654524499
21188,12.896945397877772
21189,14.581217506421897
21190,24.537014116764084
21191,19.550950290980253
21192,16.1759567767768
21193,16.22568427421854
21194,18.906003970117503
21195,20.009635022746806
21196,12.278124050703141
21197,12.2749100051136
21198,15.699707485025575
21199,19.220251759691806
21200,15.188323367722434
21201,14.0706076942426
21202,14.17354239009896
21203,13.823996103339438
21204,14.234261609940296
21205,13.45422546288699
21206,18.43291050003395
21207,15.986162897631429
21208,16.01762840557175
21209,16.697178857161653
21210,17.759611725427188
21211,20.790821077454886
21212,12.672538619312538
21213,11.822103906757953
21214,15.512989761628793
21215,23.60067834711854
21216,9.097967489516215
21217,17.394250342410643
21218,13.285958602482257
21219,16.241452332163636
21220,12.12912975519939
21221,22.726491703665076
21222,16.403205489907464
21223,21.482227328025417
21224,12.809292277656548
21225,12.691033878812691
21226,13.366126940610036
21227,19.801429969620262
21228,14.832176477586033
21229,18.404383003393335
21230,17.94536300898686
21231,14.27247955152947
21232,20.428348009908497
21233,16.873958673702248
21234,13.341840937870293
21235,15.26512751835411
21236,15.385702407186631
21237,20.437939396702248
21238,18.119866644464913
21239,16.07313529904679
21240,10.785286802945006
21241,11.16182240048554
21242,17.59207179461896
21243,17.43352796663119
21244,16.59314145472736
21245,13.951175055727374
21246,12.919455510017908
21247,15.193231682419055
21248,18.623780247637477
21249,12.015709412673186
21250,14.182592231745808
21251,11.144235336745922
21252,14.572917869420193
21253,16.62662116614195
21254,15.806302506721748
21255,16.127360339302086
21256,8.219962865819333
21257,18.557746416089103
21258,15.28956707656499
21259,13.46191097959461
21260,12.563965847547177
21261,16.883440562184653
21262,15.648318539839819
21263,12.128834855309742
21264,10.421481427934854
21265,13.023807087306679
21266,20.599468770843163
21267,10.818095685162778
21268,14.075755478544847
21269,19.45068738435605
21270,19.065570501071143
21271,9.693870585054292
21272,11.343505659603357
21273,13.079554932825122
21274,18.183051422875216
21275,21.16450038748112
21276,11.672838412466898
21277,17.673832747754155
21278,9.140802917296922
21279,17.767941227043096
21280,23.206329794986857
21281,14.715234022101495
21282,15.264653054903242
21283,15.938287172670716
21284,11.522499500813794
21285,19.303085448725398
21286,17.28504561989734
21287,15.117551688683685
21288,13.917290787360628
21289,13.652479411805114
21290,13.980201399912987
21291,17.17125460732624
21292,18.987959728390216
21293,16.691850031475738
21294,12.924522592668875
21295,13.59011437282395
21296,13.421502188162581
21297,15.422036440736209
21298,16.41055714589946
21299,11.712086742421489
21300,15.614366673569386
21301,15.274547829095132
21302,17.667624385403165
21303,16.05288024844443
21304,15.330823771380834
21305,23.315549491188378
21306,17.637202522174107
21307,20.70618037648311
21308,21.295571587920847
21309,11.977363657817657
21310,23.30518402485354
21311,16.710007529765107
21312,22.7649565532247
21313,15.378975321999892
21314,13.208047955232288
21315,11.265825020704497
21316,16.482256168447876
21317,18.47526000919518
21318,18.35081991646668
21319,17.953865284472307
21320,15.304255364066135
21321,17.16603943304787
21322,15.635288388593972
21323,11.939407207879585
21324,15.317106099182256
21325,18.89666035177045
21326,17.302278262917334
21327,15.630302279782043
21328,16.145329427514802
21329,10.000956446873854
21330,16.878250096718865
21331,17.909655043456162
21332,16.895715502281135
21333,10.226121467882333
21334,21.64339874885298
21335,11.467282322836606
21336,22.242335782354296
21337,14.67372138975099
21338,15.041502324853523
21339,11.350780244363296
21340,19.667623998582187
21341,24.004707259548944
21342,10.925124274365421
21343,12.737371417243693
21344,17.328219513503072
21345,21.62082230693708
21346,17.05338220798631
21347,11.970392318514385
21348,14.13968244826212
21349,14.71509388564449
21350,9.939597556256675
21351,18.785424789811437
21352,15.210196467718388
21353,20.04935753342768
21354,15.155346783714984
21355,14.789858265260113
21356,12.644448411019006
21357,13.337896740298593
21358,18.204906097903134
21359,10.94541358504941
21360,16.778725817701016
21361,12.558351936227188
21362,15.483216524538362
21363,16.52459168798915
21364,9.04960068391823
21365,12.023613475839934
21366,13.395849721448245
21367,18.466968619917374
21368,12.581359328045892
21369,13.392462362390456
21370,17.491847936242504
21371,12.004381349440191
21372,17.81358623846869
21373,18.242505654778704
21374,16.79063113885669
21375,13.087931849595297
21376,9.205253948139557
21377,14.46056499117711
21378,13.504465176369209
21379,11.593862870632293
21380,15.196467728252536
21381,16.9007423024392
21382,11.026086148465206
21383,15.641140391048904
21384,19.78808209938608
21385,12.917109968907177
21386,14.46978184038404
21387,14.25548261107279
21388,13.582996240820066
21389,16.609083263812394
21390,18.067363999831514
21391,11.703460549138178
21392,17.63390911820948
21393,22.575924645019732
21394,23.341499332233354
21395,10.664438113588243
21396,12.27698948042638
21397,13.354251723740228
21398,16.05036529412017
21399,17.098302621319426
21400,11.514998663712815
21401,15.135271514639829
21402,20.91130581134226
21403,21.092339255687502
21404,16.330926425877713
21405,23.208652633791672
21406,13.174424560647783
21407,15.377449415980252
21408,13.662161361827616
21409,17.634036487970892
21410,19.150817092464827
21411,18.192472457543282
21412,10.546074658952406
21413,14.227034595557408
21414,9.357743184787397
21415,13.230247299067045
21416,14.750900596118056
21417,20.21058571623699
21418,15.279853397507702
21419,14.307142417840277
21420,18.355195231101945
21421,15.784546656752498
21422,10.732681509557796
21423,18.384442934630165
21424,15.073991328513758
21425,16.511421104854378
21426,13.678553864704849
21427,16.192660230283728
21428,14.678841266968517
21429,11.242998804004163
21430,10.120492075101405
21431,17.694085982060148
21432,21.04962377728424
21433,12.203864144921917
21434,20.613126799430695
21435,18.046777719310903
21436,16.675935992576953
21437,15.502310822372488
21438,16.7577266062105
21439,15.532244380679044
21440,13.780106674573815
21441,15.033833009484564
21442,21.208965434260072
21443,11.879589613585186
21444,7.953036530053488
21445,15.496428071367868
21446,12.63546783039188
21447,16.525574042477707
21448,14.197566051858258
21449,19.552093012228312
21450,15.902401982984562
21451,16.949349897440058
21452,14.697008463919104
21453,12.058544316500754
21454,15.679904305454858
21455,15.848027305974712
21456,16.24042922620997
21457,16.217589271367856
21458,11.62004775303269
21459,12.486817834647786
21460,17.647526522770086
21461,13.667153603628286
21462,18.877865482664312
21463,11.587359540066346
21464,12.51812879894149
21465,17.11999984044195
21466,14.587132398654452
21467,16.17713257578672
21468,16.74779041385736
21469,14.371642685987197
21470,16.536998011257843
21471,14.114453525737629
21472,11.455511894957972
21473,19.468156501198933
21474,10.774559117087978
21475,15.923156998372125
21476,12.116466932033887
21477,12.36695655488928
21478,14.575905080538593
21479,17.240766242245094
21480,15.460663194186933
21481,14.790755699818943
21482,18.346879715446192
21483,14.097965307526382
21484,13.876163668625283
21485,19.9336559174212
21486,16.32840551744421
21487,10.78003500169209
21488,16.223086847538077
21489,18.122673028351358
21490,9.984588824279525
21491,14.581069511953583
21492,12.046271737836332
21493,16.68799465308833
21494,14.071793118808458
21495,16.083993159863503
21496,18.38181498718763
21497,16.58869542132922
21498,19.80250438285961
21499,12.952637989526373
21500,16.02105163057025
21501,19.46062740113605
21502,19.59078212584471
21503,16.307160486564285
21504,16.827503971216167
21505,14.7428563389992
21506,15.136529890360672
21507,15.461852610852553
21508,10.27132388447258
21509,13.950892704096036
21510,24.036964200045986
21511,14.630398364503815
21512,20.069127612375503
21513,12.969027570641957
21514,12.847772163092982
21515,16.319658959576607
21516,18.94434059570913
21517,15.243204969501862
21518,17.382964897668963
21519,13.817096631841501
21520,18.39612908966639
21521,16.878632932735776
21522,17.55466102370508
21523,18.401340606059243
21524,12.284491874219258
21525,19.831791074148143
21526,22.25477349859537
21527,9.952735942021107
21528,21.354839753743768
21529,20.917498916378293
21530,14.316974558129008
21531,13.769212679308122
21532,17.132369476681426
21533,22.028983889891855
21534,10.561224272701118
21535,14.476052023021639
21536,13.693977213597115
21537,13.765015462405355
21538,14.5215368493371
21539,12.746145673355313
21540,20.69954824833342
21541,14.400918785478657
21542,15.361063575627837
21543,14.446974220625954
21544,15.349199840383465
21545,9.179432226397722
21546,13.533459208742842
21547,13.381243595740415
21548,17.073067668757453
21549,18.833357270578006
21550,10.726666058395207
21551,17.814144164035024
21552,15.513882580042523
21553,16.96825143939747
21554,14.64852474088441
21555,16.487097652864982
21556,17.399693879326577
21557,10.211763939499455
21558,16.363789749610106
21559,16.859829346825208
21560,16.498786048904968
21561,13.070286427110638
21562,18.601540417266392
21563,12.259792198463032
21564,14.171458650976502
21565,11.582970765237386
21566,20.75836394742675
21567,15.924013024616615
21568,11.030654927853215
21569,12.45997623297142
21570,12.458055342770628
21571,16.166993269612853
21572,15.852419201955518
21573,21.43418587551625
21574,18.684993531950987
21575,14.86808914994987
21576,12.619675034406514
21577,18.477041891776665
21578,14.178164055747787
21579,12.064375891110842
21580,8.790939036445748
21581,20.868383654195334
21582,16.247839372385243
21583,18.170705546046356
21584,15.439379143919234
21585,13.79711041501109
21586,22.76977274526395
21587,14.8294199038324
21588,17.93002868195984
21589,13.793440291524636
21590,16.93431809626209
21591,14.536044012938648
21592,9.466623420575273
21593,19.784919858392236
21594,20.31928448265989
21595,18.384903404254736
21596,18.53577579187586
21597,14.70066633538338
21598,20.6427125773507
21599,12.495455332287463
21600,16.1122282179742
21601,13.00764530657017
21602,16.933074095251925
21603,17.713057963969028
21604,12.281713671528214
21605,20.797075093891046
21606,14.63435544054952
21607,15.987483890377591
21608,8.852141731498723
21609,11.043042665287825
21610,16.4633878466662
21611,16.547758401485062
21612,7.952794092969036
21613,14.944553995617753
21614,16.063483919997367
21615,19.53219718714361
21616,15.86060250924984
21617,15.533574401328336
21618,15.707537868566492
21619,19.901575804800054
21620,13.286557926917165
21621,18.135201914558444
21622,16.64753476192363
21623,18.56301574144527
21624,19.819847705317606
21625,18.47250722877164
21626,20.056014056990207
21627,10.213666235175875
21628,14.113179821177384
21629,15.004334390111435
21630,17.0762569599908
21631,19.44150845301717
21632,16.60267258907113
21633,17.604792911574492
21634,21.439944572049193
21635,15.544667597944606
21636,20.34378974846078
21637,17.941453746370286
21638,10.578426795407417
21639,16.423948884729633
21640,13.606044360609324
21641,20.80748513195688
21642,16.441217621349033
21643,11.77384394545171
21644,21.775272416585473
21645,16.82168705439699
21646,12.126880862858844
21647,16.45736784610131
21648,19.147637613263463
21649,12.781960502448827
21650,21.08759796248914
21651,15.894220821522401
21652,16.551299139033386
21653,13.459054614967316
21654,15.117768404363396
21655,21.585757781148203
21656,13.384412196117264
21657,8.721310959418652
21658,9.05147234637257
21659,15.764015246300339
21660,17.404900885957957
21661,14.737279569090743
21662,15.165300219211213
21663,15.653115411223023
21664,22.150418229321218
21665,21.783228050054312
21666,17.737859154894892
21667,15.514941399029238
21668,10.114291434879068
21669,14.729981445218018
21670,17.621646733374696
21671,12.970184004298766
21672,21.886814722204917
21673,10.351227643963714
21674,16.47870373282511
21675,18.189793307678606
21676,15.281261620884715
21677,19.484229756265258
21678,20.86383668706775
21679,15.157059504042712
21680,20.412597528924195
21681,21.65593217901144
21682,19.87365023585855
21683,10.011455423463463
21684,19.066470480020286
21685,18.27345651721692
21686,12.98096424358157
21687,10.42465881416876
21688,16.89641998542703
21689,17.37175902955378
21690,15.870795094451763
21691,14.348311546081801
21692,22.317466551055972
21693,14.170994295370948
21694,15.365559682421814
21695,16.07927603156632
21696,12.660546059359557
21697,20.075573970082218
21698,15.716329839959089
21699,12.213450665711086
21700,17.17897771205668
21701,14.400571176755353
21702,18.744377183242392
21703,10.740922757314426
21704,18.302480603430787
21705,14.536325401325296
21706,15.391906600889593
21707,16.193228227530405
21708,10.268079799260867
21709,18.107234477681786
21710,22.954254574978393
21711,17.00012117926531
21712,9.72771662679045
21713,10.824552798837203
21714,11.42295065620485
21715,13.478201679054296
21716,12.491143125262905
21717,11.185802452790753
21718,10.824298340417442
21719,11.810577235881526
21720,14.046073660438116
21721,17.248820775113956
21722,13.90803951356278
21723,16.508433773132886
21724,16.275511115304624
21725,12.829972928769138
21726,17.597769955091465
21727,17.742601412839413
21728,10.138805786024252
21729,9.926391111532386
21730,15.925793468972643
21731,15.49240098249468
21732,20.230145087502024
21733,12.265829288793132
21734,10.401539184534407
21735,19.03289754829334
21736,16.431028929807034
21737,17.566327333211525
21738,10.526890535740044
21739,15.046741548459904
21740,15.189170634013804
21741,18.71964533410472
21742,21.44584211908158
21743,10.49578183863356
21744,13.215779634121198
21745,22.389637934332654
21746,18.647171066973478
21747,18.267188611406986
21748,16.187055361595164
21749,14.38183779835067
21750,20.656216417207773
21751,19.850528318178355
21752,15.82995741965436
21753,13.483198980727195
21754,16.168085883997612
21755,14.48141054637746
21756,13.122259826399425
21757,15.269038440031727
21758,17.81442138523444
21759,16.35651750600981
21760,16.089236251167257
21761,18.244873342245633
21762,20.509695564801135
21763,16.07316148656383
21764,22.14930433166211
21765,17.99921039138171
21766,15.626254228226074
21767,14.835793501659612
21768,14.361745186110216
21769,8.107180818138048
21770,21.40240645683189
21771,14.001213926694268
21772,22.208516888570422
21773,18.76305321425606
21774,17.02616000431008
21775,17.053874710191923
21776,18.735852515445742
21777,12.463083432232516
21778,21.11273037159783
21779,10.893196499011516
21780,13.020384450963295
21781,21.44182148634816
21782,13.728517195742114
21783,14.705857253256834
21784,18.353571260673547
21785,18.692224962780738
21786,17.339949072316465
21787,8.791027506999725
21788,8.893480858845408
21789,14.439206555790797
21790,9.590483392013976
21791,11.570081739999
21792,12.646732482283765
21793,11.351757825523737
21794,16.241975846226122
21795,16.137740540479093
21796,13.453276473216544
21797,18.28343241242562
21798,16.570984204609108
21799,19.363418971597376
21800,19.645728500390845
21801,17.6756589259658
21802,17.716602600136362
21803,15.139729628649446
21804,18.07921310450194
21805,17.921475836533013
21806,19.879164481747818
21807,16.54328962445204
21808,17.86682476788492
21809,14.840312843512477
21810,13.808549521444068
21811,11.442988208796336
21812,19.485080208594056
21813,14.794202587676276
21814,20.139932930511264
21815,17.871467826629363
21816,14.67184338722632
21817,19.53713287671158
21818,15.621350300992138
21819,12.623437725094151
21820,16.72755473946078
21821,10.278981374792863
21822,15.102055868387085
21823,14.359996115879573
21824,17.318003814970965
21825,17.48045980145789
21826,17.362098570857224
21827,13.603421359104813
21828,20.238185798278966
21829,16.9954461047799
21830,16.322954670244002
21831,15.943399478509134
21832,15.584607088366562
21833,16.856773293080185
21834,11.385633877571344
21835,18.85746570522941
21836,21.106028334927743
21837,13.73008474447026
21838,11.503004915568393
21839,17.055942782907103
21840,9.769682434821556
21841,16.999676963296757
21842,19.23557957288251
21843,15.020037767721623
21844,11.406566388512498
21845,13.778933913953997
21846,18.471694000476347
21847,18.20990211553402
21848,12.865077259438717
21849,15.898316314790753
21850,17.02250044812118
21851,13.649323793191938
21852,9.239463271933593
21853,10.35608461186502
21854,13.003429209402519
21855,11.731779795372631
21856,16.98544413989977
21857,16.186415842128305
21858,18.650956624586232
21859,8.978073959616708
21860,13.905528112209609
21861,16.52452120209528
21862,13.917709991208921
21863,12.339225884947128
21864,17.46147966194509
21865,13.219299940482289
21866,10.899654894761074
21867,14.742290909284838
21868,16.287572560550657
21869,16.294632949116462
21870,16.013158324305643
21871,11.197236359715484
21872,16.72000984589973
21873,12.25174595079345
21874,14.292024501506564
21875,14.234885342439059
21876,13.611711770181104
21877,19.688678821842096
21878,20.92617594233269
21879,9.524717507644661
21880,13.755897160544757
21881,8.482477187936956
21882,20.715413676642605
21883,18.25490245270969
21884,11.97199615234603
21885,21.277560008890557
21886,15.485033114209505
21887,12.359590498685105
21888,21.330351991548927
21889,12.64854342291726
21890,20.236207006018873
21891,11.712843143959072
21892,19.10117534840007
21893,21.51281943104276
21894,14.520085883903928
21895,18.164853972085304
21896,16.630788054130555
21897,19.53142346256714
21898,15.397683968793539
21899,19.195309709223
21900,17.022504511095214
21901,12.961160670423695
21902,18.15221905613206
21903,15.86504379128746
21904,15.415968073104032
21905,14.053093424753088
21906,11.140557926742058
21907,14.223365251668197
21908,12.92111145001456
21909,13.635454624769949
21910,11.380543202342754
21911,21.169835238146035
21912,21.4654943841712
21913,20.385564044709064
21914,17.11618770544967
21915,8.408978144187891
21916,21.316840587013175
21917,19.36517768978353
21918,13.930193537857916
21919,18.189410836960164
21920,13.191581929850297
21921,15.660202715292547
21922,19.197476286621836
21923,16.717989330380785
21924,14.870814538997756
21925,16.004625510775178
21926,10.945502237385389
21927,18.144179453171514
21928,14.471610423160174
21929,16.4777957841984
21930,10.258645592943125
21931,17.14659384316495
21932,13.26233575778911
21933,15.505638625085325
21934,16.292984305910515
21935,13.603703767716931
21936,17.37415384828809
21937,14.758436190417966
21938,18.04358466980274
21939,15.871378498650424
21940,21.85931055168267
21941,11.586271813537511
21942,17.516159592348426
21943,15.184526522399848
21944,11.173704723795609
21945,10.70718493474542
21946,21.370211389143705
21947,16.54884802709479
21948,15.433755110067974
21949,11.461939957426136
21950,12.600394982011865
21951,17.56313207240302
21952,21.685679169768612
21953,15.434286517347381
21954,15.975071223569875
21955,16.794639591827096
21956,9.805323442527929
21957,14.367441140133495
21958,16.524028897514484
21959,15.872620550432487
21960,12.497271387434488
21961,18.25425253213878
21962,11.299922987971005
21963,17.07351035601291
21964,21.79235783362482
21965,16.765628941905067
21966,11.437393308245719
21967,11.752232860896404
21968,17.393336119411487
21969,11.310479410671157
21970,20.764858198786985
21971,15.699602210476826
21972,15.26318693978907
21973,11.945751107228336
21974,13.384358583291359
21975,16.224910216743492
21976,12.869294890920465
21977,16.66834508329633
21978,23.16323429455384
21979,10.421966854605996
21980,14.548812495531871
21981,19.229872096728066
21982,12.055671875168983
21983,18.826926351320495
21984,15.63975718513275
21985,8.817258213179993
21986,18.238989341467544
21987,12.42231329123718
21988,16.150018404136695
21989,16.183365167126173
21990,23.11519937620173
21991,19.672357861729513
21992,18.70180011483142
21993,17.58061336571651
21994,18.91166994194871
21995,18.43774181217067
21996,18.944448056112357
21997,13.237377808722929
21998,18.124612488014755
21999,12.027120488763664
22000,18.00390811387271
22001,14.484975689800738
22002,11.624726533073185
22003,16.336144907637205
22004,10.968770956138027
22005,17.336103202484033
22006,17.065288425443185
22007,17.93331555436869
22008,11.24212992600302
22009,18.387401240384854
22010,11.842300670031891
22011,20.155441054043756
22012,12.606172111493823
22013,18.73089456025831
22014,14.239565703999604
22015,14.04010964383192
22016,13.846533307312187
22017,12.401097790843192
22018,12.844468157564286
22019,11.945456253621344
22020,16.458025717395373
22021,16.077799492457487
22022,19.862634610571845
22023,17.141124506170115
22024,22.96033691155523
22025,10.787656274839218
22026,15.866411794629812
22027,9.93563282775781
22028,22.50100203768892
22029,17.00649493474706
22030,14.113256705243826
22031,14.704175698916893
22032,16.63610663996117
22033,18.544476843504768
22034,15.786610255895317
22035,13.791354462212578
22036,12.655241123906823
22037,16.438860942132656
22038,12.790660427488074
22039,14.1538617975859
22040,11.862018836318416
22041,11.424265286614364
22042,11.472743158876238
22043,22.73674877949886
22044,18.289966289554307
22045,21.55494705342675
22046,20.794445592728238
22047,20.44039876444596
22048,16.487962270005237
22049,17.302596272242912
22050,14.167476205425382
22051,19.742825896773716
22052,21.146924761111883
22053,19.13916598149291
22054,19.127599263123876
22055,14.146248109136275
22056,14.59361626438872
22057,13.446672571971373
22058,10.617465218285268
22059,16.143530369818613
22060,10.439779153917954
22061,18.426211257232254
22062,22.068749979360277
22063,15.920040922672273
22064,22.375570257960078
22065,14.072677299511305
22066,17.007871670961055
22067,17.117256420250627
22068,14.430418757476442
22069,10.198726287433477
22070,11.764510040748998
22071,22.594963316112747
22072,13.370139580485858
22073,15.01715811449376
22074,21.049615021310426
22075,13.79419368142241
22076,16.807227838446614
22077,12.541713283881373
22078,8.086115820647024
22079,18.732110060184574
22080,15.525643970860223
22081,14.477107906887694
22082,14.392226215552569
22083,15.065938383263399
22084,14.106485635000945
22085,18.03918461899743
22086,13.256421419206516
22087,13.956239035474187
22088,22.100199752769015
22089,19.226182321268197
22090,15.815552718949244
22091,15.872100780248758
22092,13.940469466749954
22093,14.551240802750483
22094,14.18048391894179
22095,14.571338027014018
22096,10.48636246620409
22097,17.225940854588718
22098,14.993226479573444
22099,15.87181857876233
22100,12.699781041181275
22101,11.490425658662204
22102,13.434959202033848
22103,13.867430119868933
22104,11.430552452923122
22105,15.539544709618182
22106,16.19066415718259
22107,14.087823177148833
22108,11.810547802426138
22109,13.256098305127086
22110,17.189101402850348
22111,22.30514348515969
22112,13.823659669116438
22113,17.482328118589184
22114,18.051937005326593
22115,11.72161632974234
22116,16.032984247062025
22117,10.752477984472186
22118,21.02728583079621
22119,15.570595747532453
22120,19.35802829687945
22121,16.584907444397295
22122,15.690451600107044
22123,10.411324381983786
22124,14.284657636932742
22125,13.865871288105156
22126,16.554124243588966
22127,14.355502835986535
22128,15.63945834988241
22129,11.437190683063793
22130,11.13637242289118
22131,14.010562648337949
22132,22.034208047345857
22133,13.096640408046161
22134,15.169542472468002
22135,14.409441343505437
22136,17.323638486465747
22137,12.36583845485747
22138,17.570779190787405
22139,16.27307181829999
22140,16.429423896838944
22141,20.74707315628384
22142,13.467583931558114
22143,15.079777439579852
22144,15.91306220954605
22145,16.48536841865939
22146,12.477493611024755
22147,13.35572529198635
22148,14.827731146183694
22149,17.204161262770647
22150,11.396599921285226
22151,10.950811355525403
22152,21.37335891226281
22153,17.909402706865734
22154,11.857323049307947
22155,20.547970659148703
22156,13.709633399307503
22157,15.431895968260175
22158,22.470955181558608
22159,20.340831801608065
22160,11.925744298644688
22161,13.215990887988902
22162,14.221188263213685
22163,15.990051654960746
22164,12.496372105744946
22165,12.672554847037759
22166,18.837228542984
22167,18.330323101560772
22168,8.049154855682426
22169,15.184678865496585
22170,13.512080475101001
22171,16.947606460817813
22172,10.815441419363225
22173,17.775981765271247
22174,12.982006598087661
22175,13.100314035703247
22176,18.153753840588585
22177,14.955804804224469
22178,12.578616644085168
22179,13.904216887563928
22180,15.212965667160042
22181,13.107125673125225
22182,20.226473617185597
22183,18.036294198276757
22184,13.011075341365629
22185,20.080988615841328
22186,14.71595821083732
22187,12.572076659125118
22188,11.423191396737746
22189,18.66140651382041
22190,16.998788404867895
22191,17.513205964112895
22192,15.758015920837078
22193,13.215533890260216
22194,15.535928892465458
22195,21.01936429537399
22196,11.734519571360755
22197,17.25719371465557
22198,16.063898259776103
22199,20.476486821097215
22200,16.97064985007586
22201,16.303358009713463
22202,14.524524464266193
22203,14.810214204906456
22204,16.89659234616081
22205,16.768010552941945
22206,13.919731970738273
22207,20.090164669299426
22208,15.49612746206864
22209,10.193713129766497
22210,13.10663461082965
22211,8.79225020704849
22212,22.692501099103772
22213,13.248003838565547
22214,19.427047524788726
22215,18.67227914800812
22216,15.326448981808804
22217,13.085738087959504
22218,15.070360695303767
22219,23.417960162287272
22220,17.375956549854948
22221,16.817015481222178
22222,11.431818008142443
22223,15.067960726396661
22224,12.624953353630012
22225,12.867008330493276
22226,8.056057384580338
22227,14.282837807547715
22228,10.10088282280259
22229,13.37370372004286
22230,14.67400870456624
22231,11.45046786796011
22232,24.124782184050524
22233,17.336242990369538
22234,15.556502882737462
22235,12.10769112050777
22236,8.50324086747694
22237,14.3823302833219
22238,9.28436237313741
22239,13.416061326077665
22240,14.993830920505742
22241,12.140768331406464
22242,15.789129345350004
22243,15.906461672568172
22244,13.415625706352452
22245,17.058409185399093
22246,11.463985965963989
22247,12.51327002362271
22248,15.78324723168499
22249,15.774022319303445
22250,18.4047681156801
22251,12.374782896218885
22252,15.774877088738263
22253,13.971704421044429
22254,15.790398210240756
22255,14.668810370859521
22256,15.212651302322653
22257,23.226327716060077
22258,20.558142997695196
22259,12.71176832886162
22260,19.92385127136172
22261,22.80252822114872
22262,12.830081813591283
22263,21.58295173881603
22264,16.1908053646712
22265,15.84550648896869
22266,19.17027619619083
22267,13.931649111975906
22268,14.357735850308208
22269,13.97464841597477
22270,18.07598418715677
22271,16.065040330327562
22272,7.814075302642259
22273,17.027793093392603
22274,9.990811069035873
22275,14.159670981075458
22276,19.36297738713145
22277,15.961563208337957
22278,13.263142795519506
22279,12.753831123147876
22280,14.81182091931369
22281,19.72005828014875
22282,14.279354807381587
22283,16.686105636898922
22284,14.125590355584253
22285,14.880100374262598
22286,25.06260595957975
22287,12.60957167790001
22288,17.46211817429677
22289,17.831820055025226
22290,16.222565733925435
22291,16.981353184508663
22292,19.4685754695022
22293,16.68217836467695
22294,15.149796910587865
22295,12.627922200957428
22296,13.867995427613556
22297,22.764729382153654
22298,13.786593907866084
22299,17.51727470473053
22300,17.92932507716045
22301,13.984531885631933
22302,11.451760342227063
22303,19.01275104016767
22304,19.092697019801413
22305,14.497664194907987
22306,16.597482018362015
22307,14.78293800565885
22308,18.971308133657885
22309,23.32288365956132
22310,24.074771539888175
22311,14.807579972822598
22312,16.325620141616227
22313,13.503649427421824
22314,18.390409192925553
22315,12.274628830649192
22316,19.935739303575346
22317,17.28300710748139
22318,16.927706586996536
22319,12.65211641595495
22320,20.193813668895785
22321,17.88003563423953
22322,20.69667033039149
22323,19.21213588488572
22324,16.110104404196967
22325,15.480960397309689
22326,16.88751570471979
22327,12.655935275129192
22328,17.489593359824546
22329,22.68231362891533
22330,13.93798492833377
22331,17.37468697964772
22332,17.61894215412437
22333,16.527164133670226
22334,13.983628141859105
22335,16.349670027723995
22336,20.497692863281195
22337,13.974579750053346
22338,18.079813079220123
22339,14.093727935056238
22340,14.82748912996077
22341,12.91039601729531
22342,19.202689387156987
22343,17.67690943412733
22344,11.841860425685287
22345,14.88121681025192
22346,12.652949950753746
22347,20.443785999875217
22348,20.899978692829052
22349,15.665972339172134
22350,17.889401207322855
22351,13.519919152939599
22352,16.060283679036395
22353,25.035354966941888
22354,15.095568237040885
22355,13.69512278638102
22356,15.094661738623616
22357,12.318539455815625
22358,13.652339337918745
22359,13.701592304765498
22360,13.145626683028155
22361,15.175233824578417
22362,16.381507877332815
22363,21.89177584241461
22364,14.819295645201864
22365,10.314205688600929
22366,18.341469532900653
22367,14.316948258657685
22368,20.466093872812642
22369,15.245851037948686
22370,14.572391431240012
22371,17.849693601138522
22372,19.87996992368427
22373,12.040778580066876
22374,13.664505773497309
22375,18.971333304376095
22376,16.375589173929413
22377,10.183682975685443
22378,17.07722733930352
22379,17.59118062074235
22380,13.3369069542086
22381,12.944158210847913
22382,20.966247933058856
22383,18.405089590484433
22384,15.475045442396812
22385,13.313912140497083
22386,19.86912759535229
22387,23.52552380083079
22388,17.315587553601084
22389,21.098972516133802
22390,14.891707885881951
22391,18.17223258163019
22392,19.86042698158608
22393,10.421139006798514
22394,10.011755365405449
22395,11.612977539152451
22396,17.711149267483037
22397,13.720922407402265
22398,22.0672383281633
22399,17.303406074709237
22400,14.020105378743764
22401,13.772518264514726
22402,12.475925092310046
22403,16.978178675057258
22404,23.929259441098694
22405,19.495137087569475
22406,12.727920852423958
22407,17.39195736127435
22408,19.5077097151745
22409,23.395315427274177
22410,16.459627151933567
22411,15.371554546853899
22412,25.46107255537045
22413,11.891166779824903
22414,12.257383307586974
22415,17.562780342164174
22416,14.55533778765555
22417,21.00940608701567
22418,15.02225365380245
22419,10.874591995141838
22420,11.455445784857506
22421,13.783082252734749
22422,14.402021809028216
22423,14.011947207989461
22424,11.95224464125921
22425,15.06747880060133
22426,16.7510169120349
22427,13.250179222600709
22428,14.238918554818559
22429,22.68791431601661
22430,11.936477155752247
22431,12.593958946711826
22432,12.189857048758217
22433,14.330739577132174
22434,13.071037626344364
22435,14.520804331161274
22436,20.178647791362476
22437,15.863129502764751
22438,15.583063566626677
22439,14.014855770027578
22440,14.657759270142991
22441,12.443158963864477
22442,17.75094019389783
22443,16.836863462997158
22444,13.17815722390849
22445,17.65017845334716
22446,11.911047654906142
22447,14.643273205881385
22448,11.420716793024111
22449,16.408988225992225
22450,18.701340251298486
22451,12.026640103181371
22452,11.689758101501447
22453,14.682957406542528
22454,17.242837879043442
22455,11.48300752676047
22456,17.153347830607615
22457,15.404612905635993
22458,12.836681734830863
22459,13.335152919765315
22460,19.643596037255335
22461,15.04598558724259
22462,18.080959039631992
22463,13.880063519188479
22464,19.9448530301231
22465,11.05472359576014
22466,12.384255089809027
22467,16.669202345485566
22468,15.325149775071983
22469,14.409290693441202
22470,18.77788697935722
22471,15.651247994066779
22472,14.041669386951241
22473,10.98088486115602
22474,11.643229892492375
22475,16.159661318687775
22476,17.695566685213535
22477,24.335801741402648
22478,13.096871716547941
22479,12.079900379333942
22480,14.790536324041275
22481,14.478724700593418
22482,11.58659526657889
22483,13.198057708389971
22484,15.751828264202683
22485,11.419467023545673
22486,15.011058981535436
22487,15.736455905100538
22488,18.883793540331396
22489,14.685243799254001
22490,14.081094027630039
22491,13.616249234994624
22492,16.197334111359055
22493,15.362894746296694
22494,18.973883524847228
22495,18.43349306987985
22496,15.193709931232721
22497,18.9598831355107
22498,12.577260024052874
22499,13.250684073268172
22500,19.784416875375804
22501,15.394935672579788
22502,14.557738974430045
22503,8.471394866395414
22504,18.341121926751942
22505,15.703728193968566
22506,14.00714151946718
22507,8.930693253186954
22508,18.115322818032688
22509,22.929486979648523
22510,9.72181449891303
22511,9.959629197424826
22512,20.416861907875912
22513,16.372851440481448
22514,13.967787052482493
22515,11.682987007255115
22516,12.616538214983514
22517,13.015954036680563
22518,16.615213303507403
22519,15.763271009971588
22520,19.590306419374038
22521,18.40532038531795
22522,12.090030054155953
22523,17.37592452026903
22524,22.0855225229771
22525,10.224681893759753
22526,17.44420860584897
22527,10.965611426272856
22528,13.41646107204931
22529,16.165550072040045
22530,19.60345715749862
22531,14.888153696300023
22532,10.80752365647188
22533,17.608501580680937
22534,24.07705492062015
22535,17.3473798867062
22536,18.061354784100246
22537,13.912551444296572
22538,9.887302447421101
22539,24.987651485770634
22540,15.984709480628785
22541,12.472352071265398
22542,15.028127578743934
22543,11.037305695631456
22544,15.992415349753562
22545,13.136535062776456
22546,19.44307975755182
22547,11.183656769293442
22548,15.718751739379025
22549,14.822465771992038
22550,16.154147172304803
22551,14.784048100751612
22552,20.494929400874533
22553,13.978107952358732
22554,16.572271599746458
22555,15.328311987631867
22556,17.099997651379326
22557,14.333078115685572
22558,11.25559891141547
22559,15.280733623792287
22560,16.903490897889363
22561,13.380291622652209
22562,15.092168052210974
22563,24.536139959202266
22564,19.508642850288112
22565,13.700837731987976
22566,15.656286178445042
22567,14.57654714731417
22568,12.851153250522355
22569,12.869691984585856
22570,14.770161013380111
22571,10.625840003774623
22572,21.078731968440593
22573,15.70962589128136
22574,14.361667523943987
22575,18.093589795750987
22576,15.403951614559984
22577,15.099461388411724
22578,13.719063121958841
22579,11.506673486630039
22580,13.635458292960836
22581,18.709103208986868
22582,18.821264042047503
22583,15.678423377084728
22584,18.225863590055695
22585,11.336390841570244
22586,20.07338428236526
22587,21.722193944717468
22588,18.12237589408506
22589,13.300373399937053
22590,14.674924788294545
22591,13.266373063029253
22592,15.869476330218586
22593,12.20603268268559
22594,13.431595428335962
22595,13.913001750877743
22596,9.900242439979621
22597,17.760756227669525
22598,19.793546019742823
22599,17.044974411994914
22600,9.356282909441877
22601,9.790297546109647
22602,10.731368880209686
22603,12.658827001245387
22604,12.517126239249993
22605,19.490952232846233
22606,23.94970187063035
22607,14.38273949360123
22608,20.349973510085213
22609,16.9393184805582
22610,14.357050022392734
22611,8.98434028586695
22612,19.179873371827902
22613,10.18723999668538
22614,17.392231968674146
22615,14.55589814109317
22616,13.99130791818255
22617,24.518125594839724
22618,13.955362101341072
22619,19.845031288301925
22620,19.24454651930165
22621,12.971285376730526
22622,11.470104857974546
22623,14.886337837064946
22624,19.220119997380763
22625,17.31966007158949
22626,17.784669825469777
22627,12.894362604141829
22628,11.342398851290934
22629,11.636208782027392
22630,18.49787796726583
22631,18.681172121068986
22632,18.412921403122283
22633,16.078613098200247
22634,17.675131387761184
22635,11.947269461698975
22636,17.694566246945087
22637,10.83821594695501
22638,21.546432556692498
22639,13.353108217651734
22640,14.06983927326293
22641,15.344335065072727
22642,13.535540175618454
22643,18.052199174050642
22644,18.208531071362767
22645,12.979078648168493
22646,15.946442421491831
22647,13.884822579216301
22648,17.338796679028782
22649,13.129891100504452
22650,17.572945738939055
22651,17.47764010817931
22652,18.051559846486875
22653,16.206745558339804
22654,14.756486730801532
22655,13.320372105059837
22656,18.76202152426005
22657,10.339786578515525
22658,15.995725569615832
22659,13.950695454574463
22660,11.653378426156198
22661,20.612215664199596
22662,15.117715734144067
22663,15.842728000997012
22664,14.394624788588148
22665,14.759239466905054
22666,13.23821507382599
22667,16.46020444436988
22668,21.545517107958638
22669,18.23185370090048
22670,19.70865874630843
22671,15.38543374743268
22672,15.942962071594552
22673,16.797174501864482
22674,12.279534157651351
22675,20.718553703114452
22676,16.22030272329139
22677,17.066520550289663
22678,16.44434135595938
22679,8.710646762670686
22680,16.62512820682765
22681,12.981644601416583
22682,22.832462068486983
22683,12.347935328026747
22684,11.503660724750151
22685,13.278197259405367
22686,15.771988112643344
22687,11.375895950883606
22688,9.748040383786504
22689,9.876377074111339
22690,17.314690804374784
22691,18.367131662714684
22692,13.013702151539864
22693,11.242300436273151
22694,14.418097170332473
22695,12.505157596893277
22696,16.160642008947924
22697,13.540618794886186
22698,18.12449884348022
22699,17.375810417351524
22700,14.283086948160403
22701,15.076039670802217
22702,12.578845312802544
22703,15.697463009364581
22704,13.351853677969373
22705,12.936043253921902
22706,11.091139161462365
22707,17.499258293078213
22708,16.535559407344216
22709,19.96338280432286
22710,15.89845447870705
22711,18.194112963540327
22712,12.237002588299662
22713,15.59991649093209
22714,25.23356274215719
22715,12.4241384297105
22716,15.91835111241297
22717,19.180051114339562
22718,19.821552425835428
22719,16.810080429444476
22720,24.922795335605315
22721,14.963007051540112
22722,14.15217714836809
22723,13.6588648879642
22724,16.22332478552105
22725,18.8910106154959
22726,21.88916664448613
22727,10.875695361259911
22728,14.13580907986008
22729,23.10740339792327
22730,13.4423060237104
22731,18.38867103972899
22732,17.51665164237493
22733,16.281577182529766
22734,22.826177646579453
22735,17.842087618604843
22736,14.901875883058974
22737,13.926970694311247
22738,20.058422923679984
22739,19.165047083465147
22740,12.250735280535139
22741,13.362335760263692
22742,15.590109528322506
22743,20.31684173539076
22744,18.55435965793543
22745,17.591923337899274
22746,15.819097541800392
22747,15.524341859031136
22748,11.075937850526909
22749,20.433276315157464
22750,12.781189226255751
22751,16.59011651125533
22752,21.07332300477519
22753,15.873503630618105
22754,15.79935911935141
22755,15.621071454700449
22756,17.549956667471122
22757,16.512887924723323
22758,11.40679022865104
22759,15.9541833491265
22760,17.39879772004135
22761,18.01031758561981
22762,11.06667316375632
22763,12.705295972089932
22764,14.710644560339235
22765,17.59527635568923
22766,19.232531018863085
22767,14.402467666375458
22768,9.279907868798746
22769,12.446888856884225
22770,9.018498883887943
22771,15.595109337372595
22772,14.35483957940965
22773,16.586061636517144
22774,12.13445487034981
22775,16.17079134587692
22776,20.323558705244338
22777,14.841087522216712
22778,14.099667657635916
22779,13.274308916084955
22780,13.166976560946916
22781,14.923730125977416
22782,15.014548809200386
22783,16.903502582360368
22784,11.704565217799098
22785,15.419878111760408
22786,12.552451572453332
22787,18.530731270880366
22788,22.281465832551177
22789,11.097988279818216
22790,24.612548842743188
22791,14.623598466450055
22792,12.572048966637517
22793,18.386840835190036
22794,23.792457683067212
22795,25.1789660854063
22796,17.946997953586035
22797,11.57394679768199
22798,16.040606330273455
22799,18.502082305458316
22800,11.786663567086546
22801,14.354067206201297
22802,17.175712849894268
22803,22.09199821988578
22804,15.874394202200639
22805,14.758330146089945
22806,20.55871150805973
22807,19.827056724309557
22808,12.802525616869728
22809,17.178919864171206
22810,17.818192451706302
22811,12.13168714406645
22812,15.085162497849572
22813,18.512999444614046
22814,15.668208126049464
22815,13.199962321935551
22816,18.924940764418626
22817,14.45519792490876
22818,17.16581394657442
22819,18.044017954789737
22820,19.66586175917056
22821,15.564819600504165
22822,19.536390352882812
22823,12.076015862434929
22824,16.457033345002635
22825,10.425420904434613
22826,15.280990928550723
22827,10.9664304828609
22828,24.648580792044072
22829,14.826492182067215
22830,9.504603314704546
22831,12.147990961113988
22832,15.992535452107226
22833,18.437935798644233
22834,14.9065718467261
22835,18.326757782436765
22836,13.488792355386181
22837,12.39284947145568
22838,11.051802369529225
22839,19.80575807743098
22840,17.60926475274539
22841,12.794652363414013
22842,19.510993652292512
22843,19.204840819475976
22844,19.814951441373324
22845,8.66900266607104
22846,19.54619599748012
22847,14.971200834959157
22848,14.37138252612476
22849,20.2065050873034
22850,12.552125146140474
22851,16.120906902169473
22852,22.44979054417759
22853,13.812437053311207
22854,15.86624462090631
22855,9.388337364598312
22856,21.436545176040475
22857,14.482756685566978
22858,14.183694058543756
22859,12.986371662102803
22860,18.19242697461426
22861,20.537520169702837
22862,16.170376807632607
22863,10.655397840432673
22864,13.94101887738216
22865,13.701189316502049
22866,16.996700668789103
22867,19.496340346035943
22868,16.47969952411446
22869,14.70760669163766
22870,21.062997394425835
22871,13.755139277079675
22872,18.643631045727954
22873,15.63128253208253
22874,10.182708524536736
22875,17.333242333884844
22876,14.250843456588976
22877,13.732388502268126
22878,22.457435229590764
22879,11.733606075805818
22880,15.347215901818307
22881,14.45551477316015
22882,15.74740049994982
22883,13.566744016538703
22884,12.538737718483844
22885,13.964886145193567
22886,19.830381580825005
22887,18.74089442580491
22888,13.938365005412512
22889,15.689512925815432
22890,19.73606762477023
22891,16.254031483272264
22892,13.730898720882696
22893,18.155562053068515
22894,15.505103590426279
22895,16.942131141232913
22896,11.00840392000768
22897,20.9550481666792
22898,16.570613232463423
22899,13.424173487481372
22900,13.635993184905413
22901,16.47700462329908
22902,12.313153460773897
22903,13.753383331959864
22904,22.942807435303095
22905,13.466679550712087
22906,13.736608991629176
22907,13.353014556925556
22908,14.33501079599993
22909,12.061626079128223
22910,15.743493116858287
22911,12.860547572347027
22912,19.431330214824214
22913,18.976079215590325
22914,18.73442010876075
22915,15.435610473299112
22916,12.306527670000943
22917,14.761145882551892
22918,22.232294908788532
22919,16.488400710367507
22920,19.643807598074403
22921,16.218189866694026
22922,18.380693729904717
22923,21.485550144913734
22924,8.394792835186575
22925,19.70532084751214
22926,18.907400119948655
22927,10.16083751965328
22928,18.87977136305183
22929,17.895012357692075
22930,16.480166000097213
22931,13.984772094797464
22932,17.689319685040296
22933,15.689747242167657
22934,14.507671571573722
22935,15.45598463600725
22936,15.304264723346838
22937,17.022413365368237
22938,16.44955294267211
22939,16.14621594111925
22940,20.46126698000921
22941,15.41718346021167
22942,7.665533754004426
22943,15.79041740093566
22944,15.179628153522248
22945,16.62945302911782
22946,12.16791589823682
22947,19.80536389537683
22948,19.15143229828015
22949,14.94586341209717
22950,17.828246469621945
22951,17.684380614583706
22952,15.660058534303799
22953,17.69144530929343
22954,15.683464849331612
22955,14.142179094583701
22956,16.43988931734497
22957,15.741316546669317
22958,19.711720095912625
22959,13.58269441418102
22960,13.059377426229409
22961,17.827599742515204
22962,18.721681081800845
22963,13.29973309571659
22964,17.587663002011844
22965,25.104912257844795
22966,13.939538027519554
22967,23.502837326030516
22968,15.008607790134146
22969,20.735556906654843
22970,15.760287586811804
22971,21.903716690862034
22972,12.155741354062712
22973,9.61670579187022
22974,11.7164836358174
22975,17.558944656861875
22976,16.076431812257454
22977,18.492483388319283
22978,16.972991415789423
22979,20.385687331571457
22980,14.435478204118631
22981,15.524109682788641
22982,11.35567276279051
22983,9.957288616241545
22984,10.412258100362115
22985,18.0738614712292
22986,15.992625409500077
22987,13.749986782868467
22988,14.026492894853348
22989,11.54494308768233
22990,14.69346657711481
22991,16.038840725383494
22992,18.595540156063738
22993,22.182341513160814
22994,18.853390237895322
22995,10.578395946387836
22996,15.26520413762749
22997,13.87228231314274
22998,9.480031745539513
22999,14.708401954889862
23000,16.036790749226263
23001,16.195913486492316
23002,10.306485233646761
23003,17.520135638347647
23004,15.97890417387025
23005,14.152182073884426
23006,21.140116753436615
23007,19.704530144736168
23008,9.50762290416388
23009,12.705177521892427
23010,17.68368519063248
23011,19.54918099973419
23012,18.563214241867996
23013,15.783594271112852
23014,13.478192429311521
23015,10.639851561421501
23016,22.492997086412714
23017,17.30432506468364
23018,17.072712271934243
23019,19.353928269384927
23020,24.697226530981716
23021,21.84213452371732
23022,19.485276913025892
23023,18.498706052992524
23024,19.356753987454184
23025,10.042835398770876
23026,11.315951274063693
23027,17.99332790840115
23028,13.883731633410003
23029,15.325422051967701
23030,19.939039104418633
23031,17.921364854065196
23032,16.54771096033449
23033,13.091668280740512
23034,22.67000384750208
23035,16.415945327016914
23036,17.282475300035003
23037,21.42445324652855
23038,18.428333214212813
23039,15.351652489838257
23040,15.550862250467935
23041,20.31610839641118
23042,17.508497043607264
23043,16.913578406568142
23044,12.34135795954931
23045,15.063028465934957
23046,11.369088920509824
23047,13.019560188159884
23048,11.016086267484106
23049,19.418513499124565
23050,12.628455719614802
23051,23.235609461276546
23052,12.621991607097257
23053,14.088046094877562
23054,10.78008365231539
23055,23.25936900625402
23056,13.023720227256941
23057,19.29205996599088
23058,15.665318918566223
23059,20.097200497143554
23060,15.60877881121028
23061,14.454987111771791
23062,11.694963661765696
23063,13.37724311491146
23064,20.790419709179417
23065,14.88356881561054
23066,15.97693353731428
23067,12.533980191305915
23068,13.876772003042506
23069,13.522878141141973
23070,17.498191323011724
23071,12.947853657122968
23072,13.383133107491268
23073,19.43711126248003
23074,18.740027061528423
23075,17.857533798736597
23076,10.662484961036203
23077,15.216459120453178
23078,11.648751076559273
23079,20.272629643140412
23080,13.654996954606478
23081,17.850932592518763
23082,13.366131557698504
23083,16.154623440972152
23084,17.126087568522145
23085,19.789477644576095
23086,16.91098799320029
23087,19.289758300963996
23088,11.427736979727097
23089,14.404471826956257
23090,15.89251235523462
23091,12.744700623611367
23092,13.798867630179284
23093,14.467796545393215
23094,16.053916906705787
23095,12.61593848729525
23096,17.165054479566386
23097,15.665718689308477
23098,18.103529888228096
23099,10.03543684172745
23100,13.059053919677458
23101,15.122721226877191
23102,10.262788083582322
23103,10.051648715683255
23104,17.18280283199423
23105,12.85634444621586
23106,16.705712091552286
23107,17.99925310251433
23108,15.805971892465733
23109,13.867541586749676
23110,11.291990072753302
23111,13.33713187245177
23112,16.268505191942538
23113,14.916093643717698
23114,22.005582065004774
23115,22.57347050703786
23116,11.215429017307963
23117,12.073399022876288
23118,23.04508160764866
23119,13.458329034349095
23120,18.237112616836146
23121,17.69264150701906
23122,11.286407142489931
23123,12.798464671924439
23124,13.963066230305055
23125,15.585680780303228
23126,13.236542113660914
23127,16.184314112669426
23128,13.921455609950794
23129,23.22007027852144
23130,19.46408125486697
23131,17.41901308109368
23132,17.653818689756967
23133,16.701164069583044
23134,15.964460589671418
23135,20.293832298360364
23136,13.98323319560853
23137,12.419298471800754
23138,18.052907120975462
23139,11.037511447715133
23140,19.105591878233355
23141,11.195577485653343
23142,21.180265659849063
23143,13.60290872133109
23144,8.65457909898393
23145,13.922692300639962
23146,16.0599891202859
23147,14.434582067032578
23148,15.417905031575803
23149,10.526691000223288
23150,17.443076196364835
23151,13.154657571380099
23152,19.452815005044023
23153,20.413094336036856
23154,11.315566410466793
23155,12.223814244241003
23156,18.014476675624316
23157,16.34612910329421
23158,18.483590024097765
23159,18.024556110520187
23160,13.49410332704447
23161,16.770841339465058
23162,12.69681648268121
23163,15.853766009672809
23164,10.564899920213023
23165,12.408047821043638
23166,11.925027791623027
23167,13.971013625581673
23168,14.958028899064974
23169,14.321593530897667
23170,18.178701435285078
23171,14.201789288175865
23172,14.682011592633676
23173,13.6945745919882
23174,12.41623680170375
23175,17.28308187148177
23176,14.632987432866376
23177,20.875631299512442
23178,16.900388742172208
23179,14.474413275754674
23180,15.3384623271763
23181,9.483920163740526
23182,19.876202510064722
23183,18.722281862820424
23184,11.633529193216702
23185,8.84946497969668
23186,19.31106565959397
23187,7.474676965792614
23188,20.037664470156244
23189,17.63638251528674
23190,13.477931835481716
23191,14.517910488076634
23192,11.650350385469157
23193,15.688390976596386
23194,12.685588355994732
23195,21.373423518492537
23196,9.73426659589061
23197,20.256750457928156
23198,18.113887687174262
23199,12.107205487335115
23200,9.305028945812492
23201,12.893437893841226
23202,13.460142063179994
23203,14.477829535417762
23204,18.114833805237012
23205,16.726396538958795
23206,14.256099564168395
23207,16.54898290188856
23208,18.962634491517264
23209,17.80008854881144
23210,17.00581540230122
23211,14.414163882322896
23212,17.26949032255686
23213,12.521423953803966
23214,21.35325212733435
23215,10.409622572056138
23216,20.23403894509762
23217,12.95135098831922
23218,14.95137341727261
23219,16.863237740987046
23220,9.81371084128787
23221,20.100653162254623
23222,16.74879970422213
23223,17.169771097063844
23224,16.29396380882706
23225,15.191781374818214
23226,15.375112077796858
23227,20.15759421747196
23228,14.164688286527154
23229,12.456474178126738
23230,14.313451247053234
23231,14.474782699884342
23232,11.969786670838994
23233,17.198381303739477
23234,10.064571249859863
23235,21.398108383907676
23236,19.625838932148966
23237,13.924081711021657
23238,15.96084517878796
23239,20.195628306406405
23240,11.073177626035706
23241,16.061939321887195
23242,15.67993182198329
23243,15.296869087429728
23244,12.826421011804278
23245,17.30280072846395
23246,15.601395572213141
23247,11.905786868233509
23248,14.58315304223501
23249,15.177500955890176
23250,17.616446865909616
23251,21.993276738274695
23252,21.420086752064528
23253,18.844831145572538
23254,15.806230128079575
23255,13.474087814326774
23256,20.872611460334554
23257,11.798278545354016
23258,13.610657712103555
23259,19.921822379525423
23260,11.422890353087997
23261,22.416411847452558
23262,15.667382976907826
23263,11.054395347686118
23264,17.013399098579093
23265,12.193083833977557
23266,10.718527880259138
23267,15.309891829650487
23268,14.287273203213234
23269,14.479954877810991
23270,14.40937245188619
23271,12.201808416960285
23272,12.843943231314249
23273,12.234193807242518
23274,12.722905091479314
23275,9.012399852920783
23276,19.105108555121546
23277,17.025300669620265
23278,13.913986737991404
23279,17.921274841778605
23280,15.047353336717824
23281,14.137380658698367
23282,16.029543381912134
23283,20.921763330366574
23284,10.716823010781702
23285,20.10487157314107
23286,10.32052922572815
23287,17.912382764145033
23288,14.708782831333625
23289,12.779239847399914
23290,15.769660811744398
23291,16.214374450317358
23292,19.216477983419587
23293,11.91713427464245
23294,14.632154825654368
23295,13.195166284034595
23296,14.12642355199176
23297,20.95584307263709
23298,17.29401434844955
23299,9.132865930856019
23300,16.705345586803404
23301,19.244671354348426
23302,16.704374761564793
23303,11.42455595892856
23304,18.05261273069421
23305,14.834914416347715
23306,15.924673615648688
23307,14.280114050768795
23308,16.027703165398265
23309,13.375675171819115
23310,18.565984456887982
23311,21.09882636370375
23312,13.145308427980218
23313,12.009432507711178
23314,15.87843716314192
23315,16.571457514291758
23316,18.168792797261894
23317,18.053197367637864
23318,16.150859430139374
23319,15.184926097692335
23320,10.57579160612106
23321,12.563472835359834
23322,17.40560404258946
23323,18.947379695422633
23324,16.512632891280102
23325,12.489357881696893
23326,16.249612503202727
23327,15.877040079424674
23328,11.707423800376622
23329,14.259908806722693
23330,17.737787628091247
23331,17.273359135197676
23332,19.901877289326137
23333,14.917167097248033
23334,17.550744310702008
23335,11.562002093190276
23336,13.91859895630252
23337,11.793684089752073
23338,12.396218253265287
23339,15.298799132640536
23340,9.958551621604162
23341,21.29239449246226
23342,16.053929215557947
23343,13.885200393724013
23344,19.501856819037563
23345,14.574677202627633
23346,19.010686561398984
23347,13.2877059325425
23348,21.144872337157466
23349,19.945443841430894
23350,17.330579580051385
23351,17.34204231848041
23352,11.21532162379972
23353,11.03017480828322
23354,11.917644198985219
23355,13.945994358955083
23356,17.489119993596383
23357,18.33667041644405
23358,10.865329782501048
23359,12.593418650731449
23360,14.838896824842903
23361,11.226631988911416
23362,18.3381303487566
23363,14.598336618450777
23364,22.173262615411268
23365,18.061060619197292
23366,20.638142056604167
23367,12.677175889731068
23368,15.776816191847812
23369,19.87560996169725
23370,21.103732879841957
23371,14.43670570358712
23372,12.797199109282003
23373,15.972841202173782
23374,13.368214772902787
23375,8.360977146347519
23376,23.83093295417836
23377,13.039154375383276
23378,16.720560441730022
23379,15.431508461405047
23380,15.433082553025315
23381,11.288344425535287
23382,19.2612921401985
23383,18.014260216636636
23384,13.593402441697794
23385,16.131815979950254
23386,10.700380109453754
23387,16.256651387856145
23388,10.281744174874643
23389,17.782534496326477
23390,17.714300870922514
23391,16.636632987510254
23392,18.50511048406748
23393,19.864985745456373
23394,9.744800396034085
23395,13.848465147874055
23396,8.590042766139371
23397,11.755110459555585
23398,19.15889111184449
23399,14.865656536979994
23400,19.04896510999098
23401,15.301543898974435
23402,14.072914001954379
23403,12.727254833279087
23404,20.50275295653705
23405,11.95790478167434
23406,12.66968066936495
23407,11.421084904840335
23408,13.414931426070961
23409,23.023316044576013
23410,17.35881635682945
23411,17.84735218560983
23412,10.23803335406948
23413,14.108955722181035
23414,17.83314623052238
23415,21.901987571904478
23416,10.546763662288331
23417,14.893312597429704
23418,13.868570860388285
23419,14.242696158220895
23420,12.83377989859494
23421,13.516159350013936
23422,15.22258495418842
23423,14.352013019039529
23424,17.057708745112663
23425,15.998417388883643
23426,11.155190712752297
23427,11.20898682164892
23428,11.157901292556865
23429,12.27680566520151
23430,19.603008527635946
23431,16.887799507426003
23432,21.505843302012515
23433,16.95870509371862
23434,15.613895580344915
23435,17.89550415502138
23436,13.549409704290353
23437,16.363315403347734
23438,23.045170748903764
23439,17.038621081622153
23440,18.324992564248056
23441,16.751086873803004
23442,19.809802440650955
23443,14.181461325823335
23444,19.624882035801633
23445,12.113752826068716
23446,20.120198489074905
23447,9.903136740460589
23448,15.283353319637245
23449,17.41438091667585
23450,20.03241149542136
23451,19.639041419206485
23452,16.88047751374708
23453,14.149599710423491
23454,10.23846444180638
23455,12.43924740159909
23456,14.699800733630264
23457,19.715235577158666
23458,20.213577639761553
23459,15.040743656097925
23460,19.450494794914995
23461,21.676642406233753
23462,17.947304328287686
23463,17.333624647668202
23464,15.662698353088325
23465,19.166958769358622
23466,16.47852857255296
23467,15.61150868965545
23468,14.443454861238832
23469,15.233468329116993
23470,10.91595397986212
23471,16.779707744819
23472,9.391096645055622
23473,12.616303819997412
23474,17.68723193573809
23475,14.7436728343842
23476,16.2598452901931
23477,15.185428751646759
23478,12.592508529063867
23479,18.71611678453053
23480,17.071688368813028
23481,15.2035048875891
23482,15.80971785777419
23483,14.392348853920565
23484,13.751961164443983
23485,18.012594044026113
23486,15.755432920335652
23487,16.93810764636952
23488,16.596811421944608
23489,16.265104032084643
23490,12.799677409706067
23491,14.172803169541002
23492,18.950091934976513
23493,12.187585295053228
23494,11.642234255305226
23495,10.975559493111728
23496,10.859231714018257
23497,10.593498499131847
23498,16.367159767319215
23499,10.677304243478286
23500,14.688095573684096
23501,14.971113035601517
23502,15.5821234972708
23503,16.05079277645605
23504,14.486913719313556
23505,21.982860018192476
23506,15.738728455225722
23507,22.52522400091135
23508,9.018191977658049
23509,13.62793808648285
23510,9.15746017074893
23511,11.793902338787095
23512,16.549445663771195
23513,13.185444060957716
23514,22.455717040102115
23515,19.101297875927024
23516,13.959454841672333
23517,19.15274938011149
23518,14.22776519468558
23519,18.318226558248156
23520,16.831566300441054
23521,14.954590950136835
23522,10.619391818335348
23523,13.970802782726013
23524,20.21997925539346
23525,12.699420493314436
23526,17.910873833164956
23527,21.196942556806377
23528,13.579774617412284
23529,16.985809920927345
23530,20.053140528098723
23531,12.914666185815783
23532,13.7012533542026
23533,12.092708813996705
23534,13.8503312697502
23535,10.872775639318604
23536,11.0156791426569
23537,12.678749032904289
23538,16.861345658056997
23539,13.292165586706318
23540,13.946224844152672
23541,14.521847288317007
23542,12.751007182758478
23543,12.529514426010465
23544,8.993334581400529
23545,12.254450861319732
23546,20.393919569500774
23547,23.14660288454786
23548,17.932761576318804
23549,21.29774843710846
23550,16.11145254182192
23551,15.178765475246594
23552,20.819002246841926
23553,14.769624269284645
23554,16.46160227883044
23555,16.073881118212796
23556,13.447931518181475
23557,9.998224776496379
23558,16.96053703841107
23559,17.36383289204194
23560,9.42749571424555
23561,20.95882811865179
23562,15.856288414199698
23563,18.88941088350243
23564,13.757274165385763
23565,15.058333840696488
23566,13.457243822331174
23567,15.009692910228855
23568,8.980519701946648
23569,11.146270450625563
23570,12.485786378682148
23571,14.778002916524548
23572,16.688012581297887
23573,13.112714200479608
23574,16.884214624580807
23575,16.09446491931564
23576,15.376933554451158
23577,17.92812536130888
23578,11.578383942442686
23579,10.474554668279804
23580,13.402321021086058
23581,14.434650325704029
23582,18.02957046782418
23583,17.803862856994797
23584,15.997748329990118
23585,14.457715112480201
23586,20.47422130933745
23587,20.27969504804907
23588,12.238181325097091
23589,16.38888363951117
23590,13.410717100007933
23591,20.376229728775506
23592,9.472820663405919
23593,17.485219978425302
23594,16.366041115092315
23595,13.930516311825441
23596,9.046591479208578
23597,13.421904614381331
23598,20.003046254600072
23599,17.749553650069252
23600,16.63376410801476
23601,13.545579465879923
23602,19.32350086540795
23603,15.69654167940597
23604,13.396358537616067
23605,13.967302568020695
23606,12.670217109415564
23607,14.50280060671105
23608,18.983185651524195
23609,9.766359646492335
23610,13.827984201394193
23611,21.23204762088148
23612,16.81071723478623
23613,12.039833096831378
23614,16.87518595975677
23615,15.425122007120516
23616,15.832577768465137
23617,16.735061684915223
23618,12.125111699056335
23619,9.139811406689107
23620,16.607997291926985
23621,15.251001566917955
23622,21.049181914373037
23623,12.472796225952896
23624,16.313716589372582
23625,23.68207251868698
23626,15.039280146860683
23627,13.988655638837907
23628,11.853048245242725
23629,12.361173457507023
23630,17.616684211451698
23631,19.11018008382483
23632,10.495551833917805
23633,20.013719062952077
23634,13.328125158244777
23635,18.47566857014744
23636,10.582681461862505
23637,10.111963516650679
23638,10.713458681451062
23639,13.049808665633957
23640,14.93119204073114
23641,10.755537750120137
23642,14.465239277073815
23643,11.54186743053494
23644,19.079189932943464
23645,18.0257061282122
23646,17.55912397972314
23647,10.719077255508534
23648,11.76880462214509
23649,20.34817455115484
23650,19.03621571448852
23651,16.013726135710463
23652,12.279196804931779
23653,14.11066900735111
23654,12.860715454653043
23655,10.625551113269722
23656,18.930601750907577
23657,25.06718992471069
23658,14.813265005094172
23659,17.685331987941648
23660,15.178494788691005
23661,17.781598421522286
23662,13.68006362012504
23663,20.261262670787286
23664,16.278079820063965
23665,21.939221833889846
23666,9.530739782232203
23667,19.386947218818236
23668,20.468360943635766
23669,20.92519460812295
23670,12.389195004631919
23671,18.81801330688952
23672,19.65241413748941
23673,14.789944149030665
23674,17.14887439220366
23675,15.232012855368554
23676,15.939230088535188
23677,14.884999820161445
23678,13.996007768545542
23679,15.480157822860097
23680,18.005941561628354
23681,11.25144751792787
23682,19.634755997444667
23683,20.795065328325485
23684,14.887938806659452
23685,18.63938987626475
23686,16.53276505361051
23687,12.797429278722234
23688,10.01531898693026
23689,14.602597882813555
23690,16.782651388191937
23691,10.282859687145343
23692,14.236630621560352
23693,13.505841826529476
23694,15.49524409510212
23695,19.86175991138679
23696,16.6926447694729
23697,15.298229568148146
23698,12.405028212762822
23699,12.99624312509906
23700,14.207838817252528
23701,19.65443441154676
23702,20.559698198536708
23703,13.699842870934312
23704,12.476172519487244
23705,15.637415985949511
23706,10.852790059011614
23707,14.312951231720396
23708,19.930409930672045
23709,16.295795429757582
23710,17.3370653514292
23711,14.910662806481472
23712,19.906609229462873
23713,20.13109371780265
23714,11.378247455044587
23715,20.636117386443058
23716,9.685475596271784
23717,14.22112203912521
23718,9.853388119226981
23719,17.753828860225035
23720,21.395126891727102
23721,13.172589529776157
23722,16.551205244828502
23723,16.820841493820097
23724,9.833259914966716
23725,12.127228354076587
23726,9.912242676955211
23727,14.220415214583715
23728,20.971364394310328
23729,15.340502767273097
23730,11.160026522284866
23731,16.076436958372497
23732,13.459374964471163
23733,12.71793628508887
23734,24.264737733388635
23735,16.823434130075235
23736,13.179089300846762
23737,9.787135416401892
23738,13.247915020556654
23739,21.275399849145998
23740,15.26226112146883
23741,21.431603860389856
23742,21.78863227602652
23743,16.683096479336463
23744,12.92138689499375
23745,18.64170016758027
23746,18.128466089221284
23747,15.603453416189978
23748,9.495099544788069
23749,8.765155972816416
23750,12.74296373594484
23751,10.84828250517711
23752,15.10657039836688
23753,18.247275319151385
23754,16.140232942302667
23755,18.20603569614415
23756,16.00812891370316
23757,14.725721442762218
23758,15.24947385791989
23759,22.71714306208535
23760,17.574097773656394
23761,16.32217530434392
23762,16.86013473216228
23763,16.60638696196372
23764,11.706717257200786
23765,14.9497127147756
23766,16.536937598126954
23767,15.462227633538282
23768,16.007448307553922
23769,10.354849329347505
23770,19.92763878315577
23771,14.688603474178015
23772,14.75092856093855
23773,14.500419358449188
23774,13.257841569844246
23775,17.72666859086236
23776,14.242307537623452
23777,19.689556825963628
23778,18.016458485446257
23779,16.806337356320036
23780,19.625470721153206
23781,13.271138795934242
23782,15.428402112293643
23783,14.502694213813129
23784,11.522214630464696
23785,16.05390317284434
23786,16.059638689636024
23787,22.507642740630132
23788,11.731134193244305
23789,17.959119973921354
23790,16.509660809094402
23791,10.783303743028402
23792,15.899641999789948
23793,11.978359217335818
23794,14.423772139116252
23795,13.378058293305006
23796,14.967904031957602
23797,10.660439918657705
23798,20.503878993022262
23799,17.250540688196253
23800,16.900615173556503
23801,14.212581878376014
23802,17.057110493167244
23803,19.756178301870392
23804,16.200875529383147
23805,16.21306890665272
23806,10.296953029544802
23807,20.67023187952261
23808,15.928238597711573
23809,13.045986897826305
23810,10.54257655807045
23811,21.077898767135018
23812,17.263216382491333
23813,19.139251095837405
23814,15.859124792808975
23815,12.7905547631098
23816,22.54898362530742
23817,13.24233410838917
23818,17.707516338051775
23819,15.026489838948155
23820,17.291378227346932
23821,15.43295073800367
23822,14.48880831815447
23823,15.630167220553835
23824,12.09791978048617
23825,12.775954815268616
23826,16.371852343355783
23827,10.385251446674916
23828,16.4848080703024
23829,22.33948989624509
23830,14.411062621802913
23831,13.280861391644086
23832,14.5065750188809
23833,15.031240006118965
23834,18.53552229563678
23835,11.779362577676864
23836,15.302058895983333
23837,11.389272023456643
23838,14.28939871826294
23839,19.287700170129867
23840,17.29294909886827
23841,16.969718944496833
23842,16.841354057054062
23843,12.907250308183968
23844,22.859477220425497
23845,18.66598105066298
23846,13.481620127316273
23847,14.823667350021394
23848,17.16031730913565
23849,11.034030357945955
23850,13.66128597689688
23851,13.910838903460913
23852,16.81104358088983
23853,14.03607194574348
23854,14.942657190099728
23855,18.037990352591905
23856,17.9408702773469
23857,12.318895464861225
23858,12.681315608900746
23859,14.130248434981665
23860,17.95435827102058
23861,11.452505417105446
23862,11.732056619152925
23863,13.505621930341302
23864,18.50031508254228
23865,15.462317479149165
23866,16.873703800441625
23867,12.033501064533318
23868,12.246831303536972
23869,12.434959008009201
23870,17.449209266129024
23871,13.981005193473214
23872,20.22072875049553
23873,13.965993170785664
23874,19.695141259792727
23875,17.992046000745788
23876,18.947156281775356
23877,17.743051922961968
23878,21.31848310162929
23879,13.015511519120096
23880,15.705225062048749
23881,16.796518943040695
23882,15.586269433317705
23883,20.50081537592918
23884,24.484215947971265
23885,18.600240991665615
23886,10.095803016888013
23887,23.195655278025697
23888,15.583214687675392
23889,23.74828755686294
23890,13.835103538828545
23891,17.508189602861904
23892,22.7275675120961
23893,16.71444570081308
23894,13.572854371244201
23895,17.354099675577142
23896,15.867302028910348
23897,18.43909507450957
23898,19.01942770415521
23899,14.799657129065817
23900,12.83222755895933
23901,19.867831090582946
23902,20.23520731481159
23903,15.795542055433609
23904,11.930311350768143
23905,14.89554848958158
23906,19.23751014294824
23907,15.589363770222608
23908,20.91005390666708
23909,19.24275339187892
23910,19.16193925551802
23911,13.864328321264766
23912,16.707317775723627
23913,14.453596791094396
23914,8.213829604343985
23915,10.3089632398167
23916,22.435028996643474
23917,24.697080127661586
23918,15.49081246166891
23919,13.816348109553745
23920,18.571257713659612
23921,15.486463071092992
23922,16.35763533343556
23923,15.693746248453477
23924,12.559476240683948
23925,15.794311321002793
23926,10.920461490009554
23927,14.38375424838103
23928,15.635571106302296
23929,16.507376211596842
23930,12.211540778857334
23931,14.592525091730321
23932,14.285181874075752
23933,16.925019127487047
23934,11.978278854247893
23935,14.356876084709484
23936,11.059285937481658
23937,12.15804512009684
23938,13.971562592015129
23939,15.450937651552199
23940,12.640201081965504
23941,19.582282459462974
23942,14.932171237339235
23943,20.53877334022406
23944,17.16881513329674
23945,16.881755641032342
23946,15.364196892983232
23947,12.021961152122994
23948,15.308814027557895
23949,19.709628508661556
23950,20.131429066396592
23951,22.109281145215576
23952,12.511074670003003
23953,14.851064195513489
23954,20.36760794387932
23955,15.876197465535085
23956,12.429473239384167
23957,17.41247543676736
23958,15.657063278560527
23959,17.85948027932497
23960,9.805701304704034
23961,13.561357056196709
23962,17.299796770538702
23963,16.02691068997874
23964,9.509775906730859
23965,17.19671403008909
23966,14.733871672580381
23967,13.301787211704571
23968,16.224401175805333
23969,14.840130424347349
23970,14.438574314250017
23971,25.05335761646952
23972,15.959672940963575
23973,15.922586339215435
23974,17.644729216572514
23975,17.764738247150163
23976,11.704236664577994
23977,14.223323593152154
23978,11.712771304092387
23979,18.48799677310806
23980,15.156064176925733
23981,16.909741458018196
23982,11.892386096939664
23983,16.37916638563327
23984,17.058133437113213
23985,16.583461212530672
23986,13.634435545930256
23987,14.756861104609486
23988,11.92567702930404
23989,12.884493705596544
23990,11.925357880261378
23991,7.823298480281015
23992,19.5199601678015
23993,16.301488430007765
23994,12.05106842079164
23995,14.439141726756318
23996,17.74071483481911
23997,12.924982891617555
23998,17.973769780187304
23999,12.81953196142413
24000,16.376259964316954
24001,16.74861468834126
24002,12.104251571936565
24003,11.959772667086575
24004,17.563922237951473
24005,12.962496864079055
24006,22.146965659182754
24007,18.903487253158648
24008,10.712667317028984
24009,17.01746133005252
24010,11.575900835193078
24011,18.218061801244403
24012,19.306143942527644
24013,18.413728699154312
24014,16.679556243470046
24015,14.173624179205536
24016,13.86702118144359
24017,12.681983316608479
24018,20.56841903650247
24019,11.686023071282142
24020,15.407005488667645
24021,16.242049310371986
24022,15.003018850557636
24023,11.623880269458464
24024,18.90593340182488
24025,12.187739033915843
24026,20.800013030975574
24027,19.270191615203487
24028,13.42070867966121
24029,18.4590870499147
24030,14.58332633137058
24031,17.000229917698277
24032,21.295053550001015
24033,20.63571426959907
24034,13.755807472103811
24035,17.968604126143646
24036,20.953488143504423
24037,18.013489204788392
24038,16.268468406691255
24039,16.147738385616307
24040,17.38740959240754
24041,11.536439307640185
24042,15.42632941134143
24043,13.983282641871991
24044,15.800018164451846
24045,24.179074720977837
24046,12.950492450637991
24047,12.476596812796974
24048,20.786072008522872
24049,13.574224453289673
24050,15.405301750959113
24051,19.923005882798144
24052,17.59787571011188
24053,18.35100799019783
24054,18.673139480703263
24055,14.23706750457245
24056,13.0381610994129
24057,17.669057288159962
24058,13.920017471628507
24059,15.915040770935464
24060,14.15781167428677
24061,21.704161014038736
24062,21.822560997377636
24063,12.421603091718444
24064,11.972307654551436
24065,12.549400988612518
24066,17.420967546617465
24067,16.1140296730117
24068,13.255425878389657
24069,18.011177989658606
24070,17.7018083888928
24071,10.536138878151108
24072,17.37604521775048
24073,18.15983870531563
24074,11.826187715973145
24075,15.794412414018387
24076,15.70049856161821
24077,10.895273041392109
24078,11.858388930332897
24079,11.350083061879808
24080,16.9342342194596
24081,19.35730771460289
24082,18.388022750087018
24083,15.877854180915303
24084,17.32121890455109
24085,11.95260418450383
24086,11.582993489526297
24087,9.123024662977542
24088,7.792740872198059
24089,15.77673120866997
24090,14.88185753214667
24091,14.774058858451184
24092,19.691449208608873
24093,17.76940560077326
24094,17.70928395028134
24095,17.80120905389579
24096,11.331456964597232
24097,13.399686824080973
24098,16.2083286512808
24099,15.11025539102223
24100,22.307010204533086
24101,16.421141601424548
24102,15.472432777660574
24103,14.871397064984523
24104,11.455933164587249
24105,19.62326960744665
24106,14.732743073846436
24107,15.755919175294574
24108,16.182763313615467
24109,15.318180917580984
24110,18.58214587610302
24111,18.73057639614902
24112,15.890333345390877
24113,17.63940418108499
24114,18.035264204110067
24115,19.200704284287212
24116,13.745402797056915
24117,15.246180962987697
24118,13.9799990841356
24119,10.640039896541019
24120,17.220798816247445
24121,17.343507448990643
24122,12.398897546658171
24123,13.422199764686491
24124,15.499194471020635
24125,22.47598776136003
24126,13.193998452946795
24127,21.551158299364953
24128,17.55556313146836
24129,15.376269651908311
24130,18.41634530078407
24131,11.825362950746442
24132,24.556511437471165
24133,14.573478605570768
24134,10.135178676831515
24135,22.006321929329886
24136,12.604038192856027
24137,13.580812236749528
24138,10.884648558932335
24139,14.07661851103286
24140,20.21443062651582
24141,14.818819368425737
24142,16.12521196700571
24143,19.02650871262297
24144,21.80671075488071
24145,18.873099575228462
24146,12.274710810903835
24147,24.937648482484462
24148,16.738655382125344
24149,18.761761214243144
24150,22.951216678649786
24151,18.925482538782305
24152,10.32371299885228
24153,11.528002628903177
24154,17.27944644767583
24155,16.90910621453258
24156,9.09521725165726
24157,18.67759155153065
24158,11.921380276698445
24159,13.407620014451425
24160,20.17916150859127
24161,8.495743410947727
24162,18.245033795617328
24163,18.181317044315385
24164,21.388442322065067
24165,12.755352546924716
24166,16.57486384403888
24167,19.560215854680123
24168,18.89082344733124
24169,10.528693336004213
24170,10.932523495880442
24171,16.31861149765126
24172,19.028423959714864
24173,14.706052005834676
24174,14.08846457049418
24175,12.707518432720784
24176,17.938485566090208
24177,19.082116219478117
24178,22.255742112280643
24179,14.404271332016977
24180,22.518025922019127
24181,10.735991927968842
24182,16.522959587977795
24183,10.1408579358965
24184,18.478404333061068
24185,16.661659500996024
24186,17.303841331594583
24187,18.03189565480372
24188,11.41957006108852
24189,12.566794460994323
24190,13.777219765309166
24191,12.14389731745539
24192,16.462998781590926
24193,19.5068077544917
24194,14.363134953984089
24195,15.547449717206915
24196,12.354833786165466
24197,19.141249904666545
24198,15.747487033886463
24199,9.031447615183048
24200,13.5145953416785
24201,10.08413901975737
24202,14.425126943939572
24203,17.335035294256244
24204,14.770001842633558
24205,14.990058451470327
24206,12.813546347318791
24207,16.617355144553663
24208,16.82835907771932
24209,21.662338854286325
24210,12.755143139242652
24211,24.565912324926394
24212,16.616392989999518
24213,20.31592869840547
24214,11.873719788102715
24215,14.71380358856546
24216,16.13573001633487
24217,11.245447591887608
24218,18.43266410592679
24219,14.781695307360435
24220,13.31683485866769
24221,16.588688488106904
24222,17.73430600436491
24223,13.505525773828126
24224,14.227771311496948
24225,16.14327774035867
24226,18.308063075207137
24227,13.809647540153206
24228,16.404775058012852
24229,14.155800249908216
24230,19.380219721114937
24231,15.307366317034106
24232,13.08124613295654
24233,17.05152174650057
24234,14.218944629305016
24235,20.092327952708963
24236,17.936462449291383
24237,14.087288772644662
24238,14.209547955965007
24239,17.323746371539507
24240,13.14227831303309
24241,12.550086441293741
24242,15.791145078701234
24243,13.76788084032285
24244,21.850130649064752
24245,18.693315996457223
24246,19.896567279905284
24247,21.9374527130882
24248,14.451475729379883
24249,17.36770789088515
24250,11.019299354757006
24251,17.457307393640136
24252,16.347169907919017
24253,19.893260693435327
24254,16.651642333449296
24255,12.974555763533154
24256,20.399879684769715
24257,15.737130891290265
24258,11.17667013255738
24259,16.053924655265813
24260,14.64605631114624
24261,13.81685623617934
24262,20.10199112389615
24263,17.35785651773203
24264,17.638452802229097
24265,16.358338274265314
24266,15.07612997460377
24267,7.955418908492783
24268,13.284882396119531
24269,15.024062280257393
24270,18.0220533148999
24271,17.427975802984726
24272,14.9963865785965
24273,14.374507668333772
24274,19.10929013778125
24275,21.80908267444226
24276,10.56259128445735
24277,14.354411097160828
24278,17.30935041824896
24279,22.050692300080073
24280,11.757554661928832
24281,15.075927324598052
24282,14.856424541098567
24283,12.50774167818338
24284,14.650273009521486
24285,12.859031200531975
24286,14.426072615188023
24287,16.69592597042348
24288,13.157832820436619
24289,20.61685820216988
24290,12.213411951326034
24291,19.72442885501076
24292,19.777212468067084
24293,15.26832135891068
24294,15.469314650417724
24295,13.422048853882943
24296,12.15559902167836
24297,15.102256282353299
24298,18.171866622636465
24299,12.718630407862229
24300,20.271264730494707
24301,16.78095837099162
24302,15.518981366386772
24303,11.803763565129126
24304,13.734700447482751
24305,19.909357905036234
24306,15.394756722414467
24307,17.16951270996349
24308,12.750652765878378
24309,10.143316173694505
24310,13.324751110616303
24311,18.867400889496846
24312,11.981705700856361
24313,11.491049479721482
24314,14.008869619308024
24315,13.455809236253167
24316,11.781534368540775
24317,18.677125552658275
24318,17.284802080367363
24319,24.584135672754705
24320,14.582950210542446
24321,21.61736169445218
24322,15.717563295742837
24323,13.194804873737347
24324,16.97436975168909
24325,12.544048531806457
24326,13.45742582900481
24327,13.120131101217467
24328,12.971001028024398
24329,19.736571718620183
24330,13.910566347691557
24331,18.960941576762423
24332,15.047909219428584
24333,10.086973104021254
24334,18.318704314472953
24335,19.02038112569344
24336,16.37478610991318
24337,15.674193045247454
24338,12.565793842553795
24339,11.709766037599628
24340,13.598138356142854
24341,17.334783019734573
24342,17.60661541984431
24343,15.500102223014201
24344,11.460097976879046
24345,17.712263203611514
24346,13.957827957463065
24347,11.830147983410296
24348,17.746132478556994
24349,15.983255401407813
24350,16.101684450369717
24351,18.929353330262764
24352,17.76731338176409
24353,19.0165442535302
24354,18.101468753445246
24355,16.86252259371392
24356,16.611818122077793
24357,14.809549381891786
24358,13.522820987032588
24359,15.497535073748109
24360,15.54020023322269
24361,16.071013130354423
24362,13.33114485353304
24363,15.991538059087317
24364,11.460485701009315
24365,20.148727874908033
24366,16.65192391963909
24367,11.216287450001643
24368,15.443457864868044
24369,17.067323165287767
24370,24.220679887972494
24371,12.208401725874857
24372,16.356902493246622
24373,18.92452228559285
24374,22.126735369820523
24375,15.377635386566459
24376,17.888327309415587
24377,14.820119382541307
24378,18.614669543863418
24379,16.872157278738847
24380,15.799073138814725
24381,15.949147254505935
24382,18.36870881781079
24383,19.554082154815717
24384,12.033999227670794
24385,12.744550267426627
24386,11.9401466635246
24387,14.800369055505323
24388,19.007512551952463
24389,12.146050599127133
24390,11.216104467902175
24391,14.618051070837547
24392,16.731393962956176
24393,18.46301362903219
24394,11.596633947910851
24395,15.862650226678328
24396,13.09933296092736
24397,20.84500537373672
24398,14.685735190266392
24399,11.697767712842296
24400,11.807616549105978
24401,22.74536842667053
24402,14.669343929152276
24403,20.64296551933214
24404,15.471991927119811
24405,16.34644958593214
24406,15.98815272174208
24407,16.95958424592886
24408,11.806937889121233
24409,14.59743520353917
24410,13.602288278272594
24411,17.281157138471244
24412,15.111320848782299
24413,17.16303859742613
24414,12.859667947376272
24415,18.9667034280097
24416,14.219842919217243
24417,21.089590387808997
24418,19.894081215156653
24419,14.654256702985958
24420,9.786543020087612
24421,14.968078569221944
24422,12.913609275615475
24423,13.867304431887767
24424,12.389282493737106
24425,14.355427025853006
24426,12.380100693023321
24427,16.85123498875123
24428,13.089502488492126
24429,11.466121379482484
24430,15.739885910218183
24431,11.570758223238261
24432,16.16002097293378
24433,9.548782303324845
24434,11.580497137540581
24435,15.873911219207487
24436,17.831248013858414
24437,12.970469834513432
24438,14.431350320840362
24439,11.184446446026609
24440,22.495658736413766
24441,13.504783892602905
24442,20.717942013111028
24443,13.345972924901009
24444,9.101117302807223
24445,15.223439317171819
24446,16.86284813357107
24447,13.77020479849758
24448,21.307269135180814
24449,13.645614286348124
24450,14.572818229219799
24451,14.541268065562758
24452,20.161511290165834
24453,14.089637293417864
24454,7.814941714285402
24455,11.442452367233676
24456,13.410992378669796
24457,13.631124704049451
24458,21.960853006728605
24459,16.71137356992336
24460,18.044163162028248
24461,14.07107067145701
24462,15.04243194067548
24463,12.657561705943031
24464,13.655828589680159
24465,16.610738303916506
24466,18.341361588582117
24467,16.217865984124764
24468,10.033868061778549
24469,17.953620109478884
24470,17.89083623717704
24471,13.62313917670145
24472,13.278380898305645
24473,15.15224133096628
24474,12.948085503280865
24475,22.4637515021885
24476,12.527953795922375
24477,18.811785645026845
24478,17.038159553266627
24479,22.16992780957888
24480,13.207698143478769
24481,24.423277283613388
24482,20.199067247834307
24483,17.152063128348892
24484,16.363526216769152
24485,12.423616067864323
24486,12.115506553658744
24487,9.94986262375247
24488,17.055677453270135
24489,12.121127979725003
24490,14.058449564014683
24491,14.418501253366387
24492,13.723939466544444
24493,20.92441847375529
24494,14.154937037308503
24495,20.92580994244584
24496,16.701460740424164
24497,25.34294531173711
24498,18.419650305255075
24499,12.730552700046793
24500,15.760707608779015
24501,19.549208170863295
24502,14.390429784604525
24503,17.017729608024936
24504,12.250777270902763
24505,14.323486007059351
24506,20.873636540196173
24507,14.319183435350398
24508,22.3352907022688
24509,18.96421823514634
24510,13.435325953579143
24511,22.235447113605566
24512,14.932096236672624
24513,12.12944242617814
24514,16.221429978539618
24515,15.127227466601232
24516,11.00782896592877
24517,16.202525980533427
24518,16.632975988947575
24519,16.675472643341223
24520,13.757019007491131
24521,21.924208208690224
24522,10.209211528341093
24523,18.86948530712224
24524,15.258344002613175
24525,13.855890970336292
24526,17.769008402179402
24527,14.51337780242633
24528,20.345277098623264
24529,13.863200898457192
24530,16.023047394476592
24531,18.216537260007133
24532,11.84386099669144
24533,14.740871629484158
24534,14.975803941710955
24535,11.370163553093839
24536,17.808293180103593
24537,8.9081344043099
24538,23.24120025372884
24539,20.193394979642903
24540,13.92434833856085
24541,14.459648487744536
24542,18.020163857053063
24543,14.321497134243595
24544,19.566692378326415
24545,8.415636704769852
24546,18.807491340658636
24547,13.911859995290126
24548,15.43164899492666
24549,18.318803612256712
24550,13.056429853319152
24551,15.770817616694435
24552,16.214690859879887
24553,17.916890324126676
24554,18.254664755933163
24555,10.214502452485362
24556,14.397855741539757
24557,22.04139952228465
24558,16.950683899000232
24559,13.225057826622997
24560,15.552048109952755
24561,17.66597967376685
24562,12.867513626544913
24563,17.152978364554343
24564,11.909473990734487
24565,16.390013101015057
24566,16.062022091286444
24567,17.62350261627884
24568,16.625907756019004
24569,17.954906669313047
24570,15.135880172521764
24571,9.2017362712533
24572,16.71105558430309
24573,20.953367174411678
24574,18.347518086677795
24575,19.829228961627848
24576,9.529156162059092
24577,17.42358867046748
24578,11.141574664262754
24579,14.72816785004929
24580,14.853982441687434
24581,16.604252486910845
24582,13.680892426380147
24583,14.831346147939763
24584,15.891308730307822
24585,16.55606379984591
24586,11.701381318488782
24587,16.47942786260631
24588,14.162093783544274
24589,24.29965030986115
24590,17.36653757270677
24591,16.259554902203256
24592,13.872194245221985
24593,13.817472848667402
24594,15.724709485592998
24595,17.035721467627397
24596,17.88591652887927
24597,10.687426141108073
24598,16.871559578715974
24599,13.035152385572024
24600,15.941211573162333
24601,18.4973500355881
24602,11.977340832687066
24603,13.818997966646123
24604,20.669266099526375
24605,12.479199178560638
24606,10.64276043198713
24607,13.435090880702433
24608,20.105231779091135
24609,19.56071589105109
24610,15.085050395020167
24611,13.827854839808753
24612,12.987074825731161
24613,19.791804472224797
24614,12.37323826211922
24615,11.440742212285176
24616,11.731636276696367
24617,8.719375279204767
24618,11.731085620400247
24619,12.315407854532404
24620,15.953257762679012
24621,18.534513691493512
24622,17.736046437821685
24623,18.0605438846854
24624,16.31902463694795
24625,22.48175777984087
24626,13.667045239215106
24627,15.733647793615658
24628,10.012498233826307
24629,19.662497477377407
24630,22.437502485200426
24631,15.54935381870949
24632,13.017853882873656
24633,16.23286113293682
24634,13.266163977892521
24635,11.623843715067384
24636,18.164935241661205
24637,17.240008431302577
24638,13.233965688392159
24639,14.912501300960791
24640,17.301597686261836
24641,14.900602990420692
24642,13.303460394624647
24643,12.056975794146869
24644,17.22369936324765
24645,11.69582984870977
24646,15.010633093138606
24647,18.155509028700152
24648,13.885938622938129
24649,18.408028790962582
24650,13.023753887663183
24651,15.035305476043389
24652,11.216740029857867
24653,12.405695420077919
24654,13.68016227298962
24655,18.296795690608203
24656,16.560055574261796
24657,9.054934999473296
24658,16.626143079367004
24659,15.41881219039383
24660,20.807278875622913
24661,15.414170861318093
24662,15.19949626576135
24663,16.974883480037107
24664,15.454943128301093
24665,14.0095101263386
24666,9.636941463117562
24667,14.272629294045343
24668,16.062549329568842
24669,18.562524647896353
24670,22.559435581073977
24671,12.268090910795852
24672,14.43262066556249
24673,8.436220803390565
24674,12.62868044520055
24675,13.697411693017017
24676,15.508932129063131
24677,19.876347929838566
24678,20.568785332883692
24679,17.585557981110092
24680,19.602444672273947
24681,15.832403250355567
24682,15.033275717267358
24683,16.369218736121653
24684,12.145897454707484
24685,16.8748059478162
24686,19.934858606792403
24687,14.41881627893241
24688,13.044275869453298
24689,20.47766865402543
24690,23.483577715362202
24691,19.025901949987173
24692,17.29574464647944
24693,17.52351691232068
24694,12.554253025772404
24695,18.947822913625437
24696,13.073094654827752
24697,22.366011313891136
24698,18.728185487237845
24699,15.805525372658265
24700,12.674187085072697
24701,15.035926235680192
24702,15.108287937898522
24703,21.579065377028122
24704,21.3748237871257
24705,19.153833354126608
24706,16.63675056327618
24707,22.551306109638787
24708,14.58115050694354
24709,17.657938571510368
24710,12.122970617165652
24711,12.872671676043046
24712,14.437407356959056
24713,14.14278915727667
24714,14.83946379543089
24715,16.21882524259181
24716,18.80267089938672
24717,14.279191875779643
24718,14.801876768700557
24719,13.925302203748497
24720,18.882834810167424
24721,18.790485370679185
24722,16.573188678796207
24723,13.168628979882602
24724,14.904463863373447
24725,17.3222329161178
24726,18.26251220175616
24727,18.001245958203107
24728,9.798195799523912
24729,12.839892742244476
24730,10.822536810248394
24731,15.14916238443117
24732,9.653481665342662
24733,17.254483793515035
24734,17.115061737953894
24735,18.017664978284962
24736,18.363659722292454
24737,14.506299074068078
24738,20.31023212485163
24739,16.574148822790292
24740,13.746987166563155
24741,16.557145919193495
24742,22.549273531976525
24743,13.232636611878515
24744,15.857900705503704
24745,18.181116785410666
24746,15.10748661042572
24747,24.738540004785655
24748,21.894069891459665
24749,21.389752191688203
24750,16.953132573314498
24751,15.48634908871889
24752,12.867065990484093
24753,13.64370036756409
24754,11.965210777636475
24755,11.068659294095514
24756,11.338058000125963
24757,8.707193593343412
24758,22.5941459715942
24759,10.26169545092509
24760,15.199278307116264
24761,15.839522509506608
24762,13.442459058629115
24763,20.25188464961854
24764,12.476588652716773
24765,15.836533922128229
24766,12.993297543984983
24767,10.015769182535681
24768,11.631118340900821
24769,17.256969959646
24770,17.885340282040325
24771,16.208155645062362
24772,19.09668275700404
24773,19.20757477590808
24774,18.611375056474188
24775,19.105194217283938
24776,19.709604664203667
24777,13.63913539729809
24778,16.872916679803687
24779,19.422221017002414
24780,13.607328375129843
24781,10.939265996469835
24782,19.957435081784464
24783,11.381148673480052
24784,12.54913183686335
24785,14.476175096900429
24786,14.053970126833248
24787,10.297847812840434
24788,13.375173750303183
24789,21.451275834811355
24790,15.413653430654167
24791,20.119236692072406
24792,17.9435958666365
24793,22.81221243799463
24794,13.837183187521648
24795,17.490882757956086
24796,16.0366630461902
24797,23.918427258057
24798,16.02270708057
24799,12.966192827178649
24800,13.640699984017326
24801,18.061020916520352
24802,14.273159001716405
24803,18.919969978768215
24804,17.105389530799354
24805,17.57299681155861
24806,13.985323162057744
24807,15.48199164619845
24808,13.662252044989572
24809,15.844138458900975
24810,16.238765649915727
24811,14.788231865267756
24812,20.523841903410588
24813,14.853541127634625
24814,14.528948156382674
24815,22.020127432262733
24816,18.426052527193296
24817,11.171218757484581
24818,16.01170605694592
24819,16.42178583090667
24820,24.039919871242418
24821,17.836718463435666
24822,10.88618201989623
24823,19.504284094564085
24824,11.381564100770431
24825,16.437859139249877
24826,12.855433505252876
24827,16.212964819023963
24828,15.067625578189906
24829,16.488595066868378
24830,11.400103858014013
24831,11.40516563475179
24832,18.592343056571202
24833,13.461080101858386
24834,13.494297217165922
24835,16.740673106214757
24836,14.089913996223434
24837,16.43443672966123
24838,19.3883000081833
24839,12.373077173323384
24840,11.25553718910528
24841,15.124035357135742
24842,22.7673548601798
24843,14.053047567214596
24844,12.977502616021294
24845,20.012501166329358
24846,17.002056125478912
24847,21.568119227083667
24848,23.301467049296903
24849,13.24997516763822
24850,14.566615053991555
24851,13.75455694591781
24852,16.834695076310147
24853,11.89379728742276
24854,14.890110007222077
24855,12.202674931387426
24856,17.49517830546931
24857,13.552123388924205
24858,14.935981338430993
24859,14.547416933570455
24860,13.060125321546959
24861,15.57655516108646
24862,14.688788803352626
24863,14.323655927543973
24864,17.039160061466752
24865,12.583365269962364
24866,19.59872821519405
24867,14.408023079185561
24868,12.894943295214775
24869,13.912222279822753
24870,14.110733790488858
24871,16.820303608668524
24872,16.6938522629465
24873,14.219576376277455
24874,13.077482425976486
24875,16.313711315458836
24876,12.391440352330406
24877,16.543942907122666
24878,15.603055727974995
24879,16.20942697568573
24880,13.045601143139972
24881,22.173773701638915
24882,12.370529962871633
24883,12.26422924634591
24884,14.2718645759266
24885,16.69059817401417
24886,15.298801166237903
24887,12.000912183640313
24888,10.744802453147926
24889,16.282465206182305
24890,14.464682376116825
24891,22.252568053401546
24892,16.122437225814792
24893,15.00232370516778
24894,17.262086572169757
24895,13.367276200804305
24896,19.92600677175937
24897,11.589030215544106
24898,17.185948212966238
24899,16.735578956157156
24900,15.432224232443327
24901,15.352133745055037
24902,11.223493483498055
24903,19.3368844233324
24904,16.830862626044627
24905,19.618769070970686
24906,16.081545897821755
24907,20.086284202821655
24908,16.549862813684914
24909,21.761302351197507
24910,13.852259191735772
24911,11.148074031701363
24912,15.70036281573199
24913,12.028031345104308
24914,12.630867828970592
24915,14.783762516747043
24916,18.955531338641677
24917,13.548054773315512
24918,13.757554285337193
24919,15.681139581899785
24920,16.419929163022182
24921,13.485390261793857
24922,10.75418362121287
24923,14.19627393431368
24924,9.73828514838402
24925,9.098709809622083
24926,12.64135017384258
24927,20.96711984741104
24928,13.6769300396094
24929,12.87915412859793
24930,20.847683183599017
24931,16.83626754399888
24932,16.908327543308054
24933,16.642454929214683
24934,18.236220844890813
24935,13.85777374526891
24936,15.438703885810195
24937,14.580856145985715
24938,17.455730315353307
24939,16.344289185938933
24940,16.5216820162075
24941,18.03059360658174
24942,18.26607229756891
24943,16.875399625693788
24944,19.554718804533955
24945,15.28655613494231
24946,19.643263696752342
24947,18.68498189049237
24948,17.769641798622864
24949,10.41497576639318
24950,18.447470032532078
24951,19.52161609785911
24952,24.919187159832553
24953,13.665801411683661
24954,15.280349265789141
24955,13.659285402207573
24956,20.461832597334464
24957,9.838431649733717
24958,12.63279629004577
24959,15.769240228295745
24960,17.474938204293295
24961,14.524539637318213
24962,13.43199430851151
24963,12.05544625532659
24964,14.658297305466785
24965,15.257670697839737
24966,11.838925907726672
24967,20.001498825256483
24968,13.087921719571312
24969,13.00680991171584
24970,13.25460894062752
24971,21.271421624097172
24972,20.10989424564668
24973,16.364831892635845
24974,11.450539985910076
24975,11.410861827034687
24976,12.635856686525532
24977,21.241881632945095
24978,13.357449031745514
24979,19.516297297043295
24980,18.184493884878144
24981,11.14580757373193
24982,16.197562921887524
24983,9.469457662615735
24984,14.939923375172533
24985,13.180135302492749
24986,14.075573817538023
24987,14.492370714112225
24988,16.517274117203076
24989,14.826695410085957
24990,16.807985214912556
24991,14.883168775728441
24992,15.777636183173524
24993,15.46089154268696
24994,15.550103543532009
24995,16.3468722142404
24996,21.889304376800986
24997,17.305324323181402
24998,17.68022010570781
24999,16.80381586744183
25000,17.485582718030628
25001,17.432640681560258
25002,12.413669039562128
25003,15.142227627538631
25004,12.552980961560408
25005,10.840307870302095
25006,16.179285225381875
25007,13.71000599441974
25008,19.19897513655595
25009,16.905100789902527
25010,14.130227764361742
25011,12.099700183420055
25012,16.974648604236883
25013,15.02675652222234
25014,13.220346900950616
25015,14.584021812204435
25016,13.520756000385004
25017,14.720200442834168
25018,8.713571660599563
25019,9.933781734223661
25020,14.876052824385225
25021,15.303976793082512
25022,12.965344584831943
25023,13.474880705431945
25024,13.812743201399307
25025,16.306527687727062
25026,16.28501056685986
25027,9.094534092385302
25028,13.861838649004088
25029,17.701444602069543
25030,14.745286071411186
25031,19.763400940758338
25032,15.577208274242132
25033,13.878543528594381
25034,19.570827147082653
25035,14.853607014954939
25036,12.64415256343797
25037,15.056353831545445
25038,9.652680153060517
25039,20.374933317912884
25040,18.908087531687983
25041,19.136214361055913
25042,18.549100864671477
25043,13.317177200965213
25044,15.560777202935833
25045,13.616724877355026
25046,18.957978587502375
25047,14.578822953860117
25048,21.62960171519191
25049,10.43916488115576
25050,16.062547257118652
25051,17.400477989452426
25052,20.710175957100603
25053,11.145818850010532
25054,17.075306276024037
25055,9.969886009207656
25056,21.852171072794533
25057,16.562247387704986
25058,14.477724135865797
25059,11.655375717041917
25060,23.43727197326644
25061,12.294165162184925
25062,13.467177306930592
25063,13.243437409594183
25064,11.891163205689274
25065,20.30161035947085
25066,19.00465164565524
25067,14.983230456453253
25068,13.89261372525977
25069,21.41875796060254
25070,18.885221592311076
25071,14.281165172945364
25072,14.235604137618306
25073,15.19284450802212
25074,18.341528057453385
25075,19.898949005521317
25076,16.216410517984016
25077,16.49237117312417
25078,10.834368486703033
25079,15.871768270459073
25080,21.36749720917401
25081,20.512414956515208
25082,15.117830033269009
25083,12.543594757488492
25084,16.11431235822514
25085,14.596124408963677
25086,13.280759410370091
25087,11.046490569955186
25088,16.173929947052592
25089,20.24230495032745
25090,21.986669168179574
25091,15.874433507288591
25092,14.97237059204054
25093,18.110396468373477
25094,14.509028370365895
25095,9.234657272907576
25096,15.960728049987075
25097,12.724015112832905
25098,19.17791258373095
25099,24.124194818714123
25100,13.3126830816359
25101,14.053337894701391
25102,14.906609106777653
25103,15.618960691617685
25104,12.45116259417056
25105,18.015251330315174
25106,16.490676862952476
25107,19.043006412866042
25108,14.298319847569271
25109,11.043003933336587
25110,20.637450245969248
25111,13.313505769447678
25112,18.930117699837716
25113,17.60881847708277
25114,13.73635105750691
25115,16.681179752020636
25116,12.174505164750972
25117,12.89619794738146
25118,13.211422999825006
25119,16.75795820827188
25120,14.98066431956269
25121,15.379907665481918
25122,16.028668583043746
25123,12.960911732081797
25124,19.28621455167699
25125,16.862398345828847
25126,16.70139857723222
25127,16.408449707386257
25128,16.550688611887672
25129,14.534465073905684
25130,19.02873340342528
25131,19.15530221141316
25132,20.5684264737137
25133,19.571690962968283
25134,9.101804842836064
25135,15.36286972635367
25136,13.365929965462286
25137,13.131934005681863
25138,18.848994251584436
25139,16.319644161361552
25140,22.74021775743128
25141,20.52925232152812
25142,15.493836313078626
25143,19.944314437995654
25144,13.28290254675122
25145,11.557002223610471
25146,9.505006940020033
25147,19.681424474945004
25148,18.025831677089048
25149,14.380530766663492
25150,16.380665412461155
25151,8.639491464067287
25152,18.825925886965074
25153,16.53016794696346
25154,14.454415037075067
25155,16.253671058523913
25156,13.318859678221223
25157,15.741766098466176
25158,16.675079063768045
25159,10.85479232080912
25160,19.68910857864207
25161,13.054981386250581
25162,15.43519103445446
25163,11.28077200013248
25164,12.596744943149904
25165,15.01133385634476
25166,15.724149192497883
25167,18.38970191636526
25168,16.867370670371187
25169,16.973520555099277
25170,10.979653874461729
25171,17.512424062769405
25172,17.89897610481775
25173,13.026138454829052
25174,8.031796265297377
25175,15.170594921234038
25176,18.453599848978357
25177,13.20376318658242
25178,11.868096788686564
25179,17.79302653589867
25180,15.387223013937687
25181,14.817591097714969
25182,16.270195258599124
25183,14.251330360964175
25184,14.58037681713817
25185,13.35869442526699
25186,15.706681992282238
25187,17.38372603744012
25188,15.891999032170721
25189,17.729973583346208
25190,17.21864874962953
25191,16.864647337164236
25192,13.664925981932154
25193,16.133380258562724
25194,15.169952318482144
25195,13.373880981639559
25196,15.223784060746404
25197,14.969845778051102
25198,22.128290339436468
25199,12.678715486071019
25200,20.70375930717728
25201,14.29892833915673
25202,16.182532329793403
25203,12.180238146366722
25204,16.221381482324176
25205,20.84384695438859
25206,16.93025908815539
25207,17.415018211557793
25208,23.628959423254287
25209,16.153922501034813
25210,17.951237070029407
25211,13.437229292014333
25212,15.09646014920879
25213,19.89312432387547
25214,19.444344391330468
25215,11.931591799417589
25216,14.35749513838344
25217,17.284010309360553
25218,15.081181623936537
25219,12.628400633804205
25220,14.46568466646137
25221,14.33238346490971
25222,19.065883470333446
25223,21.160181842112713
25224,19.622954001851852
25225,16.766310315797796
25226,15.493299901252835
25227,8.909238467027013
25228,16.47322185296546
25229,20.85941960356451
25230,21.754396778861157
25231,15.615512488538263
25232,13.03390435445708
25233,14.868376958721788
25234,15.530132030743806
25235,11.933344159722427
25236,15.448340806059692
25237,21.05663519484969
25238,14.98042249712414
25239,16.33751105562455
25240,17.52487093953603
25241,12.304385939592573
25242,10.047205875077447
25243,16.088650614585685
25244,12.602445585059366
25245,12.95023896285178
25246,10.87262448424559
25247,15.434166214587881
25248,15.895353497766619
25249,20.30217006667
25250,12.228898677529976
25251,10.146467684373441
25252,15.96553042104387
25253,16.209094865025996
25254,11.739475722110994
25255,14.938318499416559
25256,18.725305198223374
25257,12.051301570284059
25258,15.143401626800594
25259,14.700855229488015
25260,14.636349667286817
25261,19.155259169192565
25262,11.900278215134163
25263,14.652650088148325
25264,15.722466869701124
25265,11.91144944191745
25266,15.617568782607604
25267,18.67396948436665
25268,16.342032758207843
25269,18.19185316530563
25270,11.8440788295486
25271,13.491566962544322
25272,19.64416634097733
25273,17.675797120684706
25274,18.07034454344968
25275,16.401190528247774
25276,15.736790333477787
25277,12.80617755437439
25278,17.31863476486533
25279,12.153287354602563
25280,16.226777237180777
25281,12.405278830715273
25282,15.325016805591266
25283,11.886082594202977
25284,13.944845976257788
25285,19.43590301912901
25286,13.23458616852372
25287,12.303660663049017
25288,14.751544690680914
25289,16.797638387227735
25290,17.870006415291513
25291,16.81025347909528
25292,22.3806633838522
25293,22.65778921018466
25294,17.3628815560969
25295,17.050880850919476
25296,17.98539804479038
25297,13.957766150299284
25298,17.072260387909232
25299,20.45883765512943
25300,21.380549281842185
25301,11.195186868957556
25302,14.745595468074765
25303,13.559264459989128
25304,9.098166658162867
25305,16.849738499492453
25306,12.171101362890633
25307,19.351329108684496
25308,16.260354888496373
25309,12.751973990282721
25310,16.85318849726073
25311,14.090912428065362
25312,14.247357547059286
25313,21.478163554953717
25314,15.443644301487561
25315,24.516400796130647
25316,13.729552046676341
25317,13.929714000774466
25318,16.748461496507602
25319,12.00389419407408
25320,13.733837142851504
25321,8.698425267301237
25322,15.812491841067056
25323,14.917994698109469
25324,14.593392221456192
25325,24.407305678089763
25326,13.597031543086942
25327,11.933814504556858
25328,22.369774685908375
25329,18.443036965004296
25330,13.137652351949868
25331,17.608428901812182
25332,13.352336162361482
25333,18.362665421470034
25334,16.79891746774222
25335,12.612023167587944
25336,15.92151082830282
25337,9.241268449492157
25338,13.08770581742559
25339,13.023465567906268
25340,17.39915385383066
25341,11.501017221976696
25342,14.501280794386853
25343,19.759412510597272
25344,14.397658989904869
25345,13.881431347764794
25346,15.386177971613874
25347,22.150711499626482
25348,21.264469252009874
25349,15.533816276069736
25350,16.010454977772135
25351,14.66592221048512
25352,15.924498383136752
25353,15.026465678521339
25354,13.208668666192807
25355,13.693831178696147
25356,10.227969183207318
25357,17.52760214001721
25358,16.890956995826045
25359,15.310003144836037
25360,10.956109954176686
25361,12.939469796792185
25362,17.786338315672364
25363,13.81089879365717
25364,13.633032557270743
25365,15.9980940626975
25366,16.881485183371055
25367,18.61067223678302
25368,10.402827547705744
25369,16.539816841526196
25370,12.324151511762887
25371,16.009268116054717
25372,16.28361921251509
25373,17.820499966271292
25374,15.053259124888557
25375,14.426269762177231
25376,20.82064022698293
25377,13.530521915616493
25378,17.286708767827808
25379,14.526715491588536
25380,13.373952378573867
25381,14.036445230775223
25382,12.495588283456833
25383,15.271175987734011
25384,11.138743197224148
25385,18.699815874117817
25386,18.119260460288828
25387,11.575972760118079
25388,17.622801199701453
25389,16.385523287095175
25390,14.697213247287776
25391,14.640691391796075
25392,14.306414502689874
25393,24.7596155959287
25394,20.591167451061988
25395,19.968313329709254
25396,15.498334352923449
25397,18.606886120709408
25398,18.313940664349026
25399,14.755438749993163
25400,9.950242837619452
25401,13.448108689640652
25402,12.816385414639585
25403,16.672980518923858
25404,17.314036624769635
25405,14.897970565061089
25406,20.78276183674923
25407,17.574736231537194
25408,14.176277758754813
25409,12.657770600273139
25410,21.74063683924116
25411,11.829053317767872
25412,16.07262101840019
25413,16.229305239680947
25414,12.487955903357744
25415,14.665885850252673
25416,15.500473587448317
25417,14.081655246588443
25418,21.534215927775954
25419,11.143057246472026
25420,15.211466534933251
25421,14.378964575801929
25422,17.79249313330316
25423,18.82547773166076
25424,24.507889869962092
25425,15.23107081551907
25426,19.404898489423573
25427,13.980373777156435
25428,14.616199627903482
25429,18.739459018788835
25430,8.937307609992683
25431,13.946013118918307
25432,17.53234332978787
25433,9.733774544070236
25434,10.754740509645835
25435,17.191921708104637
25436,13.939575747820387
25437,13.35542044533519
25438,10.950628511424693
25439,15.087370868035512
25440,20.09177212530598
25441,17.924892851110528
25442,22.792947804362207
25443,14.878084180901642
25444,14.541824738519285
25445,21.801835636384574
25446,14.165394453781436
25447,17.182231162641024
25448,17.02571316209295
25449,16.9951054421831
25450,14.597898872292411
25451,14.13155918001515
25452,15.4188659580772
25453,21.754533319310003
25454,19.865679190648628
25455,16.087070031570043
25456,12.53174505432527
25457,15.62710632727109
25458,16.37640578701869
25459,11.074888860070036
25460,15.901383342977711
25461,21.445721812904296
25462,17.709289617171763
25463,16.497393086178924
25464,10.853744357524796
25465,16.74686059868521
25466,22.451851529686643
25467,13.466321407587149
25468,14.669618489629658
25469,12.237892817489339
25470,21.36324336523449
25471,16.769855137007
25472,14.143759253613927
25473,15.644428142654606
25474,9.502594227570617
25475,16.534432627256002
25476,14.480767584706824
25477,13.822497974953265
25478,12.047547371331941
25479,10.555428631501915
25480,14.118197830343194
25481,12.865428015960422
25482,14.441087219721139
25483,11.317992327518937
25484,13.65720532984325
25485,18.25703231013724
25486,14.491596627748933
25487,19.049281948159003
25488,21.650161689017317
25489,15.766770646750587
25490,11.745655678557997
25491,14.034474092904766
25492,17.182531141199433
25493,20.921308622712147
25494,15.107922249165938
25495,10.721496864617706
25496,12.719885539855142
25497,11.966272676355006
25498,11.611754117815423
25499,15.767050857360521
25500,14.335284974102219
25501,15.396693428403635
25502,17.475570269139595
25503,18.24234964190387
25504,16.36811692835839
25505,21.45764943506739
25506,16.91990871057223
25507,20.333991225685395
25508,18.782822187317095
25509,18.442823558463303
25510,11.859752862431352
25511,14.497917711711638
25512,15.20691254056111
25513,17.10535704934003
25514,19.902770819294297
25515,14.714942230021364
25516,17.137227992797417
25517,16.18872528527536
25518,9.834022330533692
25519,13.079991811851372
25520,14.245167830621494
25521,13.589500259308757
25522,15.859395133909056
25523,13.945340822589305
25524,17.39327344377731
25525,9.084352585007515
25526,13.06853161483393
25527,11.664967260727376
25528,13.492488160495812
25529,17.410696949935392
25530,16.54268378020628
25531,17.281303027877634
25532,16.26145493985785
25533,11.89289815683038
25534,10.1791742555423
25535,15.632305855697608
25536,11.219108839213257
25537,15.347355081385166
25538,20.020295267242275
25539,10.422101247710872
25540,12.73607213994798
25541,13.380626335122475
25542,12.450743153981627
25543,13.706944121990336
25544,16.47527424620943
25545,10.905409944260235
25546,18.273816980168558
25547,18.64841123062616
25548,12.910195760338985
25549,9.663768812055986
25550,17.92979374697766
25551,13.043921262910779
25552,16.93037395922495
25553,12.164174081119631
25554,23.147924266214524
25555,16.858140525590784
25556,14.407058215051947
25557,16.205752737018848
25558,12.629209229113982
25559,12.005282870590296
25560,13.044909233258279
25561,20.09624808094931
25562,15.986145273848562
25563,12.868928557642821
25564,12.135479876509539
25565,14.790528984406997
25566,18.516682007681496
25567,12.929828281417528
25568,11.512046358825739
25569,14.894118415473047
25570,20.38572128872756
25571,14.779502403606052
25572,20.21967532223846
25573,18.799087386358927
25574,14.71921339901421
25575,15.123739593244167
25576,18.91361034150193
25577,15.967659188064614
25578,9.631246548481606
25579,15.22332946023745
25580,23.610458950981446
25581,19.998146512625787
25582,15.41760256103074
25583,14.637306552254227
25584,8.432581837591133
25585,12.66194996327721
25586,14.76354373021909
25587,17.293906250167474
25588,17.498213489265545
25589,11.854797112699757
25590,10.687663954601597
25591,17.781424131026014
25592,10.450636249871165
25593,16.004257278335643
25594,13.451007868693834
25595,12.28212030598172
25596,19.257314233429003
25597,16.816131154612957
25598,9.624060683861657
25599,14.447077803684875
25600,10.489046006009563
25601,12.323975698511411
25602,15.062105084847788
25603,15.369923638286737
25604,18.468642194207305
25605,15.97665475656425
25606,16.45752950892204
25607,13.481522519534337
25608,15.177494655793097
25609,13.208564999962505
25610,19.49777537915883
25611,17.151209263171424
25612,16.248195829043425
25613,21.05764861746175
25614,11.774487801563794
25615,23.751708693939285
25616,14.269219811010831
25617,16.035811527272706
25618,19.1915744157562
25619,13.796603281724583
25620,14.616404939181391
25621,14.965284826178406
25622,10.3639783528905
25623,24.74703226733172
25624,19.24266414650461
25625,24.3903030495131
25626,14.766279834972464
25627,15.58747365078896
25628,18.830974046093758
25629,14.412665275735925
25630,17.38654719751849
25631,14.382486276205181
25632,17.852652428569648
25633,20.07063889502951
25634,15.429132117458419
25635,12.955845187420808
25636,16.010349287903487
25637,19.8272135301376
25638,12.741959456643796
25639,19.365310929846224
25640,16.088450473454472
25641,19.02509940279478
25642,11.86520413780569
25643,20.683359496405853
25644,12.800241091990944
25645,20.078893978178456
25646,11.420008996043967
25647,14.085718752843675
25648,16.19584954052706
25649,10.627267010232345
25650,12.631038226886567
25651,11.208390914401683
25652,12.029847316616895
25653,13.323046232638621
25654,19.91815526098005
25655,12.586906365057736
25656,15.315672562507984
25657,12.948685597112444
25658,16.224383794044506
25659,13.127548454581245
25660,21.942785746285672
25661,14.898014561207805
25662,15.788452207639525
25663,14.098900480973231
25664,15.826832318480871
25665,22.291209263033586
25666,18.01179157621906
25667,10.30949139098275
25668,20.24728407468428
25669,14.267760972065528
25670,12.30365389019562
25671,16.44679027695001
25672,16.946511126389986
25673,16.64559728698812
25674,18.86722717054014
25675,20.3075538093439
25676,14.364242374864835
25677,13.866940021868059
25678,16.759080960076687
25679,12.993133777552508
25680,10.424214585687139
25681,14.685664401217894
25682,21.868893675665944
25683,10.386186561282663
25684,15.216942332009236
25685,18.477441836354522
25686,13.42102569104147
25687,12.338552426301035
25688,21.642239323949013
25689,15.392421418044043
25690,14.908528082840537
25691,12.335676196900916
25692,11.909247536251005
25693,16.424107393156767
25694,10.334086106765994
25695,14.871701626645217
25696,17.945870725841537
25697,10.04748319894561
25698,16.41783346578754
25699,13.919368616431173
25700,13.447135516860365
25701,19.76690266303134
25702,10.624866957547246
25703,17.220146312505022
25704,16.518913037117716
25705,18.282922201528542
25706,16.28255604750192
25707,16.015970523715147
25708,17.412784987249793
25709,11.512253749055997
25710,14.67595263963598
25711,21.798162815973072
25712,16.850176384182028
25713,22.245132920662684
25714,22.971516147376192
25715,13.4893942407153
25716,16.640437545557095
25717,17.58791977815138
25718,17.59891452471254
25719,16.022825867337694
25720,12.061575361528025
25721,16.916847933570093
25722,13.246098629947223
25723,17.226900142749734
25724,16.783792367031033
25725,14.759378414078574
25726,16.688666986135587
25727,17.81790608967577
25728,10.619678078126121
25729,17.355148798122976
25730,14.620322592517129
25731,21.56753963991953
25732,15.288091947885755
25733,14.90422631257943
25734,15.807045448197561
25735,15.015500984485382
25736,17.361654240616645
25737,15.107594733967696
25738,13.526361944285824
25739,11.202230593312775
25740,11.262430094432926
25741,18.51019015736537
25742,10.825799364449324
25743,13.487703944851976
25744,20.80726470677178
25745,16.38035157979042
25746,12.001089870451523
25747,15.558570019524936
25748,11.134766999575627
25749,14.227724849745588
25750,11.987457595558872
25751,17.607607564894096
25752,11.25931189544051
25753,13.741705558907732
25754,11.738977609581223
25755,15.603284847714006
25756,10.786879335345104
25757,14.762288141263907
25758,19.53139994906305
25759,10.063926068147214
25760,14.835993814140581
25761,11.221943197259803
25762,17.704825274260415
25763,16.467759656693218
25764,17.757604651714985
25765,21.059376235812934
25766,15.903821404977746
25767,12.4286809119392
25768,16.65362062464082
25769,16.783084883863765
25770,14.000264207600404
25771,15.551157463789577
25772,14.438624529567889
25773,17.894396947313936
25774,16.48560975810299
25775,13.976086441735573
25776,13.498955174152169
25777,11.233263096237526
25778,9.0592315365854
25779,11.611525618875673
25780,17.72108609686225
25781,18.077048279196568
25782,15.213584325158733
25783,11.971146713772114
25784,12.193791844932754
25785,17.78981697818663
25786,19.834346713803022
25787,13.685569974683064
25788,21.672960282354573
25789,13.295907914349588
25790,14.313280874614632
25791,11.621218129686863
25792,12.455202398284571
25793,17.851121365647895
25794,13.94153300325782
25795,21.80108957080988
25796,22.019901105292448
25797,15.611219955545431
25798,19.773988646809613
25799,20.495960745975914
25800,11.775978795094105
25801,17.38906290648822
25802,20.34808415708818
25803,15.071910975096575
25804,14.437877177155093
25805,14.60152401862919
25806,19.323238364506054
25807,20.495341217665818
25808,10.49554823476458
25809,16.716976329618433
25810,19.37359795703462
25811,18.436202531844756
25812,18.766070310463995
25813,17.876747712599048
25814,15.077211942760478
25815,11.259313711415562
25816,14.362962499892534
25817,16.335088002839274
25818,15.70838755283102
25819,14.504780159812185
25820,13.837114455599634
25821,23.83564663852544
25822,15.527595340125474
25823,18.7936619317761
25824,12.733841668833284
25825,15.579724897387075
25826,23.948193268685635
25827,12.061543521405776
25828,13.900902448549353
25829,13.403393197268041
25830,15.56985529977552
25831,8.613456429930196
25832,20.33612036015092
25833,8.819347353399682
25834,13.400943713288015
25835,10.341004711778048
25836,13.050339322919351
25837,13.970653058948782
25838,13.939160661265968
25839,13.786964533384907
25840,15.571413213498465
25841,16.596287770546205
25842,21.15845725333758
25843,14.347989013154923
25844,17.919932436306425
25845,18.30740735185684
25846,11.379254439161011
25847,17.607674880956573
25848,12.27243029829263
25849,16.49387065886053
25850,13.736459519200888
25851,19.212000909135277
25852,17.414030865965884
25853,16.401881990355818
25854,15.376932938355134
25855,10.46896837647326
25856,15.845017144109972
25857,19.560686052147588
25858,19.08087628491358
25859,17.710865706586077
25860,21.099187070230172
25861,18.757126416620473
25862,16.753210638080738
25863,12.549988126049161
25864,15.008531944200806
25865,16.599091673317574
25866,14.183363608831133
25867,17.55413751579099
25868,10.735850989491176
25869,16.996683908467823
25870,15.256412132971214
25871,17.33493966196132
25872,14.088955629891865
25873,18.561603026390294
25874,16.131630597461033
25875,21.5221417365588
25876,22.04836940408987
25877,18.007951656435175
25878,18.532787645151654
25879,13.764365646627873
25880,15.92442948732215
25881,14.024909049621161
25882,24.93803474492993
25883,11.82573817940995
25884,19.58858437338067
25885,19.26003696466308
25886,11.642363324794992
25887,18.91846442359341
25888,9.135694757416449
25889,12.052518611359694
25890,12.776221484859947
25891,16.37762746604288
25892,15.32170076624576
25893,13.38832875270295
25894,15.73201638966737
25895,14.090911154948673
25896,10.984690761366679
25897,15.856555865380285
25898,10.983509882649578
25899,15.213550612276528
25900,19.467499155835604
25901,11.712179388055189
25902,16.785908849728667
25903,11.738526011445128
25904,15.972951491320417
25905,15.245309734380342
25906,16.60571305772602
25907,8.585278453456324
25908,12.4758751034408
25909,12.58072843562975
25910,20.784275788747976
25911,11.865442503152636
25912,12.052895240600964
25913,16.142191608077994
25914,13.355870968241826
25915,15.607516316554989
25916,20.39961698422794
25917,9.237759769134499
25918,14.577558552712206
25919,16.54550658562305
25920,14.869431688134837
25921,12.64479292169938
25922,13.001446256399177
25923,17.492984182308025
25924,23.302451221432463
25925,18.195640089211736
25926,20.551746548288563
25927,19.230371637664923
25928,22.427375773854855
25929,16.809079217901893
25930,19.984351961849743
25931,13.594490204806693
25932,12.066305763902111
25933,14.199555476665555
25934,16.631040194003948
25935,24.283275212117978
25936,15.698540624481879
25937,13.01085286464651
25938,17.837087922186235
25939,12.603706852170504
25940,16.845266740349473
25941,15.009120984934869
25942,19.961531751809993
25943,8.93386021870973
25944,13.252021767411758
25945,13.558072667774121
25946,11.850067788857931
25947,19.97748660690238
25948,20.894445354387166
25949,13.874771529616845
25950,13.212575162416174
25951,15.391658346031727
25952,15.389699517631419
25953,25.034879171973216
25954,10.954386230897997
25955,17.777722904332038
25956,16.564839129462932
25957,15.6005684772
25958,19.245643425782102
25959,18.908855239074583
25960,14.001739604481227
25961,19.24945286636489
25962,11.084772589748054
25963,18.514247659584967
25964,15.801655006497688
25965,11.191672182594994
25966,18.582324131425985
25967,23.107520347491338
25968,16.320731775349657
25969,14.945063559389826
25970,15.214060821653428
25971,14.218977464690537
25972,11.377973954710892
25973,24.794719754060367
25974,10.956476891217186
25975,18.277490056108388
25976,17.83039329542415
25977,15.378342057661543
25978,13.639064092074966
25979,13.231521098782324
25980,10.562871067052718
25981,15.281133550931031
25982,13.68130819602779
25983,13.468552450639342
25984,14.065742669316576
25985,17.926036414796172
25986,15.276542591789617
25987,17.07937743475719
25988,16.823893664377728
25989,17.7220906990692
25990,20.21093329290416
25991,15.452162628217245
25992,11.898688005635716
25993,16.419945658638493
25994,9.840631117668742
25995,19.156535070679116
25996,10.811264728011597
25997,18.5483572742868
25998,13.541589675946273
25999,13.831551511273926
26000,17.600232597043334
26001,13.990649484878015
26002,14.880102654130319
26003,16.83914849291403
26004,8.546267226822255
26005,16.6942154418781
26006,13.509428267049298
26007,14.47839573603628
26008,18.697173565071488
26009,18.25365244653009
26010,15.775023235439756
26011,16.814356163240667
26012,18.917977557469804
26013,20.150891222717384
26014,15.087576090880843
26015,13.399990309460339
26016,13.629126518589736
26017,10.204187399032323
26018,14.955928728279849
26019,22.956439625926116
26020,12.896221676755257
26021,18.083371550882674
26022,15.039119637792068
26023,18.707939842683068
26024,14.605129405972198
26025,14.268838656906231
26026,17.99575415046531
26027,15.190423195707824
26028,13.555248205086379
26029,18.746394771089026
26030,14.80868584958013
26031,16.168131027056553
26032,14.159166058680979
26033,13.254875005885282
26034,12.3790183737378
26035,17.226215108966052
26036,19.850075513868866
26037,22.755866309216493
26038,16.011786191102438
26039,16.320472831474603
26040,12.408530503197852
26041,13.662047641200688
26042,16.778606089127834
26043,12.43924737895736
26044,17.41830568294317
26045,18.114847363282927
26046,14.741401463463202
26047,13.746887014627132
26048,20.590159429501874
26049,18.398509649867677
26050,18.28404572896642
26051,10.78673302723492
26052,13.470934842146342
26053,19.83701433570357
26054,15.765706841176758
26055,14.205526965710739
26056,10.875678695050222
26057,16.724137566062225
26058,20.61571571239198
26059,17.670264594273345
26060,13.360449669693166
26061,18.740444791923494
26062,13.206817048897154
26063,14.144257247233135
26064,9.94557252426953
26065,19.196778548930048
26066,18.73507575497039
26067,14.547387914396635
26068,18.04452012772844
26069,22.127827305218858
26070,21.163460318840897
26071,13.289864472727237
26072,18.9111353296804
26073,22.342426193368027
26074,16.893219818331964
26075,18.688055475522
26076,14.56651669725756
26077,15.086418558436911
26078,14.532309350658085
26079,11.488429046263674
26080,11.203011432687669
26081,17.993921342066386
26082,19.03651075251154
26083,17.197772704511692
26084,12.203801725697438
26085,12.9099801600117
26086,15.56180301462227
26087,16.810778385100008
26088,11.474286405877653
26089,8.263580213670151
26090,12.38906678463499
26091,20.90178369820172
26092,16.60170835189976
26093,11.493804149751249
26094,18.554042420123338
26095,13.396917037978271
26096,17.559240318824898
26097,24.661338485171996
26098,17.245081548525697
26099,20.63535299842043
26100,17.461333533585602
26101,21.932773034844317
26102,18.1582301057038
26103,16.840931684440164
26104,16.415091881193902
26105,13.780904940275729
26106,10.087456901171274
26107,14.851854913453359
26108,18.9373564404257
26109,19.990783007563486
26110,11.575272386895431
26111,16.83853467988058
26112,22.614203586972955
26113,14.368249318324798
26114,19.606160326893743
26115,15.89448488183505
26116,18.838811669457357
26117,14.7105014755193
26118,12.861542393258079
26119,18.998639536951273
26120,13.924564992168824
26121,18.589449380882726
26122,23.769389329387025
26123,11.766366685864176
26124,16.87293041150368
26125,14.973456458288243
26126,14.508393724071269
26127,11.76771732270031
26128,11.293745379719525
26129,15.588121032622267
26130,14.916483487773368
26131,18.545751484947445
26132,15.012767224142173
26133,22.50580844757318
26134,12.174643130104453
26135,13.180222387327134
26136,15.485705238343527
26137,17.493151011480045
26138,16.3805883875644
26139,14.128792131428185
26140,13.712123714388785
26141,20.674145582655598
26142,12.256016420812266
26143,13.375213831098234
26144,16.68344632079563
26145,21.47888307895071
26146,12.177137431003594
26147,16.379366722172918
26148,13.265032448712379
26149,15.733644756005729
26150,22.303182087480494
26151,23.578399630288132
26152,13.759094314708474
26153,14.911076876978504
26154,15.686852592426922
26155,9.40397517259941
26156,18.972489131226524
26157,15.348644771199641
26158,11.820838665491852
26159,16.632282002139366
26160,22.120792608717636
26161,11.538551072925191
26162,14.206674216415294
26163,14.414272598851321
26164,18.28470444054956
26165,17.727653327488007
26166,16.800644372587193
26167,15.07366014597224
26168,18.000333103960074
26169,13.44619077005526
26170,20.94955139017855
26171,16.655999310786616
26172,16.27745961974849
26173,17.709675444971502
26174,11.812733966704464
26175,20.355282800607284
26176,13.159141477870842
26177,18.902911818061774
26178,12.064739421363202
26179,15.561577172510278
26180,21.47337687510148
26181,21.899904072779037
26182,17.502231649697585
26183,15.56059148373581
26184,12.90592770623412
26185,22.46284814038013
26186,16.17200273465655
26187,17.04453764895188
26188,22.94220498064115
26189,19.05102501355877
26190,17.725061731563223
26191,18.23303713133837
26192,18.875645082619105
26193,18.78973953066449
26194,16.106935451107226
26195,12.692044140808937
26196,15.376911304515081
26197,13.870436863252248
26198,22.21908860883582
26199,11.210363838297292
26200,10.87763004929913
26201,15.161303953949867
26202,15.017173552909666
26203,9.537336845103193
26204,13.354734985504134
26205,13.078806806280427
26206,11.653815336072352
26207,14.866220819958917
26208,21.648691426754617
26209,20.68361681462328
26210,22.281512293951053
26211,14.887886579708585
26212,22.7954584764668
26213,15.647447808804719
26214,11.630477571958654
26215,16.00458326652594
26216,18.371363369692613
26217,14.956706905428561
26218,14.782538797817702
26219,19.491728706077694
26220,15.368042159169972
26221,16.087271226472218
26222,21.368043589722056
26223,20.226565717802266
26224,13.204158071300732
26225,17.250500417857992
26226,13.806532480300104
26227,18.003094356354786
26228,19.19146194560505
26229,19.69032592773131
26230,8.99994633426164
26231,13.443178200404924
26232,11.920034702261306
26233,14.578856105944261
26234,18.123104123304664
26235,16.637181598918183
26236,15.592782857865668
26237,20.72421692721649
26238,12.101227127124222
26239,21.51841472393062
26240,15.659725841219332
26241,11.06490373491868
26242,16.257724079191313
26243,17.117127022889548
26244,15.364843196973087
26245,16.09397446595687
26246,12.019776345504948
26247,13.962074922514393
26248,13.061466151765366
26249,13.382284596255442
26250,20.851321838769714
26251,14.003543180447355
26252,15.211456940904817
26253,12.769610893518552
26254,16.222680833981812
26255,18.587655341726403
26256,19.926949668816306
26257,8.269591932672448
26258,15.95145688328809
26259,10.69131271884335
26260,14.061103309059352
26261,15.904539132369303
26262,12.30763411546048
26263,12.219880247826339
26264,17.06556807340757
26265,18.29576382199398
26266,14.379957209400551
26267,15.829291018793578
26268,17.986409453615472
26269,16.807864227289983
26270,15.872888163741193
26271,17.994715716479973
26272,17.835378789014207
26273,17.50745813124884
26274,13.993184910553548
26275,16.47222301033704
26276,18.154506669378204
26277,17.31874321045909
26278,14.012794684577537
26279,19.805968394289476
26280,16.4353952302313
26281,14.352880956216367
26282,18.380648700063677
26283,15.874663815825338
26284,21.052767870231527
26285,17.01297789727193
26286,11.8653178268372
26287,10.798874291091666
26288,16.281513701951475
26289,16.63179528806257
26290,13.291308352310743
26291,12.684447746839167
26292,21.070873498996427
26293,14.18552204519562
26294,14.51722857737227
26295,19.85954421503599
26296,11.955094050407078
26297,18.55854757383871
26298,16.272845552219216
26299,21.588545774972438
26300,17.76613467877776
26301,14.91016869950939
26302,20.278669666928543
26303,16.119439038992567
26304,16.539562754101524
26305,24.294800360572225
26306,13.538785377007592
26307,15.572171855161121
26308,13.754911041284627
26309,13.203049578674587
26310,23.23638728810591
26311,21.714663664638387
26312,16.048173004690966
26313,12.765669795670247
26314,13.642452046967687
26315,15.65030736705332
26316,19.102728393907412
26317,12.83970867940054
26318,16.77466245962919
26319,12.824283233331753
26320,16.62243586561884
26321,10.556818744530373
26322,15.171304571702798
26323,14.448631550325093
26324,12.834815853069609
26325,18.527034043342354
26326,10.548684032149664
26327,15.198925265021913
26328,16.72151804346666
26329,14.316475926787852
26330,17.685376652548538
26331,11.375082959318036
26332,11.384169151221467
26333,15.109764844500026
26334,15.349214314781738
26335,24.299398698059512
26336,15.238961653707817
26337,19.097359132163312
26338,18.274652793773914
26339,13.190566000810168
26340,15.27247546154825
26341,19.34946456343217
26342,15.243053896227885
26343,10.407499929882162
26344,17.94155183206172
26345,14.298854440538788
26346,19.609709341105507
26347,12.158862073820396
26348,11.705357023464359
26349,21.62177823264127
26350,15.375012512815564
26351,15.347985158172534
26352,18.82289192418616
26353,17.80386679477826
26354,12.47928241908575
26355,24.832046060161574
26356,11.640273483609178
26357,18.551026064044883
26358,12.838038938793975
26359,16.030680425625178
26360,14.800703241254888
26361,18.555182322454915
26362,9.323164957023002
26363,10.027400023982324
26364,15.408524378355027
26365,16.132531288812064
26366,19.372072213822243
26367,18.69551926768007
26368,20.30050308910041
26369,19.623820554747773
26370,13.906906172998902
26371,17.994484952827236
26372,16.653272047782746
26373,14.22910237557696
26374,11.513983830086705
26375,10.190548375604973
26376,16.952608896736933
26377,22.522679702397646
26378,17.630003313061763
26379,11.993468741573547
26380,14.258844760213451
26381,15.803983223358696
26382,9.47867995133943
26383,22.125171002006596
26384,18.66882206062555
26385,11.47000578306558
26386,18.135849900845262
26387,16.430778623290593
26388,15.436581647418917
26389,18.325741100263244
26390,12.921052950487216
26391,21.58547088094715
26392,15.744997435326853
26393,16.2521491084698
26394,21.850831288750086
26395,17.93971364057321
26396,15.425670916231788
26397,14.46807138073317
26398,11.889753136774905
26399,15.795360217694155
26400,15.642560970054115
26401,15.357232585480991
26402,13.216860897252735
26403,13.793522422480825
26404,16.179425931665172
26405,10.020874054860979
26406,24.270186222443385
26407,19.902803821229277
26408,15.247576303491572
26409,12.233347777986346
26410,16.424267842060978
26411,11.976406818056125
26412,14.826758697832089
26413,12.364245720995196
26414,13.325672944268055
26415,19.156959786688148
26416,20.09022181870433
26417,22.96014355641673
26418,15.909119364022244
26419,11.144420922128216
26420,19.405874228922556
26421,20.853124951818835
26422,24.671577241543247
26423,10.581845511521948
26424,21.49931347811321
26425,10.703573564070002
26426,10.189801530561478
26427,20.854160326634872
26428,14.27625772976718
26429,17.607913748531637
26430,12.32275602269606
26431,19.834449228332943
26432,12.704891202002155
26433,14.964018720360455
26434,20.036075148040755
26435,11.719589826109758
26436,23.90864970088498
26437,12.391113718361694
26438,22.74366564901895
26439,13.888521379205
26440,16.876487661057567
26441,22.513243368651146
26442,18.47687580697543
26443,14.781147588021417
26444,12.878177394266338
26445,21.779882959527143
26446,17.48589193327289
26447,16.662799627544032
26448,13.675183181281533
26449,20.024569057371167
26450,14.944326379037667
26451,15.123701721331338
26452,13.122641690882677
26453,11.305094463835337
26454,15.436359570428854
26455,17.606477720168314
26456,11.319420197086632
26457,18.183002422173637
26458,14.314178276559558
26459,11.599218001760217
26460,16.02392356573116
26461,18.527860277039494
26462,22.040289452150816
26463,15.16322006588696
26464,14.488490591178874
26465,10.773153349332642
26466,19.660589250392494
26467,14.006525609289247
26468,11.927752141194844
26469,12.853301877322314
26470,13.766271468265485
26471,11.059135893508556
26472,16.425239825904484
26473,12.188281046610904
26474,14.27994841977635
26475,12.679335540831532
26476,14.683004651760578
26477,17.36229270994661
26478,20.9934744897198
26479,15.721729145057674
26480,18.803844685682037
26481,18.64982396714076
26482,16.410971695635787
26483,13.50234460484055
26484,10.33677604542847
26485,14.148952638326554
26486,15.11151973640274
26487,20.0848360461379
26488,15.169038794385528
26489,16.239394830255108
26490,16.361690837966023
26491,16.506319501674348
26492,16.442498177405703
26493,15.721309959433947
26494,18.327417436813413
26495,14.438602459437986
26496,11.25132459314151
26497,17.670058603302945
26498,17.32506248248705
26499,16.929821258048666
26500,17.410566458812827
26501,17.925850599041517
26502,21.744730360626576
26503,12.699694267706906
26504,16.34379031315141
26505,8.164527581475529
26506,12.056375865011713
26507,16.721420546947144
26508,11.692952284869023
26509,20.07719453157962
26510,23.89798285899049
26511,14.718181814683412
26512,20.159304894198193
26513,17.014655961315267
26514,17.44275994627725
26515,18.458068313106605
26516,16.64231629766725
26517,11.519109918148288
26518,13.234095492103215
26519,9.799231900525447
26520,17.95478196535275
26521,13.13168091568711
26522,13.686032563512388
26523,16.214395245378746
26524,16.15824175934859
26525,13.216176234561
26526,19.507900206935908
26527,12.212846205748743
26528,13.338530206856568
26529,20.411379134222365
26530,14.799398470393266
26531,19.404610443581177
26532,18.14419053789704
26533,20.9325078538023
26534,13.93238318184199
26535,17.307582910405326
26536,14.924372697860395
26537,14.823627542567811
26538,15.327068229850001
26539,12.05022123123556
26540,17.034584674122566
26541,12.695857691907879
26542,16.474674478161695
26543,18.736790347173688
26544,12.114575016912525
26545,19.115857934122925
26546,17.78433094232507
26547,13.276465810638662
26548,19.51273061656962
26549,14.56565295867109
26550,10.552909814831636
26551,12.690787295441908
26552,14.860423063512052
26553,19.218508187740497
26554,18.194661380659504
26555,18.07609989447869
26556,13.007617117236652
26557,15.74158773100684
26558,12.018072952528321
26559,15.882196960942222
26560,10.668735184377814
26561,15.101681327369352
26562,16.82053753366594
26563,15.493779941604776
26564,11.949604266997495
26565,13.816329768389767
26566,17.454969088737855
26567,15.727546781617662
26568,21.978440977732504
26569,22.16725412039579
26570,13.499235041333751
26571,17.127428482533773
26572,19.693965272543288
26573,17.296271370152816
26574,13.200174485547608
26575,13.483771134611022
26576,20.823948976209785
26577,14.825393977969258
26578,17.42990754984335
26579,20.904027512172092
26580,19.097231061026022
26581,18.338696438468176
26582,12.304106805013271
26583,13.629063146443524
26584,12.370209593075487
26585,19.363765406034197
26586,12.877146049726182
26587,13.047512527512094
26588,12.428938124450976
26589,11.328670721926855
26590,15.624312623381778
26591,19.34252622111336
26592,19.320897576439442
26593,16.50612992128945
26594,20.96642629032368
26595,14.576113700126585
26596,20.5175112134104
26597,18.112994422904784
26598,15.822392447150692
26599,18.866151337692408
26600,19.080818989857704
26601,14.996350409030033
26602,16.76381138747065
26603,16.682132838431805
26604,15.127691319949692
26605,16.637558446733244
26606,15.138806283246398
26607,14.7111921494783
26608,12.052614635261204
26609,10.525028890942517
26610,10.632590622983663
26611,16.660704666753766
26612,15.666026393477681
26613,17.369729935064754
26614,16.64388235932497
26615,21.718570799982473
26616,16.510066006226623
26617,16.960954167007706
26618,13.00412239883987
26619,14.561997611380447
26620,15.184404586901346
26621,15.868143750640328
26622,14.18963301685168
26623,13.399793775866707
26624,10.291290030489899
26625,20.70048880819091
26626,12.214077708732114
26627,9.149930802445093
26628,15.28347976928948
26629,16.905012818697237
26630,18.827698087104697
26631,11.928411350987474
26632,15.268512321614482
26633,14.21668360229759
26634,12.26718735221893
26635,9.850475704875251
26636,11.316886985555225
26637,12.151851286233708
26638,11.069119583886389
26639,16.559001367947396
26640,19.2762875008629
26641,16.481011856693193
26642,12.407846273909023
26643,14.712720366782891
26644,21.27409745985069
26645,16.796311579189826
26646,12.492511886942918
26647,13.830487476142501
26648,15.472606766515835
26649,13.149774849684313
26650,14.033291032951523
26651,19.474655884901438
26652,14.674459429381331
26653,15.100048521946029
26654,20.12889211534086
26655,16.50216360064787
26656,12.7549292679846
26657,16.47958538889153
26658,14.545266724433516
26659,13.76451075668614
26660,18.055604632545815
26661,16.803988315853466
26662,11.410699666310506
26663,16.63673578121756
26664,12.340913262271375
26665,13.455030424203123
26666,12.317229811537953
26667,16.114507470470457
26668,13.577446157385962
26669,11.965138082200882
26670,15.307431791008735
26671,14.423936035529088
26672,16.582918321095846
26673,12.69111619247953
26674,18.352805219927212
26675,15.109426354009255
26676,14.229855317613218
26677,21.253710802945506
26678,16.185410740631333
26679,17.35046039116734
26680,12.665177323675435
26681,18.11422633560754
26682,16.991135507763616
26683,17.26453283874728
26684,16.262508023800123
26685,16.649369641341124
26686,13.45898656453754
26687,16.686922586679103
26688,13.923265019256737
26689,15.000576520501625
26690,20.065510300985633
26691,15.919704352314689
26692,19.40546851123031
26693,16.668968636075903
26694,13.388063318351806
26695,15.723951668488539
26696,14.630758777300503
26697,19.87807291154882
26698,12.344238552765315
26699,13.169040771293176
26700,15.300915771735776
26701,12.946280323675143
26702,15.562724254755938
26703,15.29187201269715
26704,17.984656224182793
26705,15.539806736796404
26706,16.63478216132643
26707,20.625421690495962
26708,19.917305124069557
26709,15.44020759310206
26710,17.496961694083275
26711,21.80956353957253
26712,13.88627681799735
26713,15.52090454230163
26714,11.40326706354764
26715,12.522815559922364
26716,13.623556649401591
26717,22.735248451892893
26718,20.28172069375004
26719,15.57169312540563
26720,23.969473208670195
26721,9.928588940042022
26722,22.987046437672966
26723,11.190867682843148
26724,11.9563723433145
26725,18.47970680463168
26726,13.64819762748417
26727,11.009864348476931
26728,14.326367924038651
26729,16.122901488314902
26730,13.036533360328557
26731,18.539884900193222
26732,13.148481790679782
26733,10.8107210267652
26734,14.179820302267844
26735,15.118344643034128
26736,9.541238326808315
26737,14.99350732339957
26738,10.352778476790778
26739,16.444560095286782
26740,18.2323599981001
26741,15.937279229972466
26742,15.246590965626805
26743,12.807920631485619
26744,15.571069089836106
26745,16.702448516987623
26746,18.209331263825995
26747,13.398410690075057
26748,9.578697383027581
26749,16.71977075654069
26750,11.706308729909956
26751,15.327049819419086
26752,15.848839528142234
26753,17.69421206481234
26754,10.428169960856401
26755,12.195112414700517
26756,12.5546764054026
26757,16.889504011549647
26758,17.767485185267777
26759,18.311122534243246
26760,13.005824621271845
26761,14.726156871498752
26762,7.909516084806597
26763,14.327478212534194
26764,12.988345984538764
26765,17.011012919657887
26766,11.694176315916346
26767,20.950111048422723
26768,18.16612593351356
26769,20.30428278633766
26770,13.821178820555655
26771,17.297099705101914
26772,15.292049529621897
26773,19.84733711908763
26774,10.648629840493268
26775,13.253842023262141
26776,16.872678712527353
26777,14.020148205841354
26778,18.705683723717605
26779,15.364914313688905
26780,11.432654909459803
26781,14.10148192755223
26782,19.119577123923833
26783,14.65606708975098
26784,12.118750407714707
26785,15.570556285373433
26786,14.35367154412256
26787,12.773354820591486
26788,22.60052261325476
26789,14.255186007823953
26790,17.217396271261286
26791,13.677943066133805
26792,19.90418098263583
26793,16.692509777348924
26794,15.813247800749016
26795,20.406253777559492
26796,18.895901966060777
26797,18.28287680304821
26798,13.853929055197748
26799,19.081388849967908
26800,11.7540092979043
26801,14.488580484971608
26802,14.462083725442158
26803,14.78643641229359
26804,15.552401809969679
26805,21.96877740113969
26806,15.051274886388601
26807,22.172186822737707
26808,15.809423940421498
26809,15.93607260107142
26810,8.879708236362921
26811,14.379533515750637
26812,20.104239307954835
26813,15.908551000834892
26814,17.17367106118336
26815,11.558932127940428
26816,14.916636037594664
26817,13.510448392827954
26818,10.997857111572367
26819,19.13924444966208
26820,15.761077770522775
26821,9.450898750815238
26822,16.12944609679579
26823,10.247277194516235
26824,16.360813253063476
26825,16.864223561722
26826,18.067222132533132
26827,18.714686870256457
26828,14.558706589608919
26829,14.996441865535722
26830,17.71663872419027
26831,9.764916966587672
26832,19.04128482783905
26833,11.760769085857717
26834,11.951507646740982
26835,15.573976861787694
26836,20.640712769816695
26837,16.69065722003718
26838,12.726234580115179
26839,16.886081646633805
26840,7.600804128313184
26841,14.889144338147211
26842,7.667263744298625
26843,16.26628928518717
26844,19.23911883459197
26845,16.225739643610957
26846,12.86360840980218
26847,15.04181389191652
26848,16.513305182496467
26849,15.678375162604285
26850,14.034846601409319
26851,13.551690945857652
26852,21.90332730443608
26853,14.578428825276086
26854,22.917790595210867
26855,16.259593523539664
26856,21.690706354571507
26857,14.473658456004564
26858,16.738355169181894
26859,15.02628179671248
26860,17.72160266186858
26861,10.430520623969908
26862,19.91144198381889
26863,19.628545457060667
26864,17.637215352984185
26865,21.992794608616265
26866,15.46488327442714
26867,20.40027035963498
26868,14.35414975681747
26869,13.466783660283186
26870,17.364185438900883
26871,14.769916605380649
26872,13.06198774349134
26873,20.92309768166367
26874,16.426555621070875
26875,19.970411339482737
26876,11.89003235851193
26877,20.742333194570605
26878,20.814408900395375
26879,16.567663645240543
26880,14.094985935591165
26881,19.044560942536137
26882,11.915225983831832
26883,12.395192931195115
26884,13.062009798025642
26885,14.161500423696618
26886,16.905150095601925
26887,13.187368969852788
26888,16.607063972895723
26889,17.850039489195748
26890,13.48538428456538
26891,19.426100987734664
26892,17.973927650554195
26893,18.406943932920584
26894,16.383184621064053
26895,11.676306780053494
26896,15.44360946415469
26897,17.969426679022376
26898,18.729568952775494
26899,15.421168039902284
26900,14.474565861652495
26901,18.540665913565945
26902,14.153708392971867
26903,18.03493839833151
26904,16.582585030806005
26905,10.572069218693915
26906,7.66539142892163
26907,16.978204066053866
26908,21.623003537666534
26909,20.06932590163558
26910,18.844181496830792
26911,16.9374199538196
26912,18.70923839060435
26913,20.555726368740494
26914,14.250522930464838
26915,18.880635296470246
26916,20.65450303416882
26917,15.141082667546732
26918,24.346500745979938
26919,10.597983590822459
26920,22.57321191461672
26921,12.6214274994613
26922,17.800149464547257
26923,12.607382418029756
26924,13.933992047542997
26925,19.908294905883597
26926,20.494024299518877
26927,10.827871535006093
26928,17.55533379588877
26929,20.146818156017268
26930,19.206429361028114
26931,11.991352200750605
26932,17.402768482631004
26933,19.825712840561913
26934,16.69486204291013
26935,13.300382468450476
26936,16.10294907542859
26937,17.099008564444404
26938,16.293209156941103
26939,15.501193275689525
26940,16.30373604379505
26941,11.254223086011734
26942,17.691176271430407
26943,15.721412917581487
26944,20.594132113147488
26945,15.42438723652605
26946,15.439353264516527
26947,15.562686246060794
26948,13.653149584446643
26949,11.0674429256036
26950,12.62520087907404
26951,12.315161398883834
26952,17.768803494598437
26953,14.745332629224684
26954,15.141564227611003
26955,14.713009625871287
26956,19.71536575608078
26957,11.038446132717947
26958,16.74344386854294
26959,16.807302756157306
26960,11.59401521843398
26961,17.53381603802672
26962,18.2916188939748
26963,20.396597953226344
26964,19.831562502263907
26965,14.14925591136858
26966,10.627306671558816
26967,19.827961072121518
26968,20.512511355260408
26969,12.91171480666027
26970,14.668495687982814
26971,14.183951100441066
26972,16.80643734495527
26973,19.382474663137728
26974,11.930970852015022
26975,16.576779441400262
26976,10.52682335946982
26977,18.149304113506954
26978,18.18742564734844
26979,12.800399387068488
26980,16.811874901065167
26981,21.806936359093765
26982,8.312607336416079
26983,18.924728997779873
26984,13.739681554088314
26985,11.977189643552546
26986,15.435853670886091
26987,18.45935948922581
26988,14.724507114149203
26989,18.073272094273747
26990,21.504856629916375
26991,13.042320171396206
26992,13.824631477048879
26993,12.358889413227441
26994,16.35122411202767
26995,11.839462594629703
26996,17.552591345184567
26997,17.476906447459427
26998,9.154345771899271
26999,21.462235081347572
27000,13.351922072829556
27001,17.28004264018845
27002,20.121892847787635
27003,21.47062580436591
27004,13.881050895476456
27005,13.055127129318638
27006,12.102337127299675
27007,15.58300349399278
27008,13.642236687556512
27009,17.92337338319453
27010,13.537868034257603
27011,22.17115977335495
27012,13.763051342287149
27013,8.822084872228498
27014,19.13606651292868
27015,14.271990889678147
27016,10.210930870561658
27017,19.218558455117602
27018,14.347775564138866
27019,18.82136237098213
27020,16.202337975962166
27021,20.045527345779355
27022,15.84692477253141
27023,18.87826207511553
27024,12.85848924980957
27025,16.515189656642058
27026,13.408850152181454
27027,12.586183092251755
27028,16.820021883580964
27029,18.587929627472107
27030,15.349078518208687
27031,19.12368583624199
27032,18.989939512108787
27033,12.767239491354015
27034,18.656031543174613
27035,9.383250379740122
27036,21.68448272230625
27037,14.781287670942573
27038,13.861284526712824
27039,12.964010306267637
27040,18.3845077027673
27041,15.114282069144078
27042,18.287655228153376
27043,14.31134578862555
27044,18.68571641296984
27045,11.863289048426365
27046,13.322404675955752
27047,14.53607895137003
27048,12.18746196711929
27049,20.544810119042353
27050,14.902948660322272
27051,10.907702962110106
27052,17.02113741007022
27053,19.943488110156274
27054,10.588230851293662
27055,20.518036552023204
27056,13.070648452962173
27057,15.902541486463369
27058,13.484951476810764
27059,16.418527374292015
27060,15.52106853048472
27061,16.004016067952577
27062,17.77381616527024
27063,20.755417789209673
27064,22.032228564477712
27065,13.384196827026846
27066,14.848999866280645
27067,11.4758164256438
27068,23.12490656407641
27069,9.027285970073127
27070,10.145084054666889
27071,17.629553852025673
27072,11.531345329856414
27073,13.454070986403606
27074,23.289670950165764
27075,18.789881453720888
27076,10.642548283507324
27077,22.000016583606865
27078,19.041278658541323
27079,12.270190440796156
27080,14.59479855764189
27081,12.500880319915959
27082,19.101392034158593
27083,12.20402572597696
27084,17.92766825578358
27085,16.44527003500066
27086,16.753209942031248
27087,12.750794652667487
27088,17.175920995213417
27089,15.922244214361752
27090,17.708612906562617
27091,14.219764894911489
27092,18.379607718516077
27093,16.734421983142408
27094,14.063269236448585
27095,11.346262710015697
27096,16.38122115779059
27097,15.567442186659612
27098,14.590929459728637
27099,12.316487440499383
27100,14.448422947263767
27101,9.073026863620171
27102,19.443382865551087
27103,14.689363447258529
27104,18.351430459954898
27105,10.804136876686226
27106,21.856739095464672
27107,16.84191632105297
27108,20.090566470528767
27109,13.990924191988116
27110,11.363694357070262
27111,15.511150579826863
27112,13.391290332466749
27113,11.472107274728359
27114,14.41371636549155
27115,17.21639517985009
27116,17.616752175802205
27117,14.899092636727127
27118,13.335754045036232
27119,10.407233328316932
27120,12.393280928023367
27121,14.296396719006125
27122,16.2044772155774
27123,15.109031758564434
27124,10.034680955103376
27125,13.407723978107715
27126,20.696372532205807
27127,11.046490423514268
27128,10.03538171035619
27129,12.818018042268132
27130,12.459864816237651
27131,19.651500239108216
27132,18.262314746172926
27133,13.018691863148156
27134,15.95631060813606
27135,13.036920851447455
27136,14.00851180253371
27137,17.872792723949928
27138,10.20885213004552
27139,12.902544575154641
27140,12.956510333735098
27141,13.254163111880592
27142,18.154776971808992
27143,16.224850644870912
27144,16.72259335210221
27145,11.98012771648962
27146,16.91392639698372
27147,14.790366999675562
27148,14.779398287934415
27149,18.679847770373904
27150,14.297772992736054
27151,12.049718843406659
27152,18.707440031691448
27153,11.355125494282454
27154,22.217947118846737
27155,15.49832231390327
27156,12.3890525100643
27157,16.094889823538104
27158,16.621662287619422
27159,13.577916435246875
27160,18.323395401643403
27161,10.612815879138896
27162,14.431860810964253
27163,13.681120956443566
27164,15.488363388164315
27165,14.9497626651949
27166,14.044363295157856
27167,16.34459026824421
27168,11.835138799237367
27169,17.88562603219402
27170,12.05532934365268
27171,22.40322363698872
27172,11.565793416012834
27173,12.178065280996595
27174,17.405385663795478
27175,22.78720983975107
27176,12.01293290721836
27177,14.06593120666193
27178,9.406261451839296
27179,20.23294638890006
27180,15.319987002895225
27181,13.226750020334961
27182,12.461009750682045
27183,7.93314906296152
27184,11.914449381155915
27185,17.871007302737056
27186,18.35976520544949
27187,20.888542617933915
27188,15.129969901140353
27189,15.380733777827574
27190,12.954304576524144
27191,11.276211428454728
27192,20.64454789426935
27193,19.147211791539366
27194,11.00224117016007
27195,16.916541077119213
27196,13.929784054127072
27197,15.797640574833645
27198,19.57514855177139
27199,12.61842796971961
27200,17.382011460752192
27201,16.623039685041135
27202,14.651865392677896
27203,12.734092641831083
27204,17.645071356334633
27205,17.77641831354723
27206,17.947717850245056
27207,23.93029505776478
27208,17.43546779477238
27209,15.140684636048613
27210,13.038512710408021
27211,19.27760767298265
27212,19.53846956589912
27213,19.81286355468962
27214,16.143356759274806
27215,17.308707002551444
27216,15.173036881989757
27217,17.629088112348224
27218,18.50842454158832
27219,20.92243883006312
27220,11.00403924617201
27221,14.90446580640937
27222,17.68642708199269
27223,22.586275281766163
27224,18.843322318581905
27225,11.872476133925996
27226,19.031377517427224
27227,14.930443575995321
27228,10.166705297592635
27229,15.804733381589934
27230,19.325513144537027
27231,16.782011900407934
27232,14.82927855193631
27233,13.824758839966368
27234,12.95549405920221
27235,12.160229272905077
27236,14.785550992491878
27237,14.868989901562863
27238,18.192428051568594
27239,10.993470540269842
27240,14.262718123954457
27241,12.362748873448592
27242,12.690754401925576
27243,16.13574192308468
27244,18.784675035966202
27245,16.291158403381605
27246,14.783358660890766
27247,15.383630086282126
27248,21.53835588527604
27249,14.515805492770689
27250,14.991580173044492
27251,16.298773399750075
27252,16.403761802200975
27253,14.079800044197125
27254,9.310302233131399
27255,14.813890224355145
27256,11.805718698908839
27257,16.905836638556668
27258,14.546101937017822
27259,11.715553239740544
27260,17.99802071422411
27261,16.29879985626593
27262,19.000542123695325
27263,17.962791684599264
27264,13.646382739704752
27265,16.909833074656675
27266,9.04967822187836
27267,13.75589749180574
27268,13.121230829619318
27269,16.514364662105848
27270,18.082888695330222
27271,23.39619746940646
27272,11.379170040557135
27273,20.06218373696467
27274,12.019395026757174
27275,14.744248497691876
27276,14.951851360366105
27277,21.200906392937604
27278,11.97986520179683
27279,14.52359658347255
27280,15.129167241132274
27281,10.090266648200373
27282,15.507420468243724
27283,12.959152174608937
27284,12.84090613776849
27285,8.65501121614842
27286,17.411239918296886
27287,14.904630786015387
27288,12.431736599685252
27289,10.155215576773891
27290,19.771739518937988
27291,16.871123651979822
27292,12.361238788873347
27293,11.938083806025606
27294,17.20559573553718
27295,16.95739722355316
27296,17.89344943787774
27297,17.590775613135932
27298,14.482143213697553
27299,13.561182587038399
27300,18.88390970560748
27301,16.657126681206964
27302,18.7492777290741
27303,25.185077392002583
27304,12.19979251811038
27305,21.984261847182957
27306,12.636250085534344
27307,13.71252028756182
27308,9.119487875409572
27309,19.45234292564617
27310,12.376150785922471
27311,16.653739102641914
27312,18.009759806830257
27313,13.49421800775242
27314,20.294274341035646
27315,11.367549879407285
27316,17.054609439847088
27317,14.8586797363191
27318,14.672209716698285
27319,11.987427339414147
27320,16.217978523930793
27321,16.32924470261754
27322,11.817911065002896
27323,8.64616291538977
27324,13.568206862694968
27325,15.091615991730196
27326,14.766015537591812
27327,13.331139910320971
27328,12.020803294650028
27329,19.966309907890206
27330,14.986026753212569
27331,19.448924647543926
27332,15.820629582233854
27333,10.922484334767503
27334,12.42349092231241
27335,12.833432751148825
27336,10.86317127910281
27337,17.92823421274298
27338,16.18726069880214
27339,13.655395163362948
27340,11.917571531505413
27341,10.293970864151115
27342,19.249344397840886
27343,14.863646648733992
27344,22.310424677528275
27345,11.522692237780115
27346,15.836564097490976
27347,18.067384415741955
27348,13.653821412831217
27349,12.195657372989325
27350,18.848800668627085
27351,14.257530940845816
27352,13.150280312733983
27353,10.44445194653951
27354,12.932030314551158
27355,16.27605416882419
27356,13.824521073636838
27357,17.926448801825146
27358,13.095405726513356
27359,21.23876146799254
27360,12.139428424283748
27361,12.865994774167373
27362,17.034308706710057
27363,18.823950596104012
27364,11.208277997946748
27365,14.095212418716418
27366,19.307340093563262
27367,11.15292596303232
27368,13.21197721484202
27369,18.581836379475053
27370,15.994887005090629
27371,22.625109069779363
27372,18.59163414075693
27373,12.876479356125426
27374,10.764758439677124
27375,20.293703237219262
27376,11.503110045172045
27377,17.504414544790805
27378,19.163814293065265
27379,22.786275553794376
27380,21.547946844825482
27381,18.734793290174864
27382,16.280332574880234
27383,17.900055748532658
27384,12.008654835104295
27385,12.326973000154995
27386,10.7731902195562
27387,9.093797749158849
27388,17.88373268670017
27389,17.891268219091376
27390,15.539280730693138
27391,16.611484036647333
27392,13.818401606801242
27393,17.579566389060357
27394,13.80060250034809
27395,9.885531874174825
27396,15.376358083718515
27397,16.185332432187693
27398,14.142975375727682
27399,21.178334603633346
27400,16.256360452742193
27401,12.8315113364906
27402,12.560305138810033
27403,10.185812189298808
27404,21.44972029307916
27405,11.059201947544224
27406,14.548241117199385
27407,20.381722516746926
27408,16.779338623667932
27409,16.39125340337919
27410,17.29038359698658
27411,23.691187786954444
27412,15.994722213856358
27413,13.334658461485375
27414,16.126164022813235
27415,19.77223023293729
27416,17.010073363019117
27417,12.865316742763298
27418,16.085432527035984
27419,14.467763646533273
27420,18.68786250188122
27421,22.656316847306023
27422,12.741893138855936
27423,9.468025573739986
27424,8.820798135281757
27425,18.381524603577553
27426,11.511366634991536
27427,13.571937207269645
27428,13.322628655106111
27429,22.293721931236547
27430,17.697537754824896
27431,18.91676119586733
27432,18.472540419190977
27433,16.61695999437584
27434,11.610655603758497
27435,17.708672350967817
27436,18.19896745660222
27437,12.435230662760489
27438,20.112559106974246
27439,17.026021637423263
27440,20.68241726108979
27441,15.029224863161913
27442,19.82808529731595
27443,10.160573585686471
27444,19.114645947690434
27445,15.821133013990421
27446,15.18585320745206
27447,16.0684801624696
27448,19.40248003947228
27449,20.637612207071477
27450,13.209066285258197
27451,17.712604540490382
27452,16.826441367879283
27453,17.988040392645516
27454,12.52664664354375
27455,20.298078869050663
27456,14.771197787843827
27457,18.007923124345822
27458,10.208256627023975
27459,18.190165486542796
27460,16.963430354967464
27461,15.340772344482636
27462,20.898177100631962
27463,16.570369801146498
27464,18.108347136200415
27465,11.468424927182152
27466,22.362956306801742
27467,16.83198652900363
27468,15.423143497815753
27469,17.311932089332224
27470,16.857621531044934
27471,17.426931801493872
27472,19.241716367865454
27473,18.09090627334499
27474,17.80650218265363
27475,21.75924389555913
27476,16.169516759210737
27477,14.979664119214776
27478,18.054458451235547
27479,14.753951046245101
27480,19.148731925152674
27481,13.226264849431166
27482,13.260774817904567
27483,18.914147650024326
27484,23.09289981845921
27485,14.956745685050107
27486,19.832753145465713
27487,21.490182560281347
27488,10.477910855739529
27489,23.4054242500985
27490,15.214138923621013
27491,15.616453634555047
27492,13.28712291235321
27493,14.31494763362677
27494,19.64384386154067
27495,17.87892558500304
27496,9.564018697244716
27497,18.46249519428474
27498,13.073613422674317
27499,18.14735340899138
27500,12.515691215357574
27501,16.76743998779287
27502,17.566040788387014
27503,9.508511655845
27504,13.170452496696438
27505,14.481136065871922
27506,15.087056063808943
27507,15.557444144222972
27508,20.689317549191962
27509,19.742083761346855
27510,15.944455546420087
27511,19.303673602682146
27512,17.787651795658114
27513,15.241063536822667
27514,16.67498408518773
27515,15.238967857198093
27516,15.147905219792415
27517,17.516040995922424
27518,18.148736947291304
27519,14.735640238563374
27520,15.168212139896902
27521,14.211355283204417
27522,18.40312846819291
27523,20.072911254948913
27524,24.06295361411422
27525,19.736504708938725
27526,16.453818829489705
27527,13.896862433162354
27528,20.614284163366186
27529,13.103123835760679
27530,15.809057052164865
27531,12.500801186344273
27532,11.53717630249
27533,13.991721021073726
27534,15.25671792633167
27535,17.31238223567982
27536,9.565416770500516
27537,17.771334507459486
27538,17.19869231366245
27539,15.526114160824804
27540,19.460768407142147
27541,16.42499088504386
27542,11.672715853941224
27543,19.40204907083514
27544,10.48844078320505
27545,18.868011469697883
27546,18.640734155707847
27547,14.947677402040355
27548,21.586210838714145
27549,10.263120159965354
27550,13.804996206762773
27551,16.040237102785916
27552,12.440420864933765
27553,17.051519627029727
27554,13.650687691880877
27555,12.621501475649598
27556,12.789933667683158
27557,16.12833087460416
27558,16.269004448360363
27559,18.933741117395066
27560,14.076767001786529
27561,17.922365256361132
27562,21.25288334624713
27563,21.54013021048955
27564,15.6034518398066
27565,22.382236846817968
27566,15.196072001066105
27567,16.402917650102527
27568,17.387260224644898
27569,21.500565826198795
27570,19.72857098551689
27571,23.550689274893635
27572,7.8427501995992825
27573,13.677087433606765
27574,16.64968533647788
27575,15.728815278870437
27576,14.04699192061269
27577,9.644382504388057
27578,13.417353333375136
27579,17.68017522871984
27580,14.242620819227069
27581,20.29171979710956
27582,16.430159125756155
27583,16.83981724840951
27584,14.536049983227068
27585,20.808538687882926
27586,19.032447295061687
27587,20.393876088782612
27588,19.497570635396354
27589,17.95861830259536
27590,15.885840689026386
27591,12.32373363557536
27592,18.711592709460355
27593,11.63386932497885
27594,18.22352398464235
27595,14.991625935141103
27596,16.939832406266
27597,13.256736786297374
27598,16.40872552741424
27599,17.270946914288587
27600,15.013161462715576
27601,15.52300074024932
27602,16.952479835231564
27603,16.8676163839077
27604,19.707387304978916
27605,15.559585827249773
27606,16.395896159274123
27607,19.650230609222582
27608,16.288161069269655
27609,11.224667263412154
27610,14.68210613277625
27611,17.049559327666337
27612,17.29555357064237
27613,16.582534253294448
27614,15.808124618300452
27615,11.698986093861256
27616,14.445611958654041
27617,14.02018095428439
27618,19.303829127749605
27619,12.835780556285787
27620,23.942984533326914
27621,18.103033463620058
27622,10.821953761242895
27623,19.776762728868285
27624,21.82343285147155
27625,15.49972713751976
27626,11.639169162192609
27627,17.848568104906196
27628,14.880215058839731
27629,10.415453323951919
27630,14.32791863083333
27631,12.194310450138223
27632,12.38886594639942
27633,12.781098194251761
27634,20.018567576794965
27635,13.724230548030787
27636,14.445691527845012
27637,13.75372829881653
27638,17.39597265766811
27639,21.170387326802256
27640,13.08801491359893
27641,8.857377880460778
27642,19.323703209939914
27643,10.92022864969099
27644,16.632358085047315
27645,11.71761755725986
27646,19.821963706515422
27647,11.288480424209993
27648,19.379156104887556
27649,13.814163358908155
27650,10.607783542162533
27651,13.44488382167197
27652,11.084326944844722
27653,19.352976439990236
27654,17.466982630630714
27655,14.959746752538729
27656,10.318009972621594
27657,15.899885484132453
27658,12.85255080012274
27659,13.938784562618165
27660,17.073640059571833
27661,17.690078287701354
27662,12.928344512013162
27663,15.599286532071398
27664,18.989006638700623
27665,13.64078268213347
27666,22.754885627137554
27667,15.855746222214709
27668,19.085086767858918
27669,14.04109910595332
27670,17.281908185058242
27671,11.807869949528467
27672,21.65867947725092
27673,13.729120416152142
27674,12.551049954958401
27675,16.07136969041472
27676,15.207049071472865
27677,15.081666307097583
27678,15.021017973690018
27679,10.444653947173707
27680,16.612547425059432
27681,14.087822225755215
27682,8.675087003766222
27683,19.786221248490257
27684,14.882642455051716
27685,11.836904771475739
27686,14.803516315772029
27687,12.523658762582617
27688,18.140355019075944
27689,12.212298942269621
27690,17.260002699649128
27691,19.73438666755514
27692,12.24609960408296
27693,16.984273736769424
27694,14.72437614047193
27695,12.899745798916003
27696,11.994080585582516
27697,17.264861406896053
27698,18.489471699817997
27699,14.933398020728319
27700,14.178501547964201
27701,11.073161151122815
27702,19.175649183543566
27703,18.04210027490175
27704,13.312142536062328
27705,13.492312523040763
27706,16.498618903233584
27707,10.162104819883982
27708,18.339686905239837
27709,20.925673293308662
27710,17.079139872296253
27711,18.744837368440635
27712,13.026790482385998
27713,18.16834831649509
27714,10.644861588366169
27715,18.578922239385193
27716,18.450503737152445
27717,21.436106069636768
27718,10.281399757550119
27719,14.942808585327167
27720,15.454212109947791
27721,11.636270398236759
27722,16.01297829639494
27723,12.361832777910939
27724,21.170020991502515
27725,18.027390209193587
27726,10.652089708740448
27727,19.46367465467746
27728,13.773719706649077
27729,15.155487082174103
27730,15.095006513070853
27731,17.82572387991575
27732,16.534612104935952
27733,17.32670220787751
27734,14.801486263345671
27735,14.70634435814147
27736,16.283062564511418
27737,16.271806213647324
27738,16.35308058737774
27739,21.073181413561926
27740,12.035610437410005
27741,13.074691157361425
27742,12.169048570658074
27743,12.511016445569098
27744,12.272229671801085
27745,16.221766593427247
27746,13.353390658131165
27747,20.523207905783583
27748,25.195961318205782
27749,19.610382733214905
27750,14.860743119151232
27751,12.580451778605664
27752,13.102942595152498
27753,15.335637600779274
27754,17.02106762026518
27755,15.992905909410059
27756,17.54304814132933
27757,20.52763347885503
27758,13.920131641362191
27759,12.965731533247048
27760,12.759682302427839
27761,15.795361686742885
27762,13.20713360013156
27763,10.228722733316005
27764,9.576891340466036
27765,14.191829571721419
27766,17.54440463480619
27767,20.560167971585855
27768,15.06981074468185
27769,14.728701979577428
27770,16.191362064475406
27771,13.470471124539813
27772,16.368894269168834
27773,23.93020802665511
27774,21.008150361846152
27775,13.783545159673517
27776,18.634174583093973
27777,20.242032009246863
27778,11.046704566754833
27779,14.141696300444897
27780,16.82806939455811
27781,14.91723577389082
27782,17.56852992525841
27783,15.025771338982656
27784,10.92333531061589
27785,18.21351950150668
27786,11.804665471440018
27787,16.316113693932493
27788,14.537826046508426
27789,13.942951274525813
27790,14.12381900195694
27791,16.083082426448776
27792,16.14817500818593
27793,22.762530917585835
27794,11.912785386608277
27795,18.579402697047485
27796,12.725306189066535
27797,14.083642682803298
27798,12.753519551117183
27799,10.843413496807248
27800,15.370710790771835
27801,19.190630013923137
27802,13.913274831300786
27803,17.10873623600836
27804,17.462647021148385
27805,13.297256861242788
27806,12.415524050001988
27807,22.70906595040912
27808,15.57940227281435
27809,15.666262323888025
27810,13.12455018194994
27811,13.85057228261821
27812,15.640611643284004
27813,13.790730831094852
27814,11.895103043358663
27815,13.336212005476046
27816,18.663454041627404
27817,15.98438101524106
27818,18.08526833112677
27819,21.089028585695402
27820,17.96141765869274
27821,8.926299338354227
27822,15.637367468866588
27823,11.913751754878897
27824,13.745884099537317
27825,18.532435582327146
27826,16.85381450659336
27827,13.10018098666708
27828,21.4188570154953
27829,16.203227952189476
27830,13.732230158175984
27831,24.56807447331507
27832,14.19675520086352
27833,17.310155445523236
27834,15.04922869440515
27835,13.044502144302271
27836,16.43242281545176
27837,17.615421590751957
27838,19.09946184144399
27839,12.424239667842656
27840,14.02634978577698
27841,13.317700647224274
27842,15.298070020825605
27843,16.707692784748325
27844,16.415643503095488
27845,19.108298010676428
27846,16.20525674906588
27847,11.478574264043512
27848,11.708430913585836
27849,17.87077793606528
27850,12.07462918674949
27851,18.46958784256413
27852,13.074178069358494
27853,16.270978911591236
27854,19.51880364772071
27855,19.438757092380314
27856,18.331440281269792
27857,17.536992917549146
27858,12.740939846359385
27859,12.445365285936191
27860,12.660444222670836
27861,15.512990011913368
27862,18.742564870087207
27863,14.20189636874361
27864,12.83125142988954
27865,8.53964138917353
27866,17.579162866631997
27867,19.13686564283056
27868,16.61735226198457
27869,8.385383168378722
27870,19.901282588768616
27871,17.707419311801402
27872,17.36103850930416
27873,11.501335195280827
27874,15.395553951427333
27875,18.228234771002704
27876,16.013550052482938
27877,16.853959835061147
27878,13.080590293324182
27879,16.185925804340222
27880,13.154686218156016
27881,20.684387065505554
27882,12.433290877158164
27883,12.998218317139871
27884,13.94829165225502
27885,12.51109307564192
27886,14.593102152285079
27887,14.547501482422085
27888,15.621036517330426
27889,11.72485639126568
27890,20.373019359634476
27891,12.023369340422295
27892,19.44576189910957
27893,12.476406986732377
27894,11.826239222451939
27895,16.340148242414692
27896,14.404180972641015
27897,10.466364399232193
27898,11.074066031335379
27899,14.473065735276377
27900,18.1839436760254
27901,12.665372256878209
27902,16.217576487180683
27903,11.056112835462262
27904,23.52604500866461
27905,16.90868335818596
27906,11.925212314843048
27907,17.200894309305596
27908,16.53802025306733
27909,16.554118269999343
27910,18.941542186348805
27911,13.816734395182905
27912,19.026020464493847
27913,20.60608913952227
27914,10.951727580751985
27915,12.952988830586234
27916,11.536902249229401
27917,13.334007329400979
27918,14.90019934018767
27919,15.361505021898015
27920,17.74574137857084
27921,15.079592931170597
27922,16.929415359578307
27923,15.829160988425851
27924,14.420278976488994
27925,13.6388119595528
27926,18.40543913141382
27927,17.016081629701127
27928,16.13224118687397
27929,15.82989720364474
27930,15.084047153907868
27931,14.139496493897832
27932,17.550775988028498
27933,15.682732670749512
27934,16.40818486561977
27935,13.54417317757385
27936,21.697312115550233
27937,9.513052189539302
27938,14.479433605694792
27939,16.527001320258307
27940,11.034078950790155
27941,13.549080569133082
27942,13.506562959479613
27943,16.674407575824326
27944,13.637317933276162
27945,19.449658952071374
27946,20.925172948104514
27947,15.63408248937112
27948,20.49411710923954
27949,19.108237409883216
27950,14.905191438683696
27951,22.148887688892913
27952,14.68375911520049
27953,20.11685808005857
27954,18.541672782481555
27955,13.86971160347484
27956,15.561889927420065
27957,19.736187248036558
27958,12.64939369491815
27959,14.880892748550842
27960,20.927930056602577
27961,20.478137032076965
27962,13.643236536547056
27963,18.912152843871056
27964,18.271088986750314
27965,14.198190024146138
27966,11.582262740931728
27967,15.465462041456993
27968,12.6426554391536
27969,13.659770738905609
27970,17.766202601030173
27971,19.06770434203632
27972,12.289440453861648
27973,22.732997001839678
27974,17.96486166084426
27975,11.930219703354636
27976,18.83416633639055
27977,18.515131401952907
27978,12.993548804509281
27979,9.040383279151785
27980,14.32535651845317
27981,14.010154943986064
27982,20.338953576556886
27983,18.424232271522435
27984,19.254645687298602
27985,15.388042927109632
27986,17.9183139019027
27987,18.2597088405345
27988,19.485328071657356
27989,15.626061701678656
27990,9.74952347379561
27991,17.19695288514847
27992,12.504327391861647
27993,11.709078035088973
27994,18.704921568409297
27995,19.95504009499984
27996,14.128272775352002
27997,13.887162290378143
27998,17.729889971100185
27999,13.33533433611435
28000,19.777833128431105
28001,12.52302557894081
28002,18.324868390480148
28003,14.657338337161175
28004,11.811022122941946
28005,23.92030050506832
28006,16.720520026676102
28007,12.135456844145185
28008,13.829514186785465
28009,15.85101594412936
28010,15.158348107836103
28011,17.5401955270952
28012,21.782608971477273
28013,16.024862109590845
28014,19.193146819756233
28015,16.12535905927996
28016,17.23146237830371
28017,15.958168601076258
28018,18.66930186080581
28019,18.553858800458684
28020,16.816246275505243
28021,20.393260608920095
28022,17.114863467837125
28023,12.73910525625804
28024,11.67446527337251
28025,12.967390530804302
28026,23.24378638191893
28027,13.502074893768281
28028,12.859253544817726
28029,15.569325819092013
28030,8.347499708696596
28031,17.934484866779982
28032,14.962368590388747
28033,20.33213595219266
28034,13.700460172446789
28035,16.700917214485926
28036,16.457141397341974
28037,11.70148866206597
28038,14.893026591215815
28039,15.849087348988492
28040,22.396169932567794
28041,18.45063567046298
28042,14.349214759936578
28043,10.568015943328415
28044,14.223722000658762
28045,11.75914695309578
28046,11.065000646377214
28047,17.59626590074169
28048,19.966336354547934
28049,16.50970837583788
28050,14.63507453754193
28051,12.515222370054335
28052,22.487466235435384
28053,20.209320226311497
28054,9.868777979210362
28055,9.729421237741379
28056,11.839142740633925
28057,12.578945619899166
28058,15.589547871360491
28059,14.639420162649982
28060,14.914342921111567
28061,16.93681302277799
28062,13.508002142119519
28063,23.248464972214734
28064,13.687488522732487
28065,15.844196756257274
28066,19.703757540485327
28067,14.507777982564937
28068,12.215521706637524
28069,11.717799494157264
28070,13.994294644005283
28071,17.048205299005172
28072,7.915763375900007
28073,15.643735485598048
28074,12.429402366212422
28075,18.659385769064087
28076,16.849511206338093
28077,16.28041048697068
28078,13.304032737216058
28079,15.863580305519289
28080,17.238784629040346
28081,17.502306769781363
28082,13.339281942175987
28083,9.965053209026237
28084,13.029283764756322
28085,15.056836005035604
28086,11.882619134450888
28087,12.121008301546276
28088,17.889213446394372
28089,24.95846568813296
28090,16.459662581273705
28091,17.520684963398402
28092,12.88767240205836
28093,10.205426056056535
28094,22.87044225692945
28095,14.766781068597451
28096,16.221149034849176
28097,15.18484221526778
28098,15.116844767830125
28099,14.583973201083701
28100,14.2326972967679
28101,17.22314989138492
28102,15.247255691691954
28103,14.121176866108257
28104,20.27553089472559
28105,16.43905513420585
28106,20.011840933243054
28107,8.24163011376623
28108,14.143934722902296
28109,17.49265218120967
28110,8.612235517449617
28111,18.24130073156889
28112,11.800069667098482
28113,9.319492325394112
28114,12.514944252569794
28115,13.419628801616069
28116,13.744869156129067
28117,13.197225676550698
28118,13.540707484433433
28119,21.76761657282404
28120,12.261083803116328
28121,8.869240414372939
28122,14.605299878362834
28123,20.506034245626225
28124,13.268904561489421
28125,14.674432624822964
28126,12.271670403716977
28127,17.627174063186168
28128,17.246405920248776
28129,14.954861242286235
28130,16.806509588576887
28131,14.950499324010481
28132,11.336421126820696
28133,12.817578044820019
28134,14.759819715784232
28135,14.05547605421174
28136,20.950366809249147
28137,14.76312448926881
28138,13.288117621140191
28139,18.68671690053346
28140,13.439709417958532
28141,12.669370581675638
28142,10.705921898423776
28143,17.839144401147777
28144,11.995788794530963
28145,11.878035326932434
28146,21.398027864303778
28147,21.757498019587437
28148,10.214919912894354
28149,20.689442554390723
28150,19.186853762126404
28151,20.07516444307688
28152,17.160069311360303
28153,17.6208118435883
28154,16.21601137461164
28155,15.667711713304511
28156,11.29439556265185
28157,10.602900929276434
28158,12.35339034155995
28159,10.34644233304676
28160,14.107644758951594
28161,17.366851311274047
28162,12.25414150680912
28163,11.00253921149307
28164,18.34865549778785
28165,12.518369123336823
28166,14.198625645445455
28167,20.189022355364166
28168,15.059327511053562
28169,19.146756116332703
28170,15.01933529935812
28171,11.545856241272183
28172,13.94514242466903
28173,16.761655888530335
28174,15.167855476688386
28175,16.032099632689885
28176,15.084698396430214
28177,22.650577581303203
28178,20.139108359151628
28179,17.547646308594363
28180,14.212415539160256
28181,12.633184968214504
28182,10.738834967741186
28183,14.731225335044062
28184,12.513683486420984
28185,19.582474925221405
28186,20.073119322450587
28187,12.564293456957696
28188,16.2310389852151
28189,18.911394913855407
28190,21.064430077447795
28191,15.217037758277385
28192,11.537613550453706
28193,10.955690672506591
28194,15.464798786440605
28195,19.882349106602955
28196,14.2083304180236
28197,11.709089750046381
28198,13.336284938478878
28199,10.997274057462398
28200,16.377674283274164
28201,13.058950546518291
28202,17.375449383226456
28203,18.89433222441795
28204,12.797487223032082
28205,20.28797881694245
28206,19.64238546734056
28207,15.65687300634844
28208,13.668555600165842
28209,14.765784940872848
28210,19.092890099035053
28211,8.753336066016706
28212,18.181403974644645
28213,17.352486854265912
28214,13.596420217182798
28215,15.953580153073668
28216,16.217185662469
28217,9.053079076056253
28218,17.960470191302967
28219,15.544486422462574
28220,17.320120055843134
28221,11.419477270568315
28222,19.189255255308193
28223,18.391836116956767
28224,22.296590407603823
28225,18.044355897170153
28226,9.3178747458805
28227,14.23190547598409
28228,22.69218876558184
28229,18.44693102788962
28230,16.993146364894876
28231,15.12751389716956
28232,16.09766190027763
28233,14.836434320592693
28234,18.89654303083264
28235,21.3549488810166
28236,17.72488819040194
28237,15.546963022086636
28238,24.763081549697176
28239,14.176817575011109
28240,15.291013935251478
28241,10.765549995999336
28242,17.593811978059968
28243,12.121162886756652
28244,18.090585449411748
28245,15.889876365959646
28246,18.031188407916567
28247,15.02461381383112
28248,9.940202710836317
28249,12.440806061267416
28250,15.778236175599298
28251,22.69392831372344
28252,13.64865628453966
28253,11.075667694575898
28254,16.60626768733543
28255,19.676427812043194
28256,17.808730796696857
28257,14.10095741159017
28258,14.26985258822915
28259,11.859522567010675
28260,11.256305494567298
28261,18.97619988831932
28262,11.894226286235007
28263,15.921784475575524
28264,18.2420164660247
28265,17.08057665624974
28266,12.160645947972611
28267,10.343367701385507
28268,16.704101940119628
28269,13.842488526740201
28270,14.108721055490943
28271,12.913929148207355
28272,20.956630571498053
28273,14.620322840564908
28274,18.049148368890464
28275,24.74693818418934
28276,14.341252074592113
28277,14.544723789993109
28278,16.677559856413644
28279,21.110875738344685
28280,14.068299278862758
28281,12.309610503135705
28282,13.655687886621916
28283,13.198016928021321
28284,14.03881982380653
28285,17.43502911677946
28286,14.044919034766954
28287,19.00103629243145
28288,12.204370309637751
28289,20.737542924232034
28290,14.861607814135203
28291,14.628436540836583
28292,11.605629195427332
28293,8.900826442962938
28294,9.814455438797157
28295,14.065098358697337
28296,20.073339962774188
28297,16.876663645609042
28298,14.661885922882641
28299,17.120406303908965
28300,19.86458933800336
28301,15.5535344992074
28302,17.518420424753764
28303,14.411370592821042
28304,19.48126251785088
28305,17.04218835682292
28306,11.569786042267543
28307,17.468298173579768
28308,13.899375484997984
28309,13.017156912198878
28310,22.177873661662616
28311,9.203801330683918
28312,12.617888641579832
28313,14.805871519954982
28314,17.216350560005466
28315,13.52844120484835
28316,12.871470872725777
28317,14.579864265164298
28318,17.229447993037766
28319,14.464942474866033
28320,13.732636954453774
28321,20.047183931308737
28322,13.855249510299338
28323,11.896423645772689
28324,18.962193137718764
28325,15.714495424832107
28326,20.070720827414306
28327,18.355825401046005
28328,9.955440397250847
28329,14.514992018323374
28330,15.332831112706721
28331,18.983939187828923
28332,15.778242987572026
28333,15.405778251174583
28334,12.263304902957469
28335,10.942762197262779
28336,8.921250480327226
28337,14.630838097092262
28338,14.92191766714641
28339,16.323875705014423
28340,18.026824340914008
28341,12.00057640223213
28342,19.734537069651346
28343,13.023496310214735
28344,14.567576628706034
28345,14.769010857501186
28346,15.150751683077635
28347,14.171020071065325
28348,22.991127941820416
28349,13.33023769457856
28350,20.720351689546092
28351,15.679481322931192
28352,12.197113814714648
28353,11.022995899326549
28354,19.044649293820775
28355,8.70514487515185
28356,19.39855908827044
28357,12.894930102529157
28358,13.764388758022585
28359,20.325090656344916
28360,13.040732430503123
28361,13.667757193208383
28362,18.772662967535908
28363,19.249007854536266
28364,17.16765764535955
28365,14.307063272071417
28366,14.724719649184253
28367,15.376962313941794
28368,19.83243015150729
28369,17.708759143264565
28370,18.512138220314476
28371,15.009883844959923
28372,10.0589144489892
28373,15.954264089204417
28374,18.42776456727175
28375,12.706338129267534
28376,13.579202239182091
28377,13.066288811373386
28378,14.914296218388902
28379,19.589146784178908
28380,15.17236956891006
28381,15.06876238758216
28382,16.11826824508264
28383,15.835723185079715
28384,18.135411890066678
28385,15.805298367983372
28386,16.383325773004117
28387,17.260166943065045
28388,10.234079638311083
28389,21.724609105515718
28390,21.376598118909776
28391,14.717211964304859
28392,16.50188416995465
28393,15.312430703771431
28394,14.80571495159462
28395,14.784965055483893
28396,11.529278267060558
28397,12.080398476442506
28398,18.514736248108058
28399,13.060629472999993
28400,16.732264537983475
28401,14.07207904973258
28402,14.63151618088231
28403,20.4635770156844
28404,17.914764785765616
28405,16.104627709602262
28406,14.831005287865754
28407,17.851287970268935
28408,17.686912592130994
28409,24.20630575042894
28410,19.460610643924404
28411,18.252224680895722
28412,20.57311724584312
28413,16.14334710372468
28414,17.795205656253934
28415,13.842099021749721
28416,15.852275193944603
28417,14.360824855814268
28418,19.485377738069772
28419,15.10022738789009
28420,14.445633505525246
28421,17.55617207632654
28422,21.709725875414616
28423,11.952800697950908
28424,20.384813862634005
28425,13.751001195404342
28426,17.37738380034196
28427,18.839800179822404
28428,19.695033531396682
28429,19.395011941305953
28430,9.053919365588246
28431,10.242122204099587
28432,10.770366046066824
28433,11.128224377609587
28434,16.04490017965425
28435,8.816671589660288
28436,12.538875210389612
28437,15.234860349502751
28438,16.904338431064623
28439,15.246058959696805
28440,17.77986678193549
28441,16.298168350178894
28442,16.17047887808581
28443,18.640516600391628
28444,13.147995822707955
28445,21.300694804266833
28446,13.072960333372196
28447,16.99043054343756
28448,16.06466822576112
28449,14.670280293712509
28450,12.473544955096461
28451,17.44158299777887
28452,8.542256238670982
28453,19.3068242970724
28454,13.007014058162298
28455,12.54331113395822
28456,13.553650626229572
28457,16.417619409634334
28458,16.843521083906893
28459,19.491138131141092
28460,13.99481450715657
28461,18.181469554892097
28462,13.33911828046215
28463,16.732375959357718
28464,14.978615702071325
28465,11.133700816853715
28466,13.278872520698402
28467,15.608919690103845
28468,14.91967448997246
28469,11.451842982552698
28470,13.201917898411358
28471,19.560941023592868
28472,16.309423205848866
28473,16.075878612225196
28474,11.109960662565262
28475,20.751636849764374
28476,20.333966037135767
28477,13.889808248454836
28478,14.73461542210631
28479,21.005768800907596
28480,14.61284565296763
28481,21.812910017028138
28482,13.838592493548266
28483,22.983862625910675
28484,12.933621500459328
28485,14.89769402357323
28486,8.904417466160194
28487,16.190461964961408
28488,15.372221339113555
28489,10.600744522600117
28490,20.19730962811881
28491,16.225141189275067
28492,21.048509398752522
28493,13.784924227620062
28494,14.472463916298688
28495,12.357881702404015
28496,19.28997253866079
28497,15.110443700441392
28498,13.234229335371005
28499,10.623608903108803
28500,10.381557392117681
28501,14.572981839951543
28502,16.722182608757016
28503,13.725779094118028
28504,17.701195027005127
28505,14.188136387640192
28506,20.856413406472242
28507,16.787561529071446
28508,14.86628308510818
28509,13.416911209647074
28510,17.599092914218733
28511,18.07468169454809
28512,15.974781118195526
28513,16.28180644647335
28514,18.16086728436968
28515,21.1984528990251
28516,11.174094734714451
28517,14.154759727900943
28518,18.833717932007126
28519,14.086326700823413
28520,16.600452544037957
28521,16.995026053527155
28522,11.633056962625496
28523,20.83933540668884
28524,20.750234451912455
28525,15.887695409345824
28526,21.556591435145606
28527,15.370202759211189
28528,14.48798909770487
28529,10.48882317322236
28530,16.155331540619038
28531,14.916055615385531
28532,12.928946024106738
28533,15.25708213935337
28534,17.38005490297561
28535,14.386957032339463
28536,15.923862821698084
28537,16.328213083134024
28538,13.734457852004784
28539,18.481441394641827
28540,17.825528098429082
28541,13.2094435761349
28542,11.223404937545734
28543,12.828665064194482
28544,14.843119952602743
28545,20.10062310378204
28546,18.790643640061013
28547,22.42980705812883
28548,18.072815973864493
28549,15.074980503807675
28550,13.614771498136232
28551,14.768836033211453
28552,15.284903809719676
28553,14.96630840735714
28554,8.566474722291797
28555,14.057405937727241
28556,12.27921023365792
28557,12.30544115032512
28558,19.27953663325833
28559,11.13762503634441
28560,18.872529774998675
28561,16.972662946670155
28562,11.988048322609064
28563,14.682656771868077
28564,12.916556626573973
28565,18.964955754218913
28566,14.275007799347271
28567,12.49463896522783
28568,13.452211254087318
28569,13.631239236472508
28570,16.398956741087293
28571,19.424882611380212
28572,15.803352941587788
28573,22.22174822481918
28574,18.782081749815745
28575,19.2371255115837
28576,15.56703466151914
28577,14.160560505705535
28578,17.436633603933863
28579,11.771518717304755
28580,10.854515652884707
28581,16.221431753988046
28582,12.512560821557352
28583,16.996538617495055
28584,13.8211648028429
28585,16.600640515879128
28586,21.54171646485387
28587,16.481680332720217
28588,13.955862503541967
28589,13.989853343215222
28590,16.07096683363492
28591,18.422344795145236
28592,12.959124332086812
28593,11.843707315341254
28594,11.164385997787852
28595,14.218217836840678
28596,19.26168477133691
28597,15.324309749511189
28598,24.836679754656593
28599,11.36717632459674
28600,16.57345130232386
28601,14.44689296712311
28602,20.181851971109282
28603,17.056776066547
28604,11.040495448746475
28605,10.943287342730976
28606,15.81155977685532
28607,15.091544441103263
28608,13.064864668124414
28609,11.581675670637825
28610,16.48729011761298
28611,15.661200794516331
28612,13.380491733376674
28613,12.236048554086075
28614,17.505672752770288
28615,19.338306703519343
28616,20.137858100639587
28617,11.115210115695083
28618,14.998348892148883
28619,15.13756526765074
28620,13.480854747788694
28621,18.155080486492444
28622,18.078911205692474
28623,14.9385005740458
28624,13.05467757021091
28625,15.018664742271474
28626,18.264088203298833
28627,20.250428840588004
28628,11.021133922451408
28629,23.38873987141718
28630,14.8703267012108
28631,21.751129044520745
28632,14.518709555785083
28633,12.883038141058552
28634,12.915861741422868
28635,11.171817634894666
28636,19.716764001604417
28637,18.5923614855269
28638,15.72949255021735
28639,14.134621858670883
28640,12.165890435136237
28641,16.95010756369126
28642,12.899895975565492
28643,20.03297988883054
28644,14.018059394968482
28645,20.44992039368091
28646,14.998233246383258
28647,13.307632914851435
28648,16.066721261719614
28649,18.4781651411975
28650,18.371218248007963
28651,9.515130927913297
28652,17.242940210163106
28653,16.53857888731619
28654,19.366060149628233
28655,13.914137412812089
28656,19.564495982885163
28657,16.972034037009756
28658,11.575314760990814
28659,17.189603864872666
28660,15.751540758679184
28661,14.581089160141504
28662,20.105190525283156
28663,15.505860730585015
28664,17.390834761360413
28665,18.944150923951007
28666,17.555496373518267
28667,16.876585273590017
28668,12.115375437417626
28669,14.015169765115907
28670,21.138208692433306
28671,15.03060672958619
28672,14.52389248953841
28673,15.15956089309749
28674,15.79876350371852
28675,9.858933311605838
28676,15.471610667296352
28677,23.667238177858735
28678,13.506847124654795
28679,16.990220204450942
28680,12.322678472627095
28681,15.735275176110047
28682,15.916579530556964
28683,16.861475742851
28684,17.14876661568277
28685,17.702332017005816
28686,16.599238788885778
28687,15.525393038370071
28688,13.90626671736869
28689,16.380284640710485
28690,17.22060839352112
28691,18.762275902713682
28692,12.626153402178389
28693,19.87319162888312
28694,17.5173436533695
28695,17.173303756404138
28696,17.125323829117395
28697,19.04675159279865
28698,22.273918548652738
28699,23.631129926771436
28700,16.875605926980022
28701,15.891359668808276
28702,19.860481132357393
28703,8.930090094299509
28704,20.42013488490249
28705,10.655790835115521
28706,16.79495573743438
28707,18.149266254476217
28708,13.667578823885833
28709,18.872363112961693
28710,12.428609432690205
28711,16.092185438722503
28712,14.464155214781682
28713,21.665479340298873
28714,10.072383846638331
28715,11.627028606947519
28716,14.176914500590454
28717,18.800968979943413
28718,13.759382864890805
28719,18.308319101696732
28720,17.61481805851438
28721,9.613663076304798
28722,9.264786758519966
28723,15.00161973698596
28724,16.537592410824473
28725,15.457560817751187
28726,20.59644717101881
28727,13.510098526208665
28728,10.448326502268563
28729,14.405298548420783
28730,15.134539179251655
28731,9.544566503470437
28732,12.94256197959675
28733,22.089644911724506
28734,16.991666594002893
28735,23.48963383351755
28736,16.647921688894513
28737,17.485841401632932
28738,16.602966701324
28739,12.435104592210482
28740,24.470565131890552
28741,15.366883581611905
28742,12.908647881807063
28743,8.932298148241625
28744,13.863116601841103
28745,11.087675203782547
28746,19.632637567272475
28747,12.806824566381916
28748,14.177530558970275
28749,21.285243459666127
28750,11.08216085947934
28751,16.186932585758306
28752,16.820672454504425
28753,21.442991885810997
28754,11.573675044539604
28755,12.650177226723258
28756,13.003029984097928
28757,11.86032798376117
28758,9.570312113291624
28759,14.17269682991591
28760,13.20406504148846
28761,17.78428353664119
28762,19.322462622962803
28763,17.07758842345461
28764,17.20678234714312
28765,16.97712233127183
28766,21.537855494229348
28767,14.442493825324801
28768,15.750454330330994
28769,10.768719696344615
28770,19.407976219701638
28771,17.254696466145784
28772,17.375602364046085
28773,18.418904351793355
28774,19.352729219205884
28775,19.89925133747367
28776,12.991237403085076
28777,11.220001341295179
28778,20.0555003809448
28779,15.308174702323814
28780,19.54312359208994
28781,8.19148668791155
28782,16.415077283219247
28783,17.049660456262952
28784,14.403064842651803
28785,13.91991565027568
28786,14.55389389287598
28787,18.449240630639217
28788,15.143184839002167
28789,15.097769540629615
28790,21.72335329936569
28791,16.697055904414533
28792,15.072168943706302
28793,17.256687715473205
28794,19.39667619676296
28795,13.094757579556934
28796,14.640499243808097
28797,19.052652337133736
28798,16.191103753545633
28799,19.09325392350638
28800,10.854900318678126
28801,17.589328554183574
28802,14.655763476934142
28803,21.37945632222714
28804,11.24654774594529
28805,21.938947325766193
28806,13.444126750883115
28807,20.299122053648315
28808,19.496232747727824
28809,14.43541961138425
28810,11.87732268551757
28811,17.427304619082392
28812,17.388862330260622
28813,22.094162376567276
28814,19.20459342429561
28815,16.172945133547685
28816,15.518684023696872
28817,15.254532149464717
28818,8.27254015392144
28819,15.628391364329042
28820,12.94183949219697
28821,9.073785412947778
28822,13.1244143758483
28823,11.664859697406914
28824,19.52243135226932
28825,12.933245476301554
28826,19.258100284050514
28827,17.260527821943988
28828,25.23084362016835
28829,18.330248565475273
28830,14.45686408753022
28831,12.236337217023527
28832,17.582343025529923
28833,17.536456930458506
28834,20.781753399767027
28835,11.06567993643635
28836,11.994114437331183
28837,16.37238164786244
28838,14.887258603243145
28839,13.444232781702036
28840,18.375108842140204
28841,13.710989579947157
28842,20.152053006239967
28843,14.534763023819393
28844,16.654917127231727
28845,22.817071322818883
28846,22.614039863742285
28847,20.60272420929619
28848,17.99551257139555
28849,16.053627105011614
28850,22.641410911353972
28851,19.028463048236063
28852,15.091312642023153
28853,16.676482998898017
28854,10.08276390759443
28855,19.037611365687198
28856,13.360216279388819
28857,17.225133007552216
28858,11.751541184835059
28859,13.841798477568219
28860,19.08355019929146
28861,9.114877381830338
28862,15.06201613771422
28863,18.65587149390396
28864,14.049910738026668
28865,17.400797908652486
28866,16.366249474967987
28867,15.411514513252435
28868,19.620451638963885
28869,14.935515940167582
28870,13.219799544700539
28871,17.458850349276034
28872,13.071557141741893
28873,16.612362863053413
28874,12.43229813445883
28875,17.938060129904322
28876,13.28822221178444
28877,22.18218837610476
28878,15.709126215772349
28879,20.759488166778794
28880,19.451512657163484
28881,12.897892557730728
28882,11.748830302296575
28883,21.734753036611366
28884,13.054718382610012
28885,18.44263896015805
28886,10.926453154912629
28887,17.391654322802218
28888,13.764730266763129
28889,17.153075354670435
28890,19.373928790103164
28891,21.144346913122348
28892,17.049186740026265
28893,15.183910234047344
28894,13.940421902470842
28895,14.900246305901632
28896,13.709836365430231
28897,17.716386380757406
28898,15.17100052247439
28899,19.47262825406448
28900,13.437952259353523
28901,20.25356807374737
28902,25.348105629597853
28903,15.303307735924141
28904,16.9204100068779
28905,18.493181947242327
28906,13.743829039042092
28907,17.578465738404844
28908,15.489907203139575
28909,17.24204083774189
28910,12.647944255035707
28911,11.770388736284776
28912,15.30953656893794
28913,22.274452556386798
28914,17.219975826781678
28915,15.35995964317244
28916,19.584000022187467
28917,16.225826904133875
28918,23.520741083598146
28919,11.252156678640489
28920,11.312530993353569
28921,12.347983811662292
28922,14.125963855465834
28923,14.797376037355612
28924,14.373516033736605
28925,14.379804082979751
28926,14.74408442920622
28927,13.058526188318359
28928,11.316579597134544
28929,18.12837725420627
28930,13.829372642278278
28931,16.89047161099931
28932,17.169101622772466
28933,15.916279718337774
28934,15.847734924407296
28935,19.18814651229206
28936,17.941418968381583
28937,12.320618210201353
28938,15.994245884794532
28939,13.601210138458786
28940,16.88882716218449
28941,16.388522885188056
28942,17.718736514148667
28943,16.784013819902448
28944,21.82450683875892
28945,15.930315790203197
28946,12.675181508272905
28947,15.708202051941324
28948,21.07990525820366
28949,12.250973232832024
28950,22.42863822819377
28951,19.754967882990016
28952,12.631047581549911
28953,15.015031843367463
28954,13.841024639918533
28955,10.616779168358711
28956,15.59766490993199
28957,11.784090670199458
28958,12.237883402549976
28959,13.65529405640655
28960,10.75219289378937
28961,23.198128594686757
28962,14.431544399673651
28963,13.486073482492724
28964,12.819291836765895
28965,12.899145788165473
28966,23.471473293163008
28967,10.662643503082187
28968,13.735761265139738
28969,12.832425972872665
28970,8.42800463333998
28971,20.454655599310634
28972,24.829883107585772
28973,12.889539663131451
28974,13.960017920868308
28975,12.10213287248052
28976,16.32837725362327
28977,14.064613564859185
28978,14.423232123703674
28979,12.884269760757313
28980,15.642988581974269
28981,15.560500530749158
28982,18.95792790932323
28983,10.61793368051722
28984,16.055456826364548
28985,21.23699573783695
28986,10.791767489592425
28987,19.584571973416136
28988,14.32286915659645
28989,16.127053775544372
28990,18.757956836880016
28991,14.388471550847289
28992,9.370237204326319
28993,18.085398618777923
28994,16.66159196471557
28995,13.034955175196878
28996,20.853166639661243
28997,19.790542497912167
28998,15.472831312262022
28999,12.364606527572503
29000,12.688152677192456
29001,19.272816136987984
29002,17.646840137611942
29003,12.89383220105318
29004,14.328048336330404
29005,20.051439823486668
29006,12.75312398514657
29007,10.23585606320012
29008,12.845217568291604
29009,13.802615185164312
29010,12.868234312359316
29011,9.638877667599946
29012,23.672448272133465
29013,20.179112541727925
29014,15.047678565268193
29015,11.808319832842793
29016,23.22894305906604
29017,13.000722245436103
29018,14.723322522538167
29019,17.829198652122557
29020,25.184779476155917
29021,18.88082890977055
29022,11.266889009716937
29023,21.202855534483163
29024,12.15576491912169
29025,12.012312891666708
29026,18.190007204977746
29027,18.410128368020303
29028,13.296370207162735
29029,17.069408999627775
29030,19.978550231057312
29031,18.17846856466072
29032,15.47944472676209
29033,17.996250389099654
29034,13.711968701704002
29035,9.929067459720976
29036,18.78768224454496
29037,13.47812504303727
29038,16.157824106086153
29039,16.674603799608178
29040,12.025730008235092
29041,14.849669950554942
29042,15.457883734891395
29043,12.47205638414183
29044,19.079216419419424
29045,12.769205788312611
29046,17.737959014022582
29047,15.268705266799367
29048,11.704005529938588
29049,25.32065143162199
29050,20.78853045852194
29051,17.387230949283193
29052,13.818734365508
29053,19.570909355503623
29054,12.343021713669163
29055,11.05104114140645
29056,19.195852162318374
29057,14.028019344684855
29058,12.197613735787218
29059,18.68393946384819
29060,15.7054262021544
29061,19.94275916630707
29062,16.0001525695393
29063,9.30879347913734
29064,19.449776188650997
29065,16.075426135726502
29066,14.578763827798605
29067,15.437773439254387
29068,16.373568617572516
29069,13.09027424096249
29070,14.337138488165582
29071,19.610843307070482
29072,11.309381009045385
29073,12.431253567366003
29074,10.579489485947857
29075,20.64423846287046
29076,10.519240036789736
29077,17.070711516606853
29078,15.046082403698117
29079,11.09006870422859
29080,16.971485910255492
29081,12.443175033713546
29082,17.578266416999636
29083,15.810414090374959
29084,20.08524715197869
29085,18.947127737218302
29086,20.043575472248794
29087,13.781457419142377
29088,21.856153312222347
29089,15.941432043996596
29090,12.287485858514806
29091,10.313378042958245
29092,18.149044902202537
29093,17.85225760029562
29094,20.55436638058613
29095,17.16498637089257
29096,15.815289886668767
29097,14.776770825142382
29098,15.68003224399074
29099,15.208406018061607
29100,19.586433673524304
29101,15.528148683598136
29102,12.931602753643613
29103,11.922765064808639
29104,15.625647662845562
29105,12.757686707117612
29106,12.91905464885186
29107,20.005791663587356
29108,12.838490845476379
29109,13.422385944913266
29110,14.789211612740418
29111,21.863471106506267
29112,11.215419606441564
29113,12.195502320015377
29114,17.7407404059379
29115,14.963150019693225
29116,19.74673067265674
29117,18.877088184712484
29118,13.599270622715125
29119,14.092949375755795
29120,16.674461246779025
29121,16.682761248319125
29122,12.575713135110519
29123,15.9368393557658
29124,13.569843780778205
29125,17.565049718109613
29126,18.683556925377395
29127,10.708921069403427
29128,16.27918210723646
29129,11.967905949921242
29130,21.775760468064774
29131,23.46426943772952
29132,11.997172556954155
29133,12.415692013124424
29134,11.868503277460679
29135,19.00402504467614
29136,14.469761397283612
29137,17.888963167125354
29138,18.814474509740897
29139,15.250531501512581
29140,15.634477469524002
29141,12.20543413778801
29142,13.994836897355404
29143,19.796792065235586
29144,13.351856174093868
29145,9.9398075700498
29146,19.2794861126643
29147,11.294629500043515
29148,12.362227830499393
29149,20.474089604351967
29150,13.248546905387318
29151,16.033467403406334
29152,14.841374597531864
29153,15.910968428306283
29154,20.731838195682656
29155,14.044551297548674
29156,21.622698919710068
29157,18.532400353554173
29158,21.53390756849182
29159,19.154966047154915
29160,15.829543103923024
29161,21.874467544446436
29162,11.808575798784341
29163,18.096814537395453
29164,18.53009906317927
29165,19.338586764941272
29166,15.370810730043672
29167,13.893790860521007
29168,15.249470120390761
29169,18.055430941399393
29170,11.80940055049755
29171,11.488213492928653
29172,17.60460676330613
29173,15.862201478806119
29174,20.642242439425658
29175,17.199390566857588
29176,9.561689902101465
29177,19.91750262511448
29178,15.618014459059632
29179,16.498758291127125
29180,13.7051116021891
29181,14.781466979564815
29182,14.218171266135384
29183,9.583512574888378
29184,16.833610836154413
29185,17.930934323039317
29186,18.562548085004323
29187,20.93577618867789
29188,19.15142342889184
29189,12.765206369793653
29190,14.683454079634524
29191,9.098600199848725
29192,8.466107549662691
29193,22.552142995623633
29194,12.975753735498703
29195,10.308614588454539
29196,11.941725298302686
29197,20.158848200010887
29198,9.689426397123949
29199,14.481554968803643
29200,15.91103494222133
29201,16.85756666301095
29202,16.46218621551045
29203,15.946241269827635
29204,13.756525669020743
29205,18.875465991969328
29206,16.727067139270854
29207,23.86536200959928
29208,17.444019047229446
29209,19.178307098606187
29210,17.756342203585653
29211,12.551952164745874
29212,13.407880552202865
29213,14.227537407326427
29214,10.509946561169905
29215,16.040953516122634
29216,14.7776953107183
29217,16.826606855059445
29218,13.6751680046086
29219,18.630688866455472
29220,19.430173375761232
29221,15.008620300455759
29222,21.11149052616487
29223,19.696729802776666
29224,18.457482225352017
29225,8.133279399586868
29226,20.10842480744182
29227,15.489702247727536
29228,14.937542097156214
29229,13.00200795223964
29230,11.012443297524353
29231,20.173597735483618
29232,13.964072938458886
29233,17.318986561459393
29234,20.039549319436183
29235,8.916638921578297
29236,18.880315497766357
29237,15.46565625538437
29238,18.389985189696596
29239,11.887829462788705
29240,14.640082386174923
29241,19.597260488991466
29242,15.284905521926627
29243,16.079339011183308
29244,18.373832308599532
29245,17.42189160113832
29246,12.858036978651349
29247,19.34855307318326
29248,18.903748819456286
29249,20.573582512147368
29250,14.873727534608143
29251,22.667681884082313
29252,16.819114130715292
29253,15.89395063386439
29254,17.51831055253244
29255,19.02104777873494
29256,17.81281617048138
29257,11.652444545371354
29258,11.700596509669307
29259,13.025223027386396
29260,17.319734321705866
29261,18.24199768004545
29262,13.157057746919659
29263,12.648687686622473
29264,9.706784651700957
29265,13.660531141177088
29266,12.93692600037385
29267,12.534511655785424
29268,13.637933370904967
29269,17.349495881012402
29270,18.030227113434858
29271,11.57890213624504
29272,21.286736833651972
29273,21.73972161661646
29274,14.27156362524992
29275,9.640552617809487
29276,22.431493700372414
29277,13.382637916097277
29278,11.933013032839034
29279,20.72338888458409
29280,18.639913520248896
29281,13.306139717012638
29282,11.4958155411985
29283,21.257622306410404
29284,17.387827728456372
29285,15.57570193724947
29286,17.63154007371689
29287,19.6280447972624
29288,15.853392292418581
29289,12.870116333176886
29290,12.033536149331688
29291,18.522632384785737
29292,16.715219287346393
29293,17.923149725323995
29294,18.365770601730503
29295,8.189753428323197
29296,13.732077248573018
29297,17.157803591261988
29298,20.075025506985767
29299,21.41103863946271
29300,18.510634240529235
29301,13.243472990957995
29302,21.44072788711665
29303,13.77319023840529
29304,18.587873819887214
29305,16.27220539640245
29306,14.423881718304191
29307,18.5518212813717
29308,22.966979245671148
29309,14.027325022808546
29310,18.51436387646152
29311,15.134001999130454
29312,14.314455570700767
29313,21.059522179702817
29314,13.696661117526446
29315,13.618718809387284
29316,19.63269646173562
29317,21.111878419897458
29318,18.658558246654145
29319,18.952205149129508
29320,13.782192566954432
29321,12.373193457683708
29322,12.758421312980564
29323,15.833016621656506
29324,14.396964057578135
29325,13.409740859518028
29326,13.103130171165512
29327,18.411615851927856
29328,12.92754604594694
29329,16.867434800972312
29330,14.835972201922084
29331,13.87389164804717
29332,11.079268726468143
29333,13.637741533410615
29334,23.31998628993295
29335,15.29254530574668
29336,15.947368108753265
29337,18.052097043505164
29338,8.806149699544326
29339,15.082334253154642
29340,14.35200203664536
29341,18.38008845477633
29342,18.667920581273485
29343,13.650243724746055
29344,18.062527766850003
29345,24.89197904151319
29346,12.058403823877015
29347,24.020560373149536
29348,20.107984169823624
29349,12.794051774672429
29350,15.36313148845541
29351,18.993836173890625
29352,13.650449800406651
29353,21.31803927008663
29354,13.074406039219493
29355,9.90777009589515
29356,19.529154659010523
29357,11.962869378986593
29358,14.894731081280366
29359,16.180445604473736
29360,18.102847772049312
29361,18.321111219468143
29362,14.463915175725154
29363,16.31351956657189
29364,19.190508370767624
29365,16.72513209171138
29366,15.413942495907918
29367,17.165056107796943
29368,18.786131657368784
29369,18.41610126416299
29370,15.353949792506103
29371,16.567001806901352
29372,18.33553536066386
29373,15.231935628705488
29374,14.835011373264
29375,17.301665490975342
29376,21.326703106351125
29377,13.861444055210313
29378,15.338023892177867
29379,14.072723349350984
29380,12.413209880452918
29381,18.253985758729904
29382,13.582033916269705
29383,18.82446437466517
29384,14.395803794385094
29385,16.488076292534934
29386,9.058424418636607
29387,10.861283553062497
29388,11.374568093782639
29389,17.079317210282614
29390,14.708051214231162
29391,20.668874082338064
29392,13.883892108259946
29393,15.614774461132216
29394,15.028711386759657
29395,11.974634527945273
29396,19.692285386651996
29397,10.270863669436588
29398,20.06734640017045
29399,13.637638032545201
29400,12.52931453305024
29401,20.168274256589022
29402,16.84174732796215
29403,17.80828892014651
29404,15.991272810088654
29405,11.840884595776874
29406,12.459407701295163
29407,13.196437882056358
29408,17.62849559330543
29409,17.334405312664728
29410,17.41631699706197
29411,17.18386167553919
29412,10.65448715924947
29413,15.250494625045024
29414,16.940929170668177
29415,13.293822483812
29416,25.329499499416585
29417,15.170711034042645
29418,15.505653238528774
29419,15.328359787797494
29420,13.351001787848677
29421,14.165062144812568
29422,15.42983081414568
29423,16.573202420724847
29424,13.957337262572013
29425,16.81366485304425
29426,14.659034025417823
29427,12.57528747779316
29428,10.435106599923825
29429,9.33755051423649
29430,11.629017022128204
29431,17.699133962428363
29432,19.42854909577884
29433,10.681166287337945
29434,17.051800998857562
29435,15.136371230905086
29436,11.393185263279172
29437,15.958844207977272
29438,14.71391076966942
29439,18.69091287786906
29440,18.692432524812148
29441,14.833910390404625
29442,12.583625748881053
29443,12.30187132235011
29444,20.94593229721736
29445,18.573295926089592
29446,24.807521583195985
29447,13.582754737193053
29448,17.983505695292294
29449,16.529783047988953
29450,16.504208991340988
29451,16.51051689238689
29452,16.80838637833138
29453,13.572199732191853
29454,9.806779394292134
29455,14.57649201533412
29456,13.793059328619847
29457,14.868380890875157
29458,10.671925920352844
29459,12.34759919875458
29460,14.763220744778572
29461,13.266754324665518
29462,16.255468911187386
29463,21.699744410953024
29464,21.15160134544862
29465,16.078284428338876
29466,15.35102458126345
29467,17.8971278508632
29468,13.235794884834114
29469,18.792109005271957
29470,17.70908965333644
29471,16.34128682837669
29472,14.287489062030913
29473,24.912495474134595
29474,15.418815976420897
29475,20.127444885276553
29476,9.829050042706786
29477,19.759162948569625
29478,13.77538088389738
29479,23.229761281209527
29480,20.55154052289226
29481,15.388700134377313
29482,16.897597470530073
29483,15.899980381552536
29484,17.066809171672848
29485,13.764031878987407
29486,12.377992779945133
29487,17.637233581689934
29488,17.94157528997821
29489,10.701274955610145
29490,12.441081431115947
29491,13.370690172795843
29492,18.27695942268233
29493,17.569491489012826
29494,16.76984226862549
29495,13.244371186674467
29496,8.4346725282872
29497,16.15316867332045
29498,17.268382099436835
29499,13.545707575121565
29500,17.37222039741294
29501,20.363921392922343
29502,19.87941171732151
29503,18.73498175995126
29504,18.53618886378421
29505,14.633030532690368
29506,20.887394563379033
29507,17.24536085238752
29508,17.191561529919714
29509,16.3956685101439
29510,20.765230165610017
29511,11.509351569487878
29512,9.424545365292314
29513,13.982631867020471
29514,18.529382351717963
29515,15.251967341017087
29516,8.084477819797378
29517,13.923144888482284
29518,19.999633514766096
29519,15.84012502778082
29520,17.240913491548866
29521,12.300712273487601
29522,15.36741681097844
29523,20.40567982369123
29524,18.094288332164574
29525,12.832545286315234
29526,10.051016258563916
29527,21.710341331665788
29528,10.907770313939645
29529,13.22716847623754
29530,16.14673718640362
29531,19.87233932197836
29532,15.721338025019088
29533,18.17331393579203
29534,15.087642339660588
29535,11.83734157835457
29536,18.486809179465197
29537,17.578368935478853
29538,13.863615800928205
29539,17.85633275469489
29540,13.270334786697722
29541,12.26195283199717
29542,13.943667618068181
29543,19.022931477303914
29544,11.67102639278223
29545,19.452051007402034
29546,12.346494440695636
29547,10.260077773537809
29548,14.731578789064466
29549,15.667700515074317
29550,18.83597407636941
29551,11.812269047415327
29552,13.469844711191262
29553,18.106583591316394
29554,16.742125217782714
29555,12.067148966204499
29556,14.051645600815297
29557,13.843984951657134
29558,15.37762693582871
29559,14.544196866392435
29560,10.176355950189343
29561,13.949601024723313
29562,18.59760625196131
29563,14.50530487635843
29564,15.82867400231848
29565,16.707480911945687
29566,21.677965616744537
29567,14.255238530457651
29568,15.806298309038652
29569,16.60089922288241
29570,17.71502757871479
29571,14.027710411946812
29572,15.748448955030003
29573,11.366901018465994
29574,16.987770684355773
29575,16.377604266421883
29576,16.966570264156015
29577,15.150256998544195
29578,16.27315513817149
29579,10.381735005615514
29580,15.128443235666765
29581,17.434138956453364
29582,13.697518917186878
29583,13.595855164342204
29584,17.262669946517487
29585,15.230868439801347
29586,13.450331227619214
29587,16.455787557169867
29588,16.905243556248315
29589,15.727920653166967
29590,12.725090765833292
29591,16.07331203516596
29592,16.497160900307193
29593,15.50571047475198
29594,16.55762484261178
29595,14.295892261988277
29596,12.158261178211502
29597,16.213196384142147
29598,20.047435473017334
29599,9.782796299349164
29600,16.563599171358224
29601,8.577310216159484
29602,15.396064907892024
29603,11.1499650099321
29604,16.907110002414107
29605,18.544048106948225
29606,14.116886478599623
29607,18.73160226420196
29608,16.756528481252488
29609,13.05406733512537
29610,13.619278427636946
29611,18.703563814622242
29612,11.946197776512975
29613,14.43702761650291
29614,24.159593793120877
29615,14.949016092679157
29616,14.226221213680082
29617,19.032388419776275
29618,11.501184480112238
29619,15.70854568314211
29620,18.570708182198448
29621,15.05557470247866
29622,16.648419603654737
29623,14.734309295569545
29624,16.278648455892196
29625,14.597720413341081
29626,12.010150836474919
29627,19.113140713783096
29628,16.57620965050181
29629,10.879944082393331
29630,16.557231957822694
29631,15.088203649225365
29632,18.54553998994163
29633,17.890764125470476
29634,17.278947813608397
29635,17.200461817980404
29636,16.268526112587722
29637,13.32934859157621
29638,18.730307330668552
29639,17.943066468816188
29640,19.02697686440047
29641,13.710314068661635
29642,13.36497825988989
29643,12.445622617640941
29644,22.453694848159437
29645,13.658540028291814
29646,15.304785186302832
29647,17.09085461203223
29648,13.429186452545096
29649,12.53927803901866
29650,12.615684434725477
29651,20.870206719659148
29652,18.038873880794227
29653,17.512005156297363
29654,12.53992194748546
29655,14.030105176444108
29656,12.818640563755332
29657,17.422050908947156
29658,13.611688016478864
29659,10.212964714270694
29660,17.494179996909665
29661,13.59654153246202
29662,19.328133423781487
29663,18.119035264488446
29664,12.214594149126757
29665,10.189713046711619
29666,8.599301979021478
29667,16.008577623421345
29668,16.877138462503645
29669,20.642947099172865
29670,22.99733272624013
29671,12.488402101970303
29672,14.016821705409395
29673,14.721043844319126
29674,9.530986623757205
29675,16.642293411403458
29676,11.923125738994116
29677,11.730529888047524
29678,19.27763547131853
29679,15.40819983152719
29680,12.67882809380263
29681,21.819331009940136
29682,16.40091164588971
29683,16.557715640063073
29684,12.758778719861219
29685,19.22122541826974
29686,14.089567007812157
29687,14.70694256409827
29688,19.567899869818362
29689,12.857156241745578
29690,18.59160132624493
29691,16.856348974854846
29692,14.397836346360638
29693,13.166757302783942
29694,12.87856152741384
29695,14.646014523119186
29696,18.338707481489273
29697,18.485939647121413
29698,11.767048240214162
29699,17.9033335899083
29700,15.320226477292652
29701,12.525354446657786
29702,22.00144658329112
29703,13.085671770631862
29704,18.97451923094949
29705,15.349285321709148
29706,16.971296178616086
29707,9.42109322678213
29708,21.321413299721634
29709,13.289607414616883
29710,20.187535576536472
29711,12.769333620063295
29712,15.550327203349848
29713,12.078713815118448
29714,10.109472175201358
29715,13.942300102802088
29716,22.773278123995674
29717,21.146276312765707
29718,16.04302114589091
29719,12.856219534931844
29720,16.888621521367277
29721,15.839512176677554
29722,20.639362559358133
29723,9.44136445730552
29724,19.501333621970026
29725,16.817037897970483
29726,14.416835918837487
29727,14.05837806591512
29728,11.69353441910929
29729,19.44708895150808
29730,17.21479039582993
29731,14.73309761275818
29732,15.824516438234875
29733,9.066939263454898
29734,16.072630065469426
29735,19.95170845136134
29736,17.791023993786823
29737,21.478666765245308
29738,15.157294645407587
29739,11.243799909410203
29740,20.899285280885962
29741,10.201589210851674
29742,22.18851165409359
29743,20.228144131971938
29744,11.067739836248997
29745,11.601284702958935
29746,20.06709968620182
29747,14.714500462294284
29748,18.71821207785429
29749,15.151528286554944
29750,24.84275144625485
29751,13.71424446462724
29752,14.992243847813812
29753,15.430082192570982
29754,17.991659812229067
29755,14.740602470492066
29756,13.091677234481327
29757,20.21392968288938
29758,21.468387785712913
29759,11.787972519066019
29760,17.89498897816131
29761,16.300086101656817
29762,19.102965275338157
29763,15.371272324046034
29764,19.93816690554104
29765,15.971608186042447
29766,10.20257496508727
29767,15.723018066604
29768,15.272078133366069
29769,20.06063937843321
29770,20.201331729720202
29771,13.774032379138777
29772,10.131544593254944
29773,9.745723041518984
29774,13.784013475519092
29775,15.01745238544609
29776,11.948651227010755
29777,18.540887165735114
29778,11.809652169216559
29779,17.242483563461136
29780,15.932239120120164
29781,16.993837822321275
29782,14.615254258465784
29783,15.238048687483825
29784,13.687208125679073
29785,13.88534497210897
29786,18.820922169579088
29787,16.299817497129155
29788,14.455019651629014
29789,16.032536100041355
29790,13.985683516766287
29791,18.90397127807028
29792,12.975117386533428
29793,15.286078101459964
29794,17.3657165263008
29795,19.983161019908778
29796,14.241921554558688
29797,15.332338633593693
29798,18.697542760822163
29799,15.816461582345486
29800,12.972681637832512
29801,9.270763643110046
29802,10.655821824527258
29803,13.662516057827006
29804,16.07687463424403
29805,18.069720905967035
29806,14.027270267959327
29807,10.707992790953297
29808,17.647807417663238
29809,18.327524835968617
29810,17.665426711948733
29811,13.826920842077076
29812,16.86110259557422
29813,10.202783688840054
29814,16.79124831417288
29815,14.778896679699374
29816,15.445110896798463
29817,21.13123547702081
29818,14.521855599084267
29819,18.00184827752914
29820,16.435395018778216
29821,14.653973254824686
29822,15.901973474463343
29823,13.586098589498022
29824,13.126513270868369
29825,15.031944735096449
29826,18.00996893793478
29827,16.502050517305484
29828,15.0609170268067
29829,20.99778967712961
29830,21.189021600946063
29831,13.322298804249598
29832,13.280456184723597
29833,9.332424851838839
29834,16.498338808702197
29835,9.293265183129453
29836,22.069939190516727
29837,8.045910585066876
29838,10.684835121896674
29839,16.660196144967223
29840,19.26412843452711
29841,16.50255739629005
29842,18.634255596397402
29843,10.896363634957007
29844,15.315661051883378
29845,16.173434074475217
29846,20.941004384018207
29847,11.426347630377492
29848,15.45491975024195
29849,16.32383258766187
29850,19.604780414889532
29851,20.016589659496596
29852,19.72189709810678
29853,16.7470039553869
29854,10.937164405534222
29855,13.218394571175265
29856,15.177944656214889
29857,10.723260354605586
29858,15.661384843473657
29859,14.000114070277347
29860,17.674090766289247
29861,10.70806619302419
29862,10.970548228370664
29863,17.1722198523913
29864,12.811322898625747
29865,14.004700632919155
29866,10.363501965277749
29867,18.16690536800953
29868,9.986873746923202
29869,12.263146418918195
29870,13.775083418533935
29871,11.714378092423338
29872,16.792148553284242
29873,17.08843626746171
29874,20.512886678628334
29875,13.731044120856655
29876,17.278012779494546
29877,14.251398001777945
29878,18.684669092363475
29879,18.372671490050337
29880,14.223968254871853
29881,14.482568709877716
29882,11.844973281187132
29883,12.350324775711133
29884,12.279585360028587
29885,11.012285738104922
29886,15.980811257103388
29887,19.10001046726112
29888,12.535395377870477
29889,14.917878253971342
29890,14.77939001359802
29891,19.705639090556787
29892,11.710112900570621
29893,12.666365239463424
29894,19.86001998839148
29895,19.71230865373195
29896,15.941418158470983
29897,14.886872795462175
29898,21.88984375928188
29899,11.38778792067842
29900,16.738714964854836
29901,13.665967344365928
29902,17.05983920408945
29903,12.442139773831151
29904,11.408551197087474
29905,16.921778056543715
29906,14.128770323497172
29907,9.29094672868304
29908,13.591376444920805
29909,12.508457010270593
29910,17.303114930497728
29911,10.066953612115451
29912,15.033142426823897
29913,9.647304917806938
29914,16.17104166924458
29915,15.386595198348928
29916,12.765220697402459
29917,11.793401264982446
29918,21.55305913530283
29919,17.94254675658553
29920,16.038501997283056
29921,23.317994303779265
29922,16.359852450777836
29923,17.329676385365026
29924,13.091078751691732
29925,11.605659388834354
29926,18.99080846259504
29927,12.913065758377666
29928,12.387473785833528
29929,21.43988063183403
29930,14.013905324861412
29931,20.346982803249855
29932,12.488187101690695
29933,18.08868983225471
29934,17.534171533164862
29935,20.71154836183745
29936,13.780586100757997
29937,16.89497871390057
29938,14.067849136046638
29939,16.034557819479097
29940,19.689218182160182
29941,18.27484392505181
29942,14.773029296118603
29943,17.486362763245246
29944,12.557905127832708
29945,22.070659494508654
29946,14.594756833830116
29947,10.985970084866045
29948,18.924028939218864
29949,16.39051223459664
29950,10.654524321030918
29951,21.52923579642977
29952,15.983716510983522
29953,16.269492676390833
29954,22.444277293021706
29955,10.821620564375479
29956,15.939204416886096
29957,18.917413696210424
29958,18.995193506849553
29959,13.64058332213521
29960,18.18292432228089
29961,15.754908455094998
29962,15.142182848823973
29963,16.92263622397317
29964,12.651527941399415
29965,9.766537120277752
29966,11.361852280365834
29967,12.210757983565163
29968,14.650872260142785
29969,13.853970113963076
29970,14.107926500619042
29971,10.485313273786346
29972,13.366079918652332
29973,12.430075441699753
29974,18.734856787006407
29975,16.365228084729043
29976,18.3849565541382
29977,16.890237011070674
29978,15.043700142488943
29979,18.730801725495972
29980,17.330115463841828
29981,13.354482554786234
29982,18.038580284258302
29983,15.209363799413476
29984,12.651393757218838
29985,14.179084435478211
29986,12.187991371648684
29987,16.51828318037927
29988,12.122207748076704
29989,16.683339468206846
29990,16.622020754569725
29991,13.034742229050607
29992,11.48797859270383
29993,13.18409506099962
29994,14.616845141185012
29995,18.944923634380604
29996,19.283491441489403
29997,16.194721586968377
29998,13.142474634976946
29999,16.22122175838446
30000,11.759652520448327
30001,12.5109061995968
30002,17.12275260532575
30003,14.765766756503647
30004,20.252645412299458
30005,17.303524310887838
30006,16.05200901967264
30007,12.156416958801763
30008,7.829820043887086
30009,9.452203811344935
30010,14.448552039287767
30011,13.802663287490478
30012,16.29866409660471
30013,16.139278451985568
30014,23.8750331053319
30015,18.267846902774068
30016,12.258993536231106
30017,16.054377680678996
30018,12.420550049004179
30019,22.867346626769965
30020,12.105044587545237
30021,19.074534824065772
30022,16.003038006364125
30023,19.998819284312532
30024,9.747840736060848
30025,14.56202772458737
30026,10.75649266199951
30027,16.562678070857558
30028,12.849910097737025
30029,18.560841350174286
30030,16.717824209920316
30031,15.706913688167417
30032,14.195965826263208
30033,14.990843686908372
30034,21.818233207771662
30035,17.061150211411018
30036,18.04974694320859
30037,11.918435666216778
30038,11.418546933526585
30039,12.416292820762077
30040,12.16834265865671
30041,12.485600275021252
30042,17.60318092886621
30043,18.7568266361385
30044,18.558021492284105
30045,21.736343091604063
30046,16.242792461076743
30047,10.900239192477333
30048,12.438318050391054
30049,9.954846836829114
30050,18.293512081923716
30051,13.171750879557223
30052,16.70840039477524
30053,15.358631256310177
30054,12.518641148848737
30055,21.862575904892687
30056,16.36258787365313
30057,14.763808874829936
30058,13.6036319949465
30059,12.306748978609658
30060,12.074546039024321
30061,10.765463116479904
30062,16.089249162175946
30063,17.756872529915775
30064,14.698862567080967
30065,17.810807578341127
30066,15.19547021542235
30067,15.785968888539456
30068,11.417416596056428
30069,20.331074945296123
30070,13.695016750855888
30071,17.415214832600853
30072,16.30301767947153
30073,12.314056714079115
30074,13.79780182868084
30075,15.113699074541906
30076,13.736249788654598
30077,18.491588666366727
30078,12.438767290887476
30079,11.461122749096127
30080,15.147893404030826
30081,12.048025456169352
30082,11.282094666635638
30083,18.652142369745327
30084,17.551334640608545
30085,10.16487820866969
30086,11.620447514266
30087,11.037935679466006
30088,13.650751296863827
30089,13.914163994331524
30090,15.858936548523884
30091,18.182698412575554
30092,16.926192333345533
30093,15.133252054953548
30094,15.076053156579103
30095,13.61745207362528
30096,21.383617250541796
30097,15.479425754287844
30098,15.293158482173109
30099,17.485534499555243
30100,15.5960077454536
30101,14.656154152877754
30102,16.309688903576944
30103,18.206070271653864
30104,16.530260416404747
30105,17.12065177772759
30106,17.372752801861544
30107,10.172792437074342
30108,16.17969718152051
30109,12.200189612681042
30110,15.774761960920463
30111,17.17464881434107
30112,16.927980747307906
30113,10.546645260832685
30114,14.549586773157927
30115,17.96212205262188
30116,19.117991975669263
30117,15.284185452503708
30118,13.85433046418388
30119,16.72675872993775
30120,18.409675684167837
30121,16.225627219137714
30122,16.983980569415454
30123,10.349669640424148
30124,14.591703094864995
30125,13.186439630232503
30126,11.451390698967735
30127,11.123765710093707
30128,11.370776608387429
30129,12.55079359580182
30130,10.97443700361244
30131,12.911427108342725
30132,14.008374408090626
30133,14.84209387994816
30134,21.38610951691094
30135,22.524507678904946
30136,18.060739135089797
30137,16.528386405655652
30138,22.39755803370379
30139,20.211212826825424
30140,21.11985375237726
30141,17.143840816588543
30142,18.614761925397886
30143,15.012729430225287
30144,13.109246979907656
30145,14.541491482575362
30146,11.764608118250166
30147,13.03713904096697
30148,14.604414448623555
30149,13.379083097001738
30150,12.75627626729928
30151,11.454192999793307
30152,15.641919986875127
30153,21.31505350797694
30154,23.339658768062776
30155,14.047462260322034
30156,21.2848740723684
30157,16.9716447700291
30158,12.965155539963831
30159,16.198006677806873
30160,11.48728254157507
30161,12.969384176879998
30162,13.804832179920343
30163,22.898124371326084
30164,19.390565933803906
30165,12.149774412004634
30166,14.803684494883147
30167,17.38490140654588
30168,13.579575391810804
30169,19.226028270110284
30170,15.89443066972017
30171,14.50313364708344
30172,18.36133137091231
30173,13.932553039588615
30174,12.366320605127619
30175,11.129942065343412
30176,21.561142021679835
30177,18.242019313738602
30178,14.166879715226552
30179,14.695430550035661
30180,9.94336445312409
30181,15.163820328455255
30182,11.665760352888046
30183,18.762693543615878
30184,19.046510083640946
30185,16.27998477021945
30186,17.007322115149282
30187,16.715226338242253
30188,14.908873230063078
30189,18.14586071529445
30190,16.766879712371537
30191,19.215063428741043
30192,11.11478425830087
30193,14.762584060557565
30194,15.077892302615963
30195,18.58768072901622
30196,15.038565182920669
30197,17.641575152679984
30198,11.003000899977174
30199,11.264627676513019
30200,12.874223063238816
30201,16.535482111361404
30202,19.612491929368403
30203,15.160538035981906
30204,13.241594578886117
30205,16.055990662515555
30206,17.60553766912892
30207,13.446557934189494
30208,14.4889770240107
30209,19.54645715872345
30210,15.310095683949228
30211,11.602736832522183
30212,16.161114418998334
30213,9.205116709261723
30214,18.86936998312425
30215,15.644849367584902
30216,10.6814396793659
30217,18.98163613160596
30218,20.643683877494084
30219,11.20300900036035
30220,10.673461379170936
30221,19.58394659312017
30222,15.923502087854168
30223,10.523625814749394
30224,18.532480924174422
30225,12.332105204261683
30226,11.762805863904756
30227,13.582850362061889
30228,21.173258375478916
30229,13.07707810294191
30230,14.684145475940245
30231,14.025510697110525
30232,16.926013217584817
30233,14.186766960682927
30234,16.08226442401247
30235,17.819397622012083
30236,16.30243860268427
30237,18.55041077041301
30238,16.35602681422509
30239,15.928140114631558
30240,22.417392061781655
30241,19.600945660277283
30242,18.33677504961318
30243,15.728988833578002
30244,18.011793863096287
30245,15.505563135570148
30246,14.087103941961201
30247,20.99362698520548
30248,15.271636233306454
30249,14.924838687548927
30250,11.301627685319772
30251,16.198295779411076
30252,12.780027221601225
30253,16.225675754379346
30254,17.63464864007929
30255,12.7948580951942
30256,10.93711263384446
30257,15.055340079809286
30258,17.037196154092108
30259,14.633977293642856
30260,14.111742811553384
30261,17.13997159072656
30262,13.397327746174216
30263,13.74891048230558
30264,13.295163593115543
30265,22.794990047420647
30266,12.828746059166606
30267,17.12763500510834
30268,20.298874188714485
30269,16.525603884438176
30270,11.844062626526146
30271,13.686027406550501
30272,20.24776125821068
30273,17.13185635063124
30274,16.10182094548736
30275,10.865350404060592
30276,14.074392830241704
30277,21.38236142029792
30278,20.030778103671274
30279,12.687466329465408
30280,17.968285673228742
30281,15.223393365319044
30282,9.93243174945274
30283,19.80799145085807
30284,10.45275233003111
30285,17.644611090695342
30286,12.257757108057545
30287,15.027260522614851
30288,16.58743998025232
30289,15.47864286651998
30290,13.78310272633592
30291,11.62224535328096
30292,22.373009026387116
30293,18.677762160255668
30294,17.787533123012032
30295,19.611587325786033
30296,12.572537431608744
30297,15.312411300144333
30298,20.173878198313695
30299,16.538627262127505
30300,14.001123207762639
30301,21.628161114929895
30302,17.190252686280722
30303,9.394183635062115
30304,13.422634601303693
30305,15.472701726540171
30306,17.20220470701097
30307,14.436717494960922
30308,10.461893158175695
30309,15.597071536869375
30310,8.564340078392604
30311,22.116710797952692
30312,10.8172469965873
30313,19.75613620659523
30314,17.259294986634995
30315,15.302985111683563
30316,20.076960299171667
30317,17.53171583070818
30318,21.807373582138595
30319,17.404556294666733
30320,14.904706670187606
30321,15.748316052320034
30322,17.472134324954602
30323,10.690512798322672
30324,12.95259606958929
30325,16.978820972478243
30326,20.57232909821031
30327,15.65075938970398
30328,14.10179124230721
30329,17.387059011507333
30330,16.058682869102867
30331,15.182820750885059
30332,9.767957570328882
30333,7.928742964075418
30334,12.349487730557975
30335,14.85070095523652
30336,17.469557305792875
30337,18.001494059315448
30338,13.709726032170252
30339,20.967273894950633
30340,16.43286965334908
30341,15.057155639000158
30342,19.140590531772524
30343,15.249055187753033
30344,15.646458286512045
30345,15.200987286048337
30346,22.300887073830253
30347,12.083855468201929
30348,19.792238064978534
30349,14.496098817843432
30350,23.086675651408164
30351,15.148448832064998
30352,11.088435658795547
30353,16.86257668647376
30354,10.430957550165829
30355,11.901012678130233
30356,10.711938428416046
30357,16.04321766128505
30358,17.596013928504114
30359,17.216709234906716
30360,20.896850965194304
30361,14.223937694226008
30362,17.733032222853318
30363,15.051433745827689
30364,12.004326023889089
30365,13.887480596539685
30366,15.001250191736924
30367,12.561391034278145
30368,23.643181116353027
30369,13.597862464554328
30370,16.85227921353212
30371,13.487588394519328
30372,10.838973393916172
30373,15.328100284115253
30374,14.823541032549814
30375,15.314851529555233
30376,17.04841876139171
30377,19.178347127275686
30378,14.211454014375477
30379,14.90596355727099
30380,17.39753485124728
30381,17.187450442679364
30382,15.175564857297443
30383,16.76115976645075
30384,19.491564275081473
30385,15.29413010423887
30386,12.085349505718886
30387,12.927200811698858
30388,16.064933193849754
30389,10.350046441193477
30390,15.810100733747865
30391,17.593987191613447
30392,18.348798717367814
30393,15.297184181974554
30394,13.124855143823233
30395,20.715448940153955
30396,9.668734012938335
30397,12.182732643952551
30398,16.286519549200165
30399,13.075029100420968
30400,13.421438920167482
30401,22.170915083075116
30402,13.092428912258615
30403,7.853070303025387
30404,12.302924585068592
30405,18.55719649491074
30406,11.200868096540226
30407,19.88399430338969
30408,14.824530879858363
30409,12.750580720029983
30410,11.222178193364007
30411,15.91106845499733
30412,19.518504290507337
30413,18.454647151515786
30414,17.180296908438102
30415,24.109206976419102
30416,13.43082212488938
30417,12.945525617770635
30418,16.41834069648546
30419,14.84295058917513
30420,18.71645731866531
30421,19.585037120492764
30422,14.808183127019781
30423,16.12770632586068
30424,18.000802724788365
30425,19.806364649495123
30426,19.269540017237553
30427,17.471864133928534
30428,16.184169982895703
30429,14.936076428895012
30430,11.207477586055564
30431,11.910647539670622
30432,16.57528974283634
30433,14.91950042222399
30434,14.250510163752413
30435,19.14810532450789
30436,14.430672157312669
30437,15.927517819828067
30438,17.061228448970724
30439,17.195586968087575
30440,9.053758172917586
30441,20.15369250467892
30442,12.366877118990036
30443,12.743358294223583
30444,17.40971433855554
30445,14.107538644120638
30446,12.536479436114709
30447,16.52170959737959
30448,15.058018942796272
30449,15.837615553768806
30450,11.084453481192769
30451,20.7321531144838
30452,14.708905175269491
30453,17.845138459786426
30454,18.0634798843326
30455,15.332860041089807
30456,17.48910435081275
30457,16.401837401367366
30458,13.473660934508272
30459,13.527764590783924
30460,16.956851524632363
30461,17.07815004346474
30462,18.23684090437733
30463,10.950311856468847
30464,20.821582058838914
30465,24.274395684447768
30466,17.30736987173291
30467,15.055723479287371
30468,14.107584669514752
30469,14.777809463916368
30470,14.500894502659799
30471,16.96704558564278
30472,15.502677612048302
30473,11.899168815065845
30474,17.665418550595284
30475,13.883636287815923
30476,12.57351570565472
30477,13.161402849612298
30478,18.37995166685089
30479,12.447896706938472
30480,18.55095152870593
30481,18.070301967544324
30482,14.467265965018115
30483,20.623155325719466
30484,24.469876554839352
30485,13.953480679673074
30486,11.40952407735823
30487,13.962478255176554
30488,17.397532269831224
30489,15.312345514129838
30490,16.03992466879
30491,15.851436644304878
30492,11.493781946002631
30493,13.258077258459938
30494,14.046156849004111
30495,19.43879719734192
30496,12.359345718065248
30497,16.94537130574968
30498,12.980632322599911
30499,18.25072424566779
30500,15.01216588504367
30501,22.726698940476545
30502,20.358037708093434
30503,16.651650638216744
30504,14.247638995803733
30505,11.465475569465227
30506,17.530985335839183
30507,20.06856949715609
30508,13.502124654604511
30509,8.51763138691203
30510,7.688717065087971
30511,10.674851446765317
30512,10.747155593812879
30513,15.143287481553317
30514,19.14605271117224
30515,18.63987615491088
30516,14.44270122634401
30517,13.991947941966759
30518,18.03746264958245
30519,18.239885256939026
30520,10.912982865157606
30521,15.494885790735852
30522,13.128621895619656
30523,16.470671690383703
30524,17.891330765624105
30525,19.071757615798646
30526,11.294362771389368
30527,18.0339555506534
30528,14.525463025905845
30529,14.088650881411104
30530,17.716861780008962
30531,12.775280569308524
30532,14.155400304500315
30533,12.744247717650135
30534,12.973488811089965
30535,16.050666555648256
30536,13.688297005154372
30537,13.666278206014422
30538,15.996425638895317
30539,15.51302508404726
30540,16.299795961630927
30541,11.692683219180552
30542,11.055110056116183
30543,14.603644292989365
30544,15.72874381451228
30545,13.814214968255245
30546,10.288508370346936
30547,17.553311531392655
30548,19.439681536044418
30549,18.155618103850344
30550,20.350688381333036
30551,15.95005746009833
30552,17.127998105806135
30553,14.815059228206762
30554,15.902637493830856
30555,19.874620395193126
30556,16.57060709743579
30557,17.210995257163148
30558,14.802698943775143
30559,13.152225478588672
30560,21.5831497028622
30561,20.35339943880939
30562,16.062178689473612
30563,16.981162022466343
30564,13.523747629303003
30565,10.36464732299033
30566,15.105011300901188
30567,11.065648471026027
30568,13.80437993509698
30569,17.974600803030775
30570,11.728315685024397
30571,10.668211345504
30572,17.712689721011735
30573,19.12475203042561
30574,14.40360313705299
30575,17.792069690178216
30576,19.322819589026516
30577,14.255272649900476
30578,10.87192595435242
30579,10.62767387612277
30580,16.39441958497322
30581,15.573525838533355
30582,15.46999370789048
30583,13.069457253331077
30584,15.112632844493778
30585,22.36934136464255
30586,24.152363617192947
30587,12.507924680224257
30588,19.594751453654364
30589,13.451752138455078
30590,15.313606467215441
30591,12.519321709468493
30592,14.967997399246459
30593,18.294044071735918
30594,11.719121981680335
30595,17.068015478074138
30596,13.274019813464129
30597,19.70871698089849
30598,16.671597146665153
30599,11.334805289797846
30600,18.421921513660408
30601,14.371853451948835
30602,17.85126315438666
30603,14.908498566330953
30604,18.834140648984093
30605,11.586114490235495
30606,13.39022499774703
30607,15.27847236876612
30608,25.327265614600087
30609,12.980875716071326
30610,12.915594952814251
30611,13.22095241962667
30612,13.386794196688937
30613,18.344848020702116
30614,14.411232778956965
30615,19.66668258908222
30616,14.23134515502574
30617,12.818603696514174
30618,21.719686872757393
30619,10.876855468926536
30620,13.284558664078958
30621,13.633081287807386
30622,14.567608154734332
30623,12.144354027976409
30624,16.683895853358507
30625,18.216650910638386
30626,14.655503057400765
30627,17.848635365278994
30628,15.114943775873959
30629,11.676230496523626
30630,18.386031041821706
30631,12.628720501639938
30632,24.79551787928007
30633,10.44728276505928
30634,9.84149409166918
30635,18.722420533761408
30636,18.77985407183094
30637,17.567904687362464
30638,8.593121307165276
30639,16.60920048963167
30640,16.872962508222678
30641,13.62087280143648
30642,12.722891591432782
30643,12.009795571419675
30644,16.31106166508789
30645,16.831902775213116
30646,15.888129453769478
30647,11.222199675206221
30648,11.191155926260773
30649,14.259877251883296
30650,18.002907951475215
30651,21.62943394971181
30652,13.328094773265025
30653,17.849543249188514
30654,17.58691724109007
30655,15.525051586863793
30656,16.82490272683776
30657,19.394053164992133
30658,14.648225350593204
30659,16.85757315268833
30660,16.766424597672447
30661,14.63206627310847
30662,14.77627692807542
30663,16.406453359153552
30664,14.94505440197083
30665,14.800570181959865
30666,13.893238455100086
30667,12.867450877486146
30668,18.44273914932385
30669,15.664767253899415
30670,14.277799678168483
30671,12.195443170775158
30672,8.844584740414309
30673,12.669306135090387
30674,19.73139581920443
30675,21.796926390041854
30676,21.77709610674849
30677,13.597818430712627
30678,12.676293326403169
30679,19.95143918627405
30680,14.065228829663873
30681,22.125829773433544
30682,15.858632319330024
30683,16.789410013410937
30684,12.396709065611095
30685,15.046164192948089
30686,14.832151500477535
30687,13.586793879505892
30688,15.267799088367335
30689,13.070360613923867
30690,15.35652080808456
30691,15.252509159085063
30692,14.859288866812053
30693,16.184952776517292
30694,18.816008985075833
30695,14.225581631319407
30696,14.959204250652782
30697,22.28351426149451
30698,18.174667865382155
30699,18.247778896125936
30700,18.716649084196995
30701,14.909003256555057
30702,13.36485436153762
30703,13.559027082346404
30704,14.470534088775961
30705,9.515896185160214
30706,18.681033908606622
30707,18.404455825787558
30708,19.752046471381156
30709,13.728544639865149
30710,14.872920433146712
30711,15.814613193374518
30712,19.086346545573722
30713,15.67708967176486
30714,13.195379200086125
30715,11.821127916483505
30716,21.793203467069766
30717,16.71430319194254
30718,16.5651968804397
30719,16.52291552731569
30720,18.108583857012086
30721,12.86611640775522
30722,13.049169675855472
30723,15.005417591832842
30724,20.08420568881273
30725,16.366795690196142
30726,16.257368191705396
30727,12.716569983794972
30728,9.123300374593233
30729,12.481834939782548
30730,16.052332857420883
30731,16.143657857128165
30732,13.660485398307458
30733,19.365792183784777
30734,17.831996068108225
30735,18.421526971410174
30736,14.393232318703273
30737,17.39264550865932
30738,12.802087785439996
30739,16.092713405906956
30740,12.905705838588327
30741,13.418356322323211
30742,14.606326220166888
30743,18.991200900898498
30744,16.452215342163136
30745,21.734051237888913
30746,12.292275334042616
30747,14.38862759245187
30748,12.786844089581988
30749,23.52674303465539
30750,20.07823205275799
30751,16.31438151655354
30752,15.80445949946205
30753,8.891221062091027
30754,15.337068451365957
30755,16.74090287978363
30756,13.723269067895298
30757,17.08161123472633
30758,18.99615268197489
30759,20.060253514962064
30760,14.190510089087264
30761,13.867426261666708
30762,18.23966890470105
30763,15.053347564674526
30764,17.570387609622884
30765,10.984287471922645
30766,22.555011003743857
30767,17.911465862207947
30768,16.052341281216485
30769,19.484982306714834
30770,9.812627910887151
30771,15.046297914908786
30772,11.721353555432643
30773,13.685355868621603
30774,10.592511564299157
30775,7.614080815284696
30776,12.824403573231105
30777,18.893246578283243
30778,10.679263239647057
30779,10.581498510957731
30780,15.058073362582991
30781,18.679549428720968
30782,14.190807368193084
30783,13.156360200926866
30784,15.184982350691824
30785,16.614029897349184
30786,19.957363117550592
30787,14.190151107592316
30788,12.202309423869337
30789,16.257526670725486
30790,16.05521915275248
30791,13.899058656281529
30792,12.875338141675755
30793,12.88790015707331
30794,10.94640926738416
30795,9.81048482362182
30796,20.31491609674112
30797,20.60791848331482
30798,14.24349888981239
30799,16.29144452233575
30800,14.87184417281757
30801,14.506167998986507
30802,13.1345406951344
30803,19.624913329747244
30804,14.49525639244409
30805,13.882269727353185
30806,16.065630060694673
30807,9.286614186897266
30808,23.089006368014026
30809,18.380000503647533
30810,16.491031365526442
30811,15.964249874370418
30812,11.831687773651389
30813,21.576331642657298
30814,22.421257682203446
30815,17.794153171857484
30816,11.854044755841679
30817,13.845082844426228
30818,20.610181840375596
30819,12.450310721541166
30820,18.27558168288889
30821,20.187170456784585
30822,19.85994680282436
30823,10.988708348049157
30824,18.30506617391731
30825,15.347286565813453
30826,9.104054594479457
30827,15.926421324786725
30828,20.09436219773859
30829,16.78301116125494
30830,13.870981460887585
30831,16.160446228580454
30832,17.28240314402362
30833,12.908345786870896
30834,15.588684976451507
30835,15.98696625480803
30836,22.527766463836166
30837,17.31323380563248
30838,21.02909300260776
30839,15.222549251278707
30840,18.445952660138822
30841,14.033563487267166
30842,15.523669710720107
30843,17.452110735751333
30844,18.715759785174626
30845,13.618829219261034
30846,11.4457419118988
30847,20.91186436721498
30848,12.239320672752195
30849,16.50382442219585
30850,13.644866664315787
30851,17.709966668172413
30852,14.646967997388964
30853,11.34864258187159
30854,23.867727407270827
30855,11.672807270963593
30856,13.74439164455585
30857,12.545793624916223
30858,16.55317196694801
30859,24.671837844288767
30860,15.522228371958558
30861,18.576504558223785
30862,18.508734731483163
30863,12.76722095841346
30864,19.277925528772613
30865,18.065303730148024
30866,16.966161243263613
30867,12.721655137150549
30868,13.16874238113544
30869,19.77526368272767
30870,17.76798268913813
30871,14.807172230573922
30872,15.66636449699193
30873,17.51153847552284
30874,9.449360429364773
30875,10.23850332930242
30876,18.914594439675632
30877,16.654176584992513
30878,20.3243695987671
30879,11.132925239359608
30880,12.79895469765964
30881,16.83409395478681
30882,13.724555512027022
30883,10.704535035301774
30884,17.194195552998274
30885,17.49895778912936
30886,11.692498988412268
30887,15.470691368089533
30888,17.734305458936745
30889,15.176457759514152
30890,13.592504590488964
30891,15.389653348245416
30892,15.671327293033798
30893,20.74015422114975
30894,16.40629003475805
30895,13.62931347007951
30896,9.854857527199208
30897,16.313895216036762
30898,16.550712994604048
30899,14.960806877282643
30900,11.980728400749522
30901,16.29168019975733
30902,16.286412634081458
30903,20.37746407367034
30904,12.771777576907441
30905,15.491288493139997
30906,16.780335904106757
30907,19.93174864629208
30908,23.77665901205544
30909,15.240618927417826
30910,11.182501717029783
30911,20.47239279121527
30912,11.828342397575984
30913,13.747096585244861
30914,10.202054493553216
30915,13.157184923697805
30916,16.564346093997656
30917,8.544034470864888
30918,13.440497976923183
30919,17.762093480180027
30920,14.63427169028356
30921,15.65399278325855
30922,19.91934178115877
30923,14.973033135010992
30924,16.56576940109057
30925,11.820828037958286
30926,18.39521970020631
30927,12.981267902143506
30928,17.126210218171835
30929,12.957671258401872
30930,16.82875455083704
30931,17.94579504648903
30932,19.91294583211402
30933,14.6769241071261
30934,16.97705226068699
30935,12.425448892579434
30936,18.62638248267737
30937,10.517020959534124
30938,21.797064822653503
30939,10.931733199537065
30940,13.429227922100681
30941,14.34521834389261
30942,19.297651631395635
30943,14.83639683531523
30944,16.323361811266146
30945,15.682297283261121
30946,17.020530820572844
30947,19.429405567189068
30948,11.097104854518731
30949,14.370891416751617
30950,15.033778881761437
30951,16.81435852119288
30952,18.590752776196943
30953,13.587912493020012
30954,15.033822686156702
30955,18.79922779700199
30956,19.062011127651633
30957,14.252603408049362
30958,14.724982022724566
30959,17.75277427617501
30960,17.062549703606706
30961,13.945941014189325
30962,19.096372707556355
30963,15.489384480096884
30964,20.666326621506677
30965,21.67900888269061
30966,19.212391953740468
30967,17.54614712534248
30968,15.913308072059387
30969,20.579288424927793
30970,10.544082971962803
30971,15.79471531899888
30972,17.285418243724386
30973,12.776906437743504
30974,13.897254045371906
30975,15.571645213529154
30976,17.16271057434971
30977,17.60911386977964
30978,20.551781209082606
30979,10.443501947722677
30980,14.765996118419976
30981,10.875489848978006
30982,20.318640165995582
30983,15.028910303218519
30984,13.79584961704228
30985,16.099274254764154
30986,19.938701262884415
30987,18.526331879498024
30988,15.479547951972991
30989,12.633359702947375
30990,17.904950217989224
30991,16.06434841268272
30992,21.125971358978994
30993,11.674336885905593
30994,16.532713474462277
30995,12.251436957913661
30996,12.246033187547244
30997,14.072657460162063
30998,16.974336733376205
30999,14.650265500769981
31000,11.4896555935076
31001,16.589110717381693
31002,16.266148223071397
31003,19.367884682019714
31004,15.478654949900177
31005,13.896601002898691
31006,17.641206376601158
31007,12.495799001024524
31008,15.630440106895554
31009,13.021717502883812
31010,16.14894215977162
31011,9.721959684937886
31012,20.414879374644975
31013,11.055313503809792
31014,14.838926182825674
31015,14.888584469512232
31016,21.6085133508288
31017,14.807455844498344
31018,15.597158363063011
31019,18.459753540590725
31020,10.323204613059335
31021,14.374424545129413
31022,15.540259281828291
31023,20.815232545377818
31024,18.4594777613548
31025,17.22772902656913
31026,15.510539255756244
31027,21.0974689654768
31028,13.77666126374231
31029,9.258384775326622
31030,17.779866862946047
31031,16.364381615866826
31032,13.18881692905401
31033,16.930985361517905
31034,22.020644713746627
31035,15.124756643948187
31036,8.199132486759702
31037,19.82914256459243
31038,21.761208711897638
31039,12.180443967762471
31040,15.764910954427949
31041,19.010369850179273
31042,13.026255756279985
31043,16.924725578516842
31044,8.467200704838344
31045,15.205040291210539
31046,12.630860067856009
31047,9.450632679801588
31048,20.61831841268591
31049,12.343525247763584
31050,19.056247812562034
31051,11.872806850942489
31052,15.244282802931282
31053,10.905013071319653
31054,12.71720512453512
31055,20.98968260125126
31056,11.632949397616766
31057,16.645890660688636
31058,14.517912881830332
31059,12.575093931930653
31060,19.188608497756228
31061,13.427030201028641
31062,21.08886348173784
31063,13.803161958447054
31064,12.797622072815734
31065,23.51678343874542
31066,24.490354362039497
31067,17.184398317710947
31068,15.689914879888258
31069,14.302386921597934
31070,12.333615250055185
31071,20.598620343802875
31072,16.42062087057721
31073,20.651060984885014
31074,13.17016006661634
31075,19.257929329256285
31076,11.750976918227192
31077,10.06522998400581
31078,18.497653088943387
31079,14.041915734566135
31080,14.95856968405511
31081,15.258745553361218
31082,16.430975899541373
31083,14.790079924517878
31084,15.00354186093955
31085,18.909648585515047
31086,17.213856808584644
31087,13.971258450929176
31088,12.721004091338067
31089,10.21366421050491
31090,15.859233263872248
31091,17.634450417460783
31092,15.240180670768964
31093,11.731228878380243
31094,16.539194956687886
31095,13.527095616857688
31096,8.772443164319167
31097,11.486859777157816
31098,11.458230331602486
31099,15.711518270939942
31100,19.65359936164624
31101,19.942510829167198
31102,20.02733473476625
31103,22.51420552471147
31104,15.544950057942163
31105,19.447631297664394
31106,12.169604697941976
31107,12.933771042118652
31108,19.034562070473648
31109,14.43625746335001
31110,13.628991804422139
31111,19.26820367041281
31112,14.774070737236487
31113,14.869538244295187
31114,13.698764650545867
31115,11.864051711923384
31116,8.915161409374031
31117,14.07014559280051
31118,18.780349245893063
31119,13.085357354035184
31120,17.612301062966544
31121,12.180947047064391
31122,20.17712188966398
31123,13.939464412226938
31124,11.180680876489669
31125,16.7367346014549
31126,12.252082091744509
31127,12.381695162878495
31128,15.614526566151307
31129,9.37835007915955
31130,10.057261535606152
31131,13.546020712090709
31132,14.967419071896396
31133,21.99229903758421
31134,13.831036393567178
31135,11.678410223999666
31136,11.78810945505254
31137,16.02554952633757
31138,14.02368525648333
31139,10.871860963964982
31140,14.456257709861964
31141,14.415635808437996
31142,19.538041793514324
31143,12.569639747559528
31144,20.58758530124527
31145,21.285370372261347
31146,15.983274696516828
31147,18.00447185197507
31148,14.549482413404153
31149,8.720010378277703
31150,13.042664990292359
31151,21.356226485893174
31152,17.117996809232224
31153,18.401853335410422
31154,9.780450929991803
31155,9.010569188307363
31156,14.945236081082932
31157,18.665567771105433
31158,12.907303361719704
31159,10.825286897685157
31160,19.16029306594262
31161,17.335951807258596
31162,18.17963224938784
31163,10.026381439883387
31164,16.373777857051536
31165,16.541924442575095
31166,13.643542976056887
31167,11.152024041170337
31168,16.930736748869972
31169,10.396222149388171
31170,14.224382538488102
31171,16.84098009257564
31172,22.01666017945771
31173,16.068531959481184
31174,14.496044512117416
31175,15.569255594712812
31176,15.840414871264704
31177,18.889057912109877
31178,21.709592248343235
31179,15.14978189994935
31180,14.76046645173114
31181,13.250231055443052
31182,17.998437707971235
31183,16.087286506199916
31184,15.536595003695295
31185,10.514533550790993
31186,13.269466002535292
31187,10.253553851535923
31188,14.412899258176552
31189,15.845110102755251
31190,7.573859745423318
31191,15.513360510200231
31192,18.218803491732174
31193,20.268253079684612
31194,16.91755452987642
31195,14.923335901489368
31196,14.832663399317974
31197,22.229603585194816
31198,12.653287009044902
31199,21.276518745454013
31200,16.326588965724874
31201,15.355804653672498
31202,18.466831065558203
31203,12.927488410239686
31204,22.02275682233325
31205,16.362847504713038
31206,20.29038776154325
31207,13.013086575717937
31208,13.441885251685628
31209,13.98021200028203
31210,17.082830365692686
31211,20.17315008463769
31212,16.883630434845564
31213,19.990190743941923
31214,16.717298117578913
31215,14.259343114376492
31216,18.286424189243714
31217,17.52386918379726
31218,18.271774852155303
31219,12.141592572780173
31220,20.692140091370632
31221,11.103814352447246
31222,17.824231703845683
31223,14.847104184227693
31224,15.18960509096499
31225,21.83636743613391
31226,14.85641479764376
31227,14.689614425122711
31228,16.31732100556283
31229,18.32045823235957
31230,19.564599244172747
31231,15.88670549805517
31232,8.059598548465743
31233,22.7793361636569
31234,15.812044957817294
31235,15.434209995628729
31236,21.877844452854657
31237,15.332335463578792
31238,10.726608521505794
31239,19.468465936174
31240,17.084427291143353
31241,15.376007002725647
31242,11.039781420977032
31243,12.983718920337425
31244,11.983618215609091
31245,14.311885740634644
31246,14.570747527453308
31247,16.975889909362223
31248,11.953570743829285
31249,10.991218705186917
31250,14.041927029692246
31251,20.637586911661394
31252,18.025094640420996
31253,12.577560821837707
31254,15.582940854733932
31255,12.141870674661522
31256,10.764812987566646
31257,18.12749263182118
31258,13.3160103256891
31259,16.91378888234837
31260,13.065914429500008
31261,12.720878928094123
31262,13.607682964394884
31263,15.881199260302052
31264,15.734161955142667
31265,15.498535931514589
31266,21.552358582015636
31267,15.644053133840286
31268,9.20424826913288
31269,15.152876815221491
31270,12.412206154998833
31271,13.32587346035979
31272,11.602523830411357
31273,14.917800190024316
31274,12.382352767465992
31275,18.325217994335922
31276,14.567996729255917
31277,15.216621659731477
31278,14.835883173145733
31279,21.86722802744829
31280,15.435652675251456
31281,13.530089493646823
31282,15.629111120031048
31283,13.800222057243586
31284,17.02921463552154
31285,14.251086873280554
31286,10.905632240388886
31287,11.747349946042512
31288,11.484143193320199
31289,10.030282665893449
31290,11.455186839769866
31291,12.881197734966022
31292,19.98841229499176
31293,18.574525530781393
31294,14.89764803644174
31295,18.37034691180454
31296,17.5432649697394
31297,14.949591022951697
31298,14.000005065821153
31299,10.928054820119526
31300,18.19662431204729
31301,18.752855894057205
31302,16.51212104860764
31303,11.75431847381645
31304,16.480875465573575
31305,14.972980052743768
31306,8.721391205893381
31307,15.933221475463741
31308,14.697267059463682
31309,11.90000739100656
31310,13.093134020050954
31311,11.206111684525517
31312,19.318366293728758
31313,17.18986228306555
31314,17.98061747431297
31315,13.388372832534262
31316,18.544045060899634
31317,9.111019495392743
31318,18.774850031671363
31319,17.47073097807755
31320,14.945999734653022
31321,11.41031340039456
31322,11.964912479289923
31323,19.01001669709622
31324,14.952285589188886
31325,17.56424357781718
31326,15.020434459398505
31327,14.604340646313329
31328,16.47993289974508
31329,14.129873141002033
31330,19.62011702703391
31331,18.623038986859385
31332,19.458833320911197
31333,22.62802284529105
31334,12.254500070063125
31335,15.65927136578503
31336,10.757933764227053
31337,18.985972097347066
31338,18.38104662055745
31339,20.47562464975391
31340,14.986305960069371
31341,23.151586020307334
31342,15.593540367366117
31343,11.92152820236662
31344,10.332895842915526
31345,12.160422937040147
31346,19.16863447487612
31347,10.444531833381468
31348,19.75509072817709
31349,15.266623434249066
31350,12.50764525126977
31351,17.946535851102386
31352,17.443358075135436
31353,12.893824735814603
31354,17.07565398586184
31355,16.00686850984473
31356,15.212449741775915
31357,10.417543422273464
31358,17.925284897202133
31359,11.232343841964553
31360,11.48945173009124
31361,18.60962972321758
31362,14.511738467856787
31363,21.43843599964932
31364,21.84613024545847
31365,18.285961537642322
31366,12.20887335518271
31367,15.222440328773137
31368,16.23714717439958
31369,9.59866270676035
31370,17.699582475981494
31371,17.2426285224105
31372,17.154270562733387
31373,19.416288610507713
31374,19.040531382405714
31375,18.58381756241635
31376,15.466023114346024
31377,15.83808642169132
31378,16.276439484903364
31379,12.869637601794738
31380,15.224407321920294
31381,13.638050759196908
31382,16.979209631280895
31383,11.217705530370974
31384,15.358971574395955
31385,19.72755524859155
31386,18.138401921881915
31387,24.02135279678523
31388,13.912191666980227
31389,16.908599018364157
31390,20.825475392926727
31391,12.642513005675749
31392,12.439697244998024
31393,11.850625833654368
31394,12.03183299940224
31395,19.96755543452619
31396,13.753084179824821
31397,17.372490669201873
31398,15.157541876055861
31399,15.246195002780592
31400,22.151967084996862
31401,18.19901342011257
31402,14.116985740349056
31403,11.147329125664648
31404,10.702360927385987
31405,13.41655750143675
31406,12.495723956354393
31407,15.18829446282628
31408,13.37456761813506
31409,15.246924370321416
31410,11.169736757752236
31411,14.379442346927133
31412,15.431360952222319
31413,11.253929936124866
31414,14.222506073688455
31415,12.215651929393742
31416,12.215331368166733
31417,14.58287615400461
31418,15.304240270325309
31419,17.13598759404276
31420,15.689102611302127
31421,19.766620420892806
31422,16.02672087144949
31423,17.650947616287603
31424,11.387035266723682
31425,12.36613158156845
31426,13.217610324154421
31427,15.270234635199019
31428,12.9043274323428
31429,19.116869812923316
31430,16.10400820068787
31431,15.875853505723716
31432,12.910856245443867
31433,12.00730928273096
31434,15.426851462159583
31435,18.289538271291285
31436,13.18761495738714
31437,13.768710062591273
31438,14.90926422462554
31439,17.032213009586535
31440,11.919833531227138
31441,15.251727242018825
31442,17.711703134407173
31443,15.101136910793457
31444,16.789169803202096
31445,24.372196951758127
31446,15.408217851309319
31447,9.583002811627821
31448,16.019816428340697
31449,16.67748223869698
31450,20.117183324902733
31451,15.26995166073285
31452,13.630663257912232
31453,18.47372713278535
31454,17.644830350988215
31455,11.624353604804075
31456,16.297020451760403
31457,15.938581759063515
31458,14.72596628599708
31459,14.502486443727374
31460,14.374015987884308
31461,13.488538177511195
31462,14.132246009546044
31463,16.937175482972197
31464,17.66075976224639
31465,17.192706640169156
31466,11.643503509135977
31467,14.567901079534465
31468,24.10117394465771
31469,16.547259281847325
31470,19.030074456488833
31471,19.99101831973403
31472,13.813924929261564
31473,16.83482894425878
31474,11.637121023721543
31475,18.71373187927189
31476,16.708729659055365
31477,16.646263933910454
31478,14.837117651368876
31479,8.721624460656264
31480,13.34779841581622
31481,8.542768170753352
31482,13.905183231264223
31483,15.034711307080578
31484,16.29215267830957
31485,20.999744762801996
31486,13.413883974960715
31487,16.639068105345228
31488,15.393028211105898
31489,17.244149036868016
31490,19.78796762497535
31491,11.817340574572107
31492,14.625576084272987
31493,13.296116639604726
31494,12.929925104576133
31495,17.193032291889594
31496,15.60545459134739
31497,15.00560069576456
31498,17.54982093544566
31499,17.745415848437133
31500,12.22056936038296
31501,17.13287098577122
31502,14.67207664164551
31503,13.245042033997109
31504,18.848693510869353
31505,13.549386488776172
31506,14.327570564386411
31507,14.890596255399013
31508,11.25682407415401
31509,12.509572272499911
31510,16.945267605332795
31511,16.68312025190845
31512,18.085490268570908
31513,13.02665441717581
31514,18.559817774184506
31515,13.25969173870285
31516,23.5448995724593
31517,16.768660526136493
31518,12.97041801071909
31519,14.746657046541738
31520,16.497148916748642
31521,14.932424414743732
31522,16.28886970937589
31523,14.585519424416686
31524,12.512196239262899
31525,24.9955867350575
31526,10.96669974680027
31527,15.882034641820473
31528,23.233888460328657
31529,17.397546542094098
31530,16.667944864032812
31531,16.22101794558224
31532,14.707238112312334
31533,14.115984448436782
31534,14.352726366188877
31535,15.229630283419814
31536,10.79001190982654
31537,10.804352293565842
31538,11.525421036475521
31539,14.775768169969023
31540,9.994473899284905
31541,15.073946339598171
31542,21.06149080636453
31543,15.23652187215819
31544,12.939384768739576
31545,18.828141529042554
31546,15.570530431896417
31547,12.876917586999237
31548,17.75080486674772
31549,19.40303053109345
31550,12.748466783073903
31551,11.116862259328265
31552,13.943590931468698
31553,14.792068415601252
31554,15.058325689559098
31555,18.06749204784283
31556,12.285563607297174
31557,23.066250199366287
31558,16.655800722955366
31559,22.91272935094438
31560,21.6635004925513
31561,14.329963905507077
31562,13.907410164316214
31563,14.316777349864452
31564,15.15974919141423
31565,19.344022825649645
31566,17.647068236294295
31567,12.023843834555066
31568,22.08740836245599
31569,14.996857598990362
31570,13.29081416728808
31571,17.134826078631917
31572,23.454896271336274
31573,18.652473118239634
31574,16.231200360064086
31575,12.233972105801897
31576,9.22440458114535
31577,16.87573292466406
31578,10.326294729974295
31579,12.404370250834269
31580,13.076277408556189
31581,16.72941739797523
31582,13.11063758909141
31583,16.729222631485378
31584,16.322595546772064
31585,11.442339703375326
31586,18.395477316605373
31587,14.48073802415321
31588,15.64804725910023
31589,18.245242601610904
31590,14.498948318352555
31591,19.324593049939885
31592,21.673429486183146
31593,11.8422091452437
31594,16.4925267233131
31595,10.938411333627911
31596,15.880526846933952
31597,18.21400509419836
31598,19.872887154258144
31599,13.565593366452424
31600,15.75256795061268
31601,24.856438450804774
31602,20.229293165273518
31603,19.834274416075225
31604,18.37311662549225
31605,15.055162777745908
31606,8.872202541342588
31607,10.88677972786903
31608,16.921746929931412
31609,18.32793858616249
31610,12.639581328929602
31611,13.163650863067248
31612,17.68004618826999
31613,15.171070050882335
31614,13.966811601552205
31615,14.771994521810022
31616,10.938229301831868
31617,11.653251726078322
31618,14.228976294554721
31619,12.756028690623733
31620,19.942536639779377
31621,11.791305721205948
31622,20.75053449880354
31623,9.894587866558709
31624,17.54270788217469
31625,24.71158020114874
31626,13.076018090314927
31627,19.35094883195137
31628,14.06511204484906
31629,9.18161731492221
31630,13.736893543891739
31631,14.010810884591823
31632,11.864606048246495
31633,16.43144146079848
31634,22.708598018342315
31635,11.48339879361789
31636,16.404048324307176
31637,9.674156820571216
31638,14.623476047403985
31639,17.23869791531442
31640,14.966433510575227
31641,18.6372567085508
31642,14.041317717475257
31643,13.566686118951612
31644,13.976117630532801
31645,11.555101262895828
31646,11.747228332698255
31647,16.872222060810515
31648,12.12916093470712
31649,15.221611927830518
31650,15.101262541764976
31651,15.23350744773425
31652,21.80570825796851
31653,14.630718903631532
31654,12.517653486142247
31655,16.31622385458735
31656,13.070929219309845
31657,10.023932582128026
31658,23.985903059759742
31659,14.967760777078674
31660,11.076979634698851
31661,16.0951475187902
31662,17.77850964497769
31663,16.33342072654956
31664,15.825054553035665
31665,16.510025668852848
31666,15.479723350053694
31667,15.861928576363601
31668,15.444444042607154
31669,15.184378185204336
31670,16.462889707425823
31671,20.340648221227724
31672,13.108579984322766
31673,15.352820478408946
31674,15.561806351595239
31675,19.09344119743312
31676,14.299260830460904
31677,18.99912839466262
31678,13.07595615914179
31679,16.20847682465653
31680,10.999139604163496
31681,15.04266902040118
31682,11.956786026482831
31683,14.16524729486918
31684,15.528860625123905
31685,15.061760278186403
31686,22.375749043230286
31687,13.969180337695569
31688,16.388727686381884
31689,14.73129981921454
31690,15.283969923336757
31691,10.550531321924465
31692,11.840330776852614
31693,15.758115953056622
31694,14.19078091973938
31695,17.684510312717705
31696,16.672909219852386
31697,19.30463543374489
31698,17.053898783754434
31699,18.2035776084709
31700,12.57608867840025
31701,20.422249433299022
31702,19.07465869165106
31703,13.732438981086233
31704,13.806814444942512
31705,19.602001034829875
31706,18.94156281856671
31707,18.29773193923181
31708,13.900279854323724
31709,12.434902094795586
31710,10.844968608957767
31711,18.336328524030066
31712,11.353525842338634
31713,15.39240204280797
31714,14.579702385061607
31715,16.604857838507947
31716,11.086913796811372
31717,12.720237495704694
31718,14.195198834694322
31719,15.407536966532556
31720,17.98143332125226
31721,15.825068377562948
31722,14.968586503094754
31723,20.22454933181909
31724,17.13700646453325
31725,19.44393868695432
31726,18.19096853470995
31727,22.740349230274788
31728,13.214895835981963
31729,18.37938751357358
31730,11.442038186011079
31731,14.962377223942184
31732,19.403423950805916
31733,12.495040616408879
31734,22.095116055575268
31735,11.981172137677856
31736,20.69882761157622
31737,12.139563138808652
31738,16.244549916655487
31739,18.91369155178124
31740,22.271978952573235
31741,19.694966849433527
31742,23.500677184299832
31743,13.764926930381428
31744,18.37919774327137
31745,13.347100901992288
31746,18.817665253767704
31747,18.56362249633838
31748,20.4631381429665
31749,17.624491650428567
31750,16.56278440518701
31751,20.195819017345087
31752,8.973453246748727
31753,16.502336281929445
31754,14.527001464817499
31755,19.42201602049398
31756,20.313680260133182
31757,23.679685145883035
31758,19.54616802175019
31759,14.156156979462953
31760,11.900210640447868
31761,17.980394515692865
31762,11.490909807613573
31763,13.857993376071088
31764,14.922954583653611
31765,10.957786851825704
31766,17.35596270124349
31767,16.844745672968166
31768,19.959032806195285
31769,10.075120891092647
31770,17.356244311894702
31771,12.530113880595598
31772,12.263813410639976
31773,20.85957338188149
31774,12.473019259434558
31775,12.642937662076958
31776,17.248393753597515
31777,15.580177468161358
31778,14.795784143701853
31779,14.456964526309998
31780,14.340166922277248
31781,15.160871254513943
31782,16.48306525532918
31783,15.976769576823207
31784,9.368540229894753
31785,21.0815694440561
31786,17.339294971926492
31787,13.615800919372372
31788,13.764416942476066
31789,12.819806302805025
31790,16.92706279884041
31791,13.485675005734212
31792,13.265483576400307
31793,10.80864093723818
31794,17.987198652174335
31795,15.859380739194636
31796,16.352024825905687
31797,19.169205251443692
31798,20.289265995949776
31799,13.964211982206008
31800,16.781366709550284
31801,11.276619992079501
31802,17.611214173854577
31803,16.478045444884202
31804,11.943582100549984
31805,12.037326380114962
31806,19.556966316667154
31807,14.742183886638871
31808,16.122411578163778
31809,21.51307554556022
31810,22.54724248741381
31811,14.737985029994134
31812,16.238155396609613
31813,17.787994247221917
31814,13.873816492040955
31815,22.182757766063645
31816,21.81208567914497
31817,14.935481878077251
31818,14.519705599667663
31819,10.193708509517975
31820,14.93288821850315
31821,15.142127808838037
31822,13.235717054766427
31823,13.66562727605836
31824,12.749459449303066
31825,15.554932695098124
31826,17.577903210973197
31827,17.238963211620014
31828,10.336700177032498
31829,18.54206288024274
31830,9.777558730225458
31831,23.844586367484148
31832,11.47748649963313
31833,16.184801652539
31834,10.122451256427187
31835,13.023004692090128
31836,21.954853981705106
31837,18.118201461546413
31838,14.570504423581102
31839,16.5466677226742
31840,19.898415953745268
31841,9.876918265488957
31842,16.59412542220803
31843,21.423003548861907
31844,25.188253882562158
31845,16.04653363867798
31846,12.363436890633288
31847,14.183981880101745
31848,16.874359917160604
31849,14.026684579540044
31850,17.010096208343704
31851,20.083828870359756
31852,13.854735214299431
31853,14.504810319004653
31854,16.365378641770864
31855,16.161790914420394
31856,17.151498980136836
31857,13.901027733986872
31858,12.790146595276246
31859,13.786432148540626
31860,18.038657995712384
31861,15.894481649633518
31862,14.554204155308069
31863,9.348169552483895
31864,23.70027539603811
31865,14.32402237557488
31866,15.293386972220048
31867,8.669464356381676
31868,12.602007189140853
31869,15.657040301199876
31870,18.66427620528276
31871,18.520680030689675
31872,16.07537097964548
31873,20.10665845571844
31874,15.582740851006111
31875,13.553481489976113
31876,17.44560773854318
31877,17.374171279912986
31878,15.486169438577436
31879,12.725061644880277
31880,12.628713439586308
31881,14.731869318295002
31882,15.037922097847039
31883,16.58338011691658
31884,13.063112473050369
31885,19.324242596985908
31886,11.99017858278605
31887,15.54867112859561
31888,9.97346061665999
31889,14.691759050751168
31890,12.787093436696514
31891,15.233266739808355
31892,9.640202682102885
31893,9.817982165295419
31894,7.8852818095102775
31895,19.88537362290818
31896,18.859555342897394
31897,16.846765202465164
31898,17.390202673155528
31899,22.019724052113098
31900,10.517456567296549
31901,13.157369543441598
31902,14.549272110450266
31903,15.306098285314073
31904,10.434049094736832
31905,11.685705939813861
31906,21.504847244958427
31907,7.43296209853856
31908,15.371757396135495
31909,16.58831202245087
31910,16.10877472598123
31911,10.793229295276044
31912,15.52375340192224
31913,19.867443338588682
31914,20.769473583839904
31915,18.58920907746794
31916,18.653085922024776
31917,12.736290875114978
31918,11.21878730075575
31919,16.21436350737254
31920,22.178522366024723
31921,22.51807991644573
31922,13.289455083775882
31923,12.191343499094161
31924,15.037558232609408
31925,17.71087957271994
31926,12.57776932730645
31927,18.66495627422033
31928,16.522180863596944
31929,10.458920264274782
31930,13.241264655197494
31931,14.478283899865328
31932,16.928522946719433
31933,14.699503974374068
31934,16.418173478602718
31935,17.544569148317898
31936,14.760513440042187
31937,14.545542694818558
31938,15.038223761172482
31939,11.878715991346406
31940,22.337362216551007
31941,17.138784100466793
31942,17.05719438796649
31943,12.004617228097601
31944,16.71377754793044
31945,10.36053210182601
31946,11.638323885736556
31947,13.566805118486581
31948,16.453991601235366
31949,13.210966139721311
31950,19.485946105074163
31951,14.16873739092504
31952,13.290331654844035
31953,19.458127812855658
31954,13.338265028856203
31955,12.931727587161749
31956,14.0450587693789
31957,14.348735744239166
31958,14.013916972194199
31959,23.64505761304575
31960,18.51108966408544
31961,16.698632383493937
31962,18.451015019745256
31963,17.461798377953713
31964,10.221621500632429
31965,12.401599860480015
31966,18.18599736047291
31967,17.999823259462055
31968,12.439035929029
31969,15.023558208296299
31970,12.769421201414795
31971,10.394575909039034
31972,13.33279195302939
31973,15.991187735744075
31974,12.101181399604242
31975,15.765446142729624
31976,17.157705919397653
31977,14.914897739228797
31978,7.955712244900986
31979,18.972769464313913
31980,11.260140724011446
31981,15.960809169641156
31982,19.56690027508686
31983,17.009086218461093
31984,14.609546592142337
31985,13.615095851054974
31986,15.938205982804952
31987,16.15024756699394
31988,15.529279843933855
31989,15.371005542684317
31990,13.998950069758346
31991,9.927301020022263
31992,11.887926309378525
31993,11.969844924304486
31994,10.543352460319628
31995,15.32816742725949
31996,22.542509753672277
31997,12.920946465735504
31998,11.488097926237772
31999,19.816529888156097
32000,17.66754151714904
32001,8.327729242555545
32002,12.950524442340107
32003,18.79292706303005
32004,11.341010817377423
32005,22.722874444911895
32006,12.871850492251948
32007,24.406089163331472
32008,14.235883256436098
32009,14.440540480786881
32010,18.76893709877521
32011,17.591637672433045
32012,19.397653319409436
32013,18.09589988166738
32014,20.49296952948893
32015,16.814943847368454
32016,17.17752870164668
32017,16.385922580030915
32018,10.946573900210158
32019,12.743757398218433
32020,15.00266869312799
32021,12.02914291282557
32022,17.30738409309985
32023,14.212488556231634
32024,16.29194437696796
32025,19.723723746984547
32026,13.947315942177946
32027,21.655296457230918
32028,12.606853596569271
32029,9.280038853766369
32030,10.591632227756604
32031,12.000289011371894
32032,11.580767473724325
32033,15.462317449898629
32034,13.987089461801055
32035,12.630632070651856
32036,17.301670338658823
32037,10.573744565838192
32038,14.89097312466943
32039,11.17198264416908
32040,10.909114103641283
32041,14.348938940348678
32042,17.208559412472006
32043,13.111595945624265
32044,12.790672567421
32045,14.365158442216996
32046,19.263331189597693
32047,16.085765762850222
32048,18.5557361974328
32049,14.793668356320524
32050,15.705554913515765
32051,16.673836424033937
32052,21.510943131823765
32053,13.14852106297593
32054,14.576602345674731
32055,12.648722094581323
32056,13.089086549347371
32057,14.062380050431068
32058,13.172418921191232
32059,11.550627207493473
32060,16.486340263848437
32061,16.115897418142822
32062,11.719832326532266
32063,15.290835183572396
32064,12.493841209762008
32065,16.961406454910765
32066,13.554570742298715
32067,15.337982478986552
32068,11.752782891612064
32069,21.04926395515345
32070,15.551180045801235
32071,14.137701494171194
32072,15.253137816938805
32073,14.60677569497793
32074,10.423988210966735
32075,13.002307859323652
32076,16.354734552073367
32077,14.342511281090092
32078,12.006108889004647
32079,16.750444566848316
32080,15.565325019062035
32081,15.95547144446912
32082,10.568719774593319
32083,18.61284685069539
32084,15.952227564796635
32085,14.174291178306936
32086,22.050069880960123
32087,19.784010970786106
32088,17.5773193320361
32089,11.652592232260364
32090,18.782875973147824
32091,20.886622429676386
32092,16.47005027255391
32093,19.60894977448113
32094,18.36437988600283
32095,10.631160058362955
32096,20.108491911150423
32097,15.841599797898201
32098,16.665679410942523
32099,15.647529814960492
32100,14.800092720550287
32101,22.593179363316132
32102,11.013728948299727
32103,15.78290046708686
32104,18.265116244927178
32105,16.554553263703436
32106,24.206593923632298
32107,16.491143304276406
32108,15.351594121277198
32109,16.668918195892715
32110,12.07252778864393
32111,10.568889417033597
32112,11.68676982673885
32113,14.754268153975275
32114,13.575762024815143
32115,10.719213657580692
32116,20.21944108909657
32117,17.028459571257017
32118,10.137591673934116
32119,16.592578956419622
32120,19.411957469355897
32121,18.528134021349473
32122,19.753575653958876
32123,11.22699387760338
32124,21.05731279764825
32125,16.47045865398789
32126,15.139796300655812
32127,17.481310125940794
32128,15.856803686449885
32129,16.582721495375775
32130,13.439751131752253
32131,13.932548468529705
32132,16.13876589277609
32133,14.716006575861739
32134,16.427265844250904
32135,8.892321624897143
32136,13.153974053933641
32137,22.59911731542796
32138,17.20758152286537
32139,12.460221825094202
32140,15.202774003127107
32141,20.432931750398247
32142,16.761912557376426
32143,14.048803010711095
32144,18.990654807021052
32145,15.706867308121904
32146,9.696214018712588
32147,21.95768710183939
32148,14.607879869923398
32149,14.422362285006317
32150,22.436153231766134
32151,20.619229961260352
32152,24.006822426972747
32153,14.423143213633782
32154,16.190388232761364
32155,11.870031636239995
32156,15.606948304218825
32157,12.702154796317169
32158,15.910257968762577
32159,22.28689353704643
32160,15.590292254775003
32161,15.188416822687387
32162,14.577571193636553
32163,17.769206170825946
32164,15.626611822452256
32165,9.166833206818168
32166,11.747048225221395
32167,18.631420139046185
32168,11.306736366276827
32169,20.50166625483584
32170,11.388050866109726
32171,13.13379950041731
32172,12.332583984692784
32173,18.091146431005484
32174,19.49038168370918
32175,21.707624757879138
32176,20.151183622760186
32177,19.860517177843626
32178,13.145948031356014
32179,17.66764942830803
32180,15.189312491127756
32181,14.21856421676061
32182,11.815340316871435
32183,13.520033351904384
32184,20.34175308977256
32185,20.20394156995462
32186,12.512943146682803
32187,17.987119233404723
32188,17.70199477975166
32189,22.505218749339036
32190,14.772081149321847
32191,13.386583721692176
32192,13.23098968115933
32193,12.93978289212372
32194,15.479091677711208
32195,16.235498528962935
32196,13.694529702243218
32197,13.91157238897275
32198,20.574787485403718
32199,13.487153805855666
32200,15.819977075540333
32201,15.802678769955767
32202,15.149041695332636
32203,17.17074923007818
32204,19.244844934798635
32205,12.619478537771311
32206,16.26838675195235
32207,16.719824548930877
32208,17.657070512542234
32209,15.359238308589793
32210,9.993552514415612
32211,13.508411609501394
32212,18.56331926897692
32213,16.49516467095087
32214,17.19903499840972
32215,20.640876618417458
32216,13.172021905455862
32217,16.209374881287587
32218,9.70689473861157
32219,14.145301333261704
32220,19.717025133614108
32221,12.614202865988213
32222,12.50061046716499
32223,14.139277226769357
32224,21.597426651147636
32225,15.458954187228107
32226,17.507085735454126
32227,16.48801056137668
32228,12.999655661651323
32229,19.697900566785158
32230,12.802607142280177
32231,11.482416509460467
32232,14.326335769576634
32233,12.991868355842591
32234,15.20784384325948
32235,16.109018380143716
32236,10.746046185940374
32237,14.354754287702592
32238,13.421250421298932
32239,15.854745788810208
32240,15.171910655885217
32241,17.012940342072497
32242,15.128176821810067
32243,18.602443797441737
32244,18.10012198236462
32245,11.76839212876503
32246,15.286283859122987
32247,17.54619311623086
32248,16.289631105594864
32249,20.851751303564505
32250,20.62104875058451
32251,9.242443256812745
32252,24.81033781503809
32253,9.107919189978873
32254,12.25276437782616
32255,19.11947020630874
32256,18.142809571908316
32257,22.59638415207923
32258,17.109013630674077
32259,20.131739196717874
32260,17.66235531018144
32261,18.27362765512226
32262,12.120895387477336
32263,20.70167888907538
32264,17.99727442601828
32265,15.733379574660344
32266,12.395826568644797
32267,11.279324581505577
32268,15.749630813670235
32269,17.44671765641015
32270,17.923687537151487
32271,14.722404831295465
32272,13.849805539099048
32273,13.599654510374414
32274,16.81754257047968
32275,11.782895502528815
32276,11.304898872992792
32277,19.919912559762754
32278,14.2719723990554
32279,10.528358746123619
32280,10.32360325078307
32281,10.708015992168715
32282,17.39869871714965
32283,12.03848888693846
32284,15.263899941361078
32285,16.52426441269261
32286,11.084930261149488
32287,14.82691250422396
32288,13.07353148584217
32289,20.863188431545282
32290,16.16097464648607
32291,11.490445109132283
32292,10.713909838819303
32293,9.858933078107622
32294,14.703762014014979
32295,16.815688066689553
32296,17.677699825767775
32297,10.50028174765028
32298,18.913138021964308
32299,18.260964238834
32300,18.396932299160376
32301,10.191471878023416
32302,13.53577536877756
32303,18.565992978046793
32304,14.394366651328976
32305,15.328500531661078
32306,10.917415687071546
32307,16.92198442972107
32308,16.441013043691548
32309,13.71362482208468
32310,13.33913104372796
32311,14.07471433265246
32312,21.290679322559523
32313,9.991835692107923
32314,16.191403647662924
32315,20.473092255607533
32316,17.52797599127883
32317,16.10459290231401
32318,15.763322783862604
32319,20.323002347444806
32320,10.767493652970987
32321,14.783538951409879
32322,14.445639163691427
32323,15.485611706116
32324,15.083012659521637
32325,17.867618979852026
32326,16.492339509586216
32327,21.84462946786025
32328,18.004816971363972
32329,17.391630786386663
32330,15.469165720696113
32331,19.455484038365853
32332,12.931165092531616
32333,15.119016861873297
32334,14.538812880921649
32335,10.007349104778019
32336,17.687170893723916
32337,18.853739250981512
32338,19.312967336364892
32339,14.024362522171987
32340,15.378019224170647
32341,23.012437798949307
32342,21.72454491184183
32343,17.96878784586835
32344,22.664913845856155
32345,17.637743015790562
32346,17.42599532270627
32347,18.281575590829583
32348,13.525627151947765
32349,17.441399122467402
32350,11.2832590084192
32351,11.955771746710692
32352,15.939582829842118
32353,13.314040174193089
32354,14.052243194667605
32355,13.836032233371503
32356,14.665373083640702
32357,14.212361217029438
32358,12.898899264123092
32359,14.311599517628332
32360,18.73548160199921
32361,19.015069075339866
32362,17.539202652094012
32363,17.284338364603375
32364,13.544884223636284
32365,23.212110066328712
32366,13.01902665142627
32367,19.424113969192987
32368,18.007009076281044
32369,15.114805400359968
32370,11.952099537867587
32371,17.36509278133191
32372,12.88018389038152
32373,9.970607950826984
32374,11.057181418233968
32375,12.202885668435616
32376,12.134620477490424
32377,17.897562383184336
32378,12.640673555047684
32379,20.372929403017523
32380,14.68565218867486
32381,17.691787532116457
32382,16.74649642526726
32383,16.215182244721788
32384,15.659706594126758
32385,17.21369926701019
32386,16.6648733569479
32387,12.044341241426089
32388,13.941075434502356
32389,18.22482992269577
32390,15.759921440929867
32391,8.44521085478391
32392,14.99451216872883
32393,12.539473879663113
32394,16.852883276835087
32395,24.240128599450465
32396,14.509071374509872
32397,17.629424030399733
32398,15.662815147668598
32399,18.365993271121027
32400,9.945900950763708
32401,16.58077560429704
32402,15.334874374388074
32403,8.232781951294324
32404,10.948223025252553
32405,15.351327903025913
32406,22.39529895296326
32407,15.77094180343514
32408,17.227889082292315
32409,15.80626255833351
32410,17.53859396285206
32411,17.672005259295645
32412,18.49785558657184
32413,21.680723136413242
32414,13.468669283506442
32415,15.521263980969314
32416,16.144786174923972
32417,19.26177543382971
32418,16.199274054886402
32419,20.69405445167216
32420,23.150521736049
32421,10.858454290623701
32422,10.806187408414921
32423,13.886538153404537
32424,15.318570260431596
32425,12.98947413963863
32426,13.735082824400449
32427,16.566064860382944
32428,16.063162501093032
32429,17.57775397497639
32430,15.860685420852844
32431,16.13700790857321
32432,16.935638157927308
32433,16.792951636576227
32434,16.333002198345348
32435,23.681603607972605
32436,12.15882704708517
32437,15.010411218037873
32438,16.5721471904984
32439,16.34760446016154
32440,20.796255169553493
32441,20.821169322552773
32442,13.117494147266168
32443,17.515294354818067
32444,17.596106201455093
32445,12.669539655391338
32446,15.306348757869225
32447,14.321949562210847
32448,20.941802370415225
32449,17.946940924670827
32450,11.837112446897923
32451,13.131960227867072
32452,8.367118561717788
32453,19.428031421398245
32454,19.390938042428942
32455,15.178928667412137
32456,12.06993369040151
32457,20.88785856895486
32458,20.84033978943542
32459,12.287170937942054
32460,10.89460362084614
32461,18.529579555255033
32462,17.482516510141185
32463,13.358291495260193
32464,13.104358785613183
32465,13.597403146606698
32466,16.899057730997782
32467,13.717134679944378
32468,14.853630575786562
32469,14.553920239787482
32470,15.344412356921172
32471,25.256189971525238
32472,13.114943761716571
32473,17.112253514077942
32474,18.388274361117876
32475,14.437499082911396
32476,16.292436136942417
32477,14.393272415039506
32478,16.551547190695487
32479,13.45431504571509
32480,14.970504135794439
32481,12.084921045159671
32482,15.563997617415746
32483,11.875577995344212
32484,14.76344468317844
32485,19.35771457514207
32486,13.7318454567466
32487,20.819311281262344
32488,15.713916196135237
32489,16.50463629840572
32490,12.637940733187396
32491,12.526709854862574
32492,11.328066785853617
32493,10.829765767047903
32494,17.04905568700483
32495,22.418627107561974
32496,10.218080971119802
32497,18.24160481234069
32498,14.315326286821207
32499,19.490236085799545
32500,16.185325249850024
32501,11.401599224791191
32502,12.976835445146701
32503,14.0518309662244
32504,11.200435366413409
32505,17.110485032309242
32506,15.325313714077597
32507,16.073069366960183
32508,9.382341968537252
32509,12.673287032979012
32510,9.15382257020637
32511,20.962672238474582
32512,23.641110096351625
32513,15.062405233519126
32514,16.706620254010446
32515,14.90246001857278
32516,22.266505978480687
32517,14.540257046983188
32518,12.349066542318678
32519,18.390645729971382
32520,17.709360475540635
32521,14.255309268740572
32522,14.521132821539041
32523,15.204563819289932
32524,18.50987458962431
32525,14.941730590117688
32526,16.91501180712053
32527,16.925713515263745
32528,20.72414102531485
32529,14.83413433829647
32530,16.74670950544133
32531,18.7207810914503
32532,16.719488343622494
32533,22.457324572908142
32534,15.497083849049952
32535,13.245753752491012
32536,13.018411441986615
32537,14.240745614393605
32538,14.04775104389928
32539,13.067437563456679
32540,11.499045496137079
32541,13.993160511800806
32542,11.952860210938326
32543,20.189390342013148
32544,15.323675953209401
32545,19.892302473643127
32546,14.750467441285283
32547,20.82279077997965
32548,20.7712466443272
32549,12.9774256974172
32550,16.20682752649506
32551,17.39655836962163
32552,15.689834671535163
32553,13.69898697677652
32554,17.53168850341283
32555,16.656187694191487
32556,18.07803410516182
32557,15.926188966439517
32558,11.5652082109003
32559,17.285198075487514
32560,19.879807198499122
32561,12.067598422594656
32562,19.12795599727159
32563,13.260735341110717
32564,13.544617413426291
32565,13.979317819582134
32566,13.673881406177648
32567,17.405031539135795
32568,19.6552808800645
32569,15.08555356939411
32570,11.777481913589863
32571,19.061639980425603
32572,15.52446877020847
32573,21.171322857848054
32574,13.017810997625949
32575,23.14930473167898
32576,14.549937351648461
32577,14.266320656341327
32578,10.961442980016326
32579,16.254205475629355
32580,22.05959439753171
32581,16.49004437040947
32582,16.971724184169908
32583,14.851309662013463
32584,20.77987435679526
32585,20.90897768829554
32586,8.714069663632563
32587,9.816042893080587
32588,13.210097993956403
32589,21.31430042722197
32590,16.914272628781255
32591,14.634119795495044
32592,16.689690632189617
32593,14.561399702091016
32594,16.120882843944315
32595,17.384700141490107
32596,21.544661273060164
32597,18.55740564798272
32598,17.51460855451282
32599,13.914026709470622
32600,13.934961519549162
32601,16.51904116955309
32602,8.531839398620562
32603,11.590762693656888
32604,17.238533905581278
32605,15.965373409617497
32606,22.21180520147218
32607,20.623440160865457
32608,15.628661417744281
32609,14.41497691519705
32610,20.36422145844727
32611,12.432059986953846
32612,14.760367359229136
32613,20.566339349227185
32614,14.848297399990773
32615,15.57118118205671
32616,15.719322125979547
32617,15.76189803572086
32618,12.806687705323199
32619,15.86714149047008
32620,12.033285278282381
32621,9.397862392584
32622,15.808998144901562
32623,15.273453119365982
32624,19.51118313019594
32625,19.939601958134432
32626,15.4853621094138
32627,16.90015250828276
32628,18.98959369889996
32629,21.568250379076865
32630,10.601370278399227
32631,14.777307270177701
32632,13.450974040365558
32633,15.632618248921336
32634,19.575622233226184
32635,16.81554910639321
32636,8.0766729860525
32637,12.617025859404539
32638,15.012830774811148
32639,10.591691662251119
32640,12.369296392877192
32641,16.74155809742396
32642,13.43837578152215
32643,13.511685688334305
32644,11.41675674260561
32645,23.63736165369803
32646,14.880260317583682
32647,14.968597096407263
32648,18.270640443019605
32649,25.301746610628648
32650,14.16261141524362
32651,19.582266779745055
32652,17.362319579083646
32653,15.271555827026381
32654,15.942730343505668
32655,14.842615260299324
32656,9.34072191169055
32657,13.368578261927235
32658,15.426056989215528
32659,24.905280754673086
32660,15.46277283194008
32661,10.184047967895651
32662,15.294844567484764
32663,22.354858288237722
32664,22.308411134574563
32665,12.60075393897861
32666,19.375545517579393
32667,16.456241829145142
32668,11.83788198462842
32669,18.927316431993297
32670,10.774788197687354
32671,14.593380884160094
32672,18.154904883833787
32673,18.62607816110344
32674,20.52174047202614
32675,16.928960071518784
32676,18.08032417574841
32677,12.779543643290431
32678,16.851464211573802
32679,13.522585656390035
32680,16.48746895399048
32681,10.825237531938196
32682,11.635006148930987
32683,18.859931498230246
32684,11.183723529341563
32685,13.051964260310543
32686,12.799294452333731
32687,12.833985935760795
32688,16.96121190330753
32689,17.970183090816654
32690,16.39662659309657
32691,13.374094124787266
32692,16.351639787073154
32693,14.778820611000489
32694,11.562096415935033
32695,22.910647581161847
32696,18.738246531624696
32697,15.815405465261579
32698,13.053613058015127
32699,9.799104435850285
32700,22.230008454286065
32701,14.345269617000087
32702,20.203697039053935
32703,15.367237882275228
32704,17.1084878557959
32705,9.410898920145478
32706,14.122374523475223
32707,9.895827550690603
32708,11.352929106615298
32709,15.231601076701773
32710,15.531679886453917
32711,15.908689738761607
32712,12.316411414860807
32713,16.19641550433702
32714,19.078925250899076
32715,16.806223255066776
32716,14.360135864279995
32717,8.33162200600152
32718,14.009056093121925
32719,14.365129482659302
32720,18.268611425609635
32721,15.125313577063226
32722,17.18276108129328
32723,10.806388717595155
32724,17.574409661442026
32725,13.912627438262149
32726,14.802965480257333
32727,17.771945518876976
32728,11.637345745924438
32729,15.494057920626284
32730,15.16934120262613
32731,16.686830264196658
32732,11.022583860599266
32733,14.817787375525208
32734,17.236416445614296
32735,22.037444104104416
32736,17.107024713020614
32737,17.5632791546184
32738,14.152135466063873
32739,13.594833387086666
32740,15.208762016966237
32741,21.664027191232627
32742,9.973613257342667
32743,11.805272103514925
32744,16.317193064742533
32745,17.817045568653207
32746,12.831989003537721
32747,16.912359104101398
32748,13.710416980987445
32749,16.240575847499684
32750,16.151718756951865
32751,16.06833504715724
32752,10.271945549454248
32753,19.025673496522415
32754,10.597546929677653
32755,14.547311619705004
32756,15.444651664211433
32757,13.581676594549993
32758,18.31222091259839
32759,17.404820075057025
32760,12.296554170045496
32761,12.222520511432197
32762,17.37987335514088
32763,20.686922309357225
32764,7.669808708789776
32765,13.940336386316872
32766,14.046920607551117
32767,19.22676321499509
32768,15.659906063286053
32769,15.071031929432436
32770,13.883247483281021
32771,11.473585708066526
32772,13.791121653749101
32773,14.604832634934242
32774,15.357930157155053
32775,13.581237231583419
32776,9.940146045438325
32777,13.101561170776918
32778,12.92722845761633
32779,16.985505987010526
32780,16.514178700484308
32781,16.488809075505877
32782,19.187847439063184
32783,21.698949403213923
32784,11.070307993542807
32785,16.259680050463835
32786,18.842754336913252
32787,16.134235206734832
32788,14.511563374429558
32789,14.541196573867802
32790,20.97856121083296
32791,18.463665244279653
32792,15.414801214608342
32793,13.257253101593
32794,12.359740772641363
32795,22.196899011507902
32796,15.225662507935779
32797,19.29830195384237
32798,20.3430045352059
32799,13.867683553066039
32800,18.04150490310918
32801,16.354251955758023
32802,8.941595440742207
32803,13.098950935022597
32804,17.84608486779768
32805,16.15107351108867
32806,23.582750587843385
32807,14.522683152711217
32808,12.779096596270714
32809,15.013458808183053
32810,13.730337382765898
32811,11.25974441469587
32812,25.098656977958875
32813,13.881201237824193
32814,19.785952849808623
32815,13.157307017927229
32816,10.269380642130901
32817,14.309800416100158
32818,13.604240306802424
32819,16.914850776352708
32820,18.09201405962979
32821,17.40225797565548
32822,14.14140864699745
32823,17.8492128278385
32824,15.032313861642251
32825,15.531174829770638
32826,15.151862282590356
32827,17.66295744148301
32828,12.451752419240536
32829,12.531813477723885
32830,24.896983519135212
32831,17.330480533910524
32832,18.132020970541287
32833,20.712707375218116
32834,17.552609532096767
32835,10.155141414594368
32836,17.676047832212248
32837,18.398489513282964
32838,9.002432009124046
32839,12.67175350417827
32840,12.25815586654804
32841,15.62223653161344
32842,19.312484033149723
32843,14.69174630763117
32844,10.54184617215565
32845,12.401611897739055
32846,20.71457611417678
32847,17.328843028886507
32848,11.397402029055746
32849,14.9320787501754
32850,13.271021609321107
32851,18.833937884741204
32852,19.135033437004438
32853,15.17582003327828
32854,12.489288186648311
32855,11.162909459172731
32856,17.709486701603424
32857,16.114491222863997
32858,18.14195655904416
32859,12.1662856310261
32860,19.628288672377792
32861,10.845726201682911
32862,19.628747638399595
32863,15.71495687713247
32864,19.612908093143268
32865,13.291604074949923
32866,19.1325379812776
32867,15.39993407475672
32868,16.206098102979
32869,18.958501139419276
32870,9.612566166594593
32871,15.83686421797025
32872,13.865414881644297
32873,16.340833022345723
32874,16.514488500980285
32875,8.357946141116921
32876,11.88596878378333
32877,11.185189058797075
32878,14.963351256480166
32879,19.228163651226147
32880,13.956172522625868
32881,11.076880739563297
32882,16.99516127068113
32883,13.985894308980518
32884,19.612994445752086
32885,14.268067061190594
32886,18.01518035455224
32887,19.91711795251424
32888,18.22955453989668
32889,16.8562399109746
32890,14.400730162120825
32891,16.585159735901172
32892,13.376265423967283
32893,14.739320794033373
32894,10.79025312544896
32895,15.912750947875727
32896,18.194437020468953
32897,21.3605478512252
32898,13.177402245179206
32899,17.426567875512347
32900,8.849593661635033
32901,11.071409100429022
32902,14.245566169795566
32903,15.47329062027268
32904,16.136175478918112
32905,16.85664977500973
32906,16.265011009384487
32907,13.455747754534716
32908,16.373157076037998
32909,15.8142669987958
32910,14.184776941876121
32911,17.967069925657707
32912,16.088616912262687
32913,15.599011148845214
32914,20.701586674832157
32915,14.953033573832487
32916,18.877665113887147
32917,18.350131751433352
32918,22.594392956854037
32919,15.098835531326209
32920,19.52268241358683
32921,14.413053197418808
32922,15.752582654376097
32923,17.32045377581227
32924,12.741464398321957
32925,19.824929290240252
32926,15.57566527202216
32927,12.348345144795587
32928,16.264870456590888
32929,12.464337600447568
32930,16.446621002340812
32931,13.493447221018107
32932,15.475087069266179
32933,18.044000284957242
32934,12.464468427509015
32935,14.104207354020103
32936,14.200728320529649
32937,9.385385790236105
32938,15.191592072406772
32939,15.595661169798262
32940,14.877352789245622
32941,16.55811337001152
32942,15.957476228779202
32943,18.79049734096455
32944,10.771810445427313
32945,16.899311883326188
32946,15.521024158783822
32947,17.714511950257155
32948,16.912263290937393
32949,20.186025627199918
32950,13.605575832252365
32951,23.008072087206045
32952,16.006464001859634
32953,8.516021616330246
32954,13.187828721125857
32955,14.603839179983165
32956,16.866740924695335
32957,23.548766820309552
32958,17.195846823485947
32959,11.3954374599662
32960,13.604914749240427
32961,17.129445224623495
32962,15.179341495063747
32963,18.74064274961487
32964,13.485871794141673
32965,14.658492876281189
32966,19.326371936048602
32967,11.70935185126371
32968,16.182494566874766
32969,16.010147364255616
32970,20.562693768505905
32971,21.889319819498105
32972,15.510043291891305
32973,11.019813269059876
32974,14.797472089144295
32975,19.385879563298275
32976,16.767961227763983
32977,17.136041307551693
32978,18.41332920249598
32979,23.957276598162615
32980,17.68567181804835
32981,16.88797403251089
32982,18.096420393495677
32983,14.238466064474258
32984,10.774375537264653
32985,14.91410280850512
32986,13.12417735740938
32987,14.65878590313299
32988,16.45523242285396
32989,11.549684826357893
32990,15.97418867195019
32991,17.072553019204264
32992,17.575938198293876
32993,11.777682120551653
32994,12.128533938660688
32995,14.22511921273951
32996,13.041463885566493
32997,12.280080822951977
32998,14.63855885466087
32999,11.722857940407682
33000,9.037448861114457
33001,12.29426006227036
33002,13.719049449037666
33003,17.935847769983084
33004,14.898082383102249
33005,20.58849076196622
33006,11.764723893443676
33007,12.347386855576111
33008,13.895118624078773
33009,18.355205224237636
33010,13.530763514998174
33011,17.988058645489893
33012,14.98145463810359
33013,14.125524326271158
33014,16.603112658972705
33015,14.294948998903932
33016,16.858353772241166
33017,8.192122844294055
33018,14.793027706012415
33019,15.838000112319122
33020,17.405852234602193
33021,11.819393368176428
33022,16.901659679938618
33023,19.070816052590313
33024,17.50890834072937
33025,17.780021647264114
33026,13.930456088604151
33027,22.22041088826502
33028,15.255037385571411
33029,12.62649076937858
33030,15.977908185239684
33031,12.609881685666224
33032,16.32205470041231
33033,8.483426708251846
33034,22.75106608823576
33035,11.373307665946733
33036,14.38699225631975
33037,15.280927066950992
33038,17.345606148129512
33039,10.662404020321127
33040,16.227984188705413
33041,11.580923943946118
33042,18.693761716047366
33043,10.377552378080502
33044,14.750557500794478
33045,12.76974004839054
33046,12.126169113836454
33047,15.226343052014098
33048,13.67139997660297
33049,12.901080110373675
33050,15.601160286805948
33051,15.465530146860155
33052,20.515849714463315
33053,13.583312415791132
33054,18.702746808511712
33055,13.908144670676878
33056,12.393051873950753
33057,15.833295870881322
33058,22.520609047159738
33059,20.96089928008116
33060,13.389187520200817
33061,17.052944652647476
33062,16.702269796337553
33063,11.20612876125312
33064,14.284610381198945
33065,15.69579103445775
33066,14.448688746382887
33067,21.645896290138616
33068,10.633093136410013
33069,13.38242698513033
33070,13.651912294363372
33071,12.667811658988244
33072,15.491850953934795
33073,15.02951281102882
33074,15.23359442725968
33075,13.214455876699448
33076,15.01164649981588
33077,18.690907777966167
33078,14.546494371685698
33079,11.63073308345201
33080,10.500743696266618
33081,15.866760599342518
33082,11.553083475362353
33083,24.508748590490633
33084,12.050891265533144
33085,11.762261399670422
33086,12.970077896877891
33087,13.53395797143729
33088,13.112995613485483
33089,14.399661539889594
33090,12.994033668474417
33091,11.708004962524907
33092,22.306659898670283
33093,17.08677949287572
33094,14.286678174627578
33095,10.906604845142224
33096,9.731647963109571
33097,17.2296702114337
33098,12.749762902778848
33099,19.192029363214715
33100,12.400091716865424
33101,14.190634162407767
33102,19.26530572209918
33103,16.013648656644506
33104,9.204911680435316
33105,14.427977633216516
33106,13.89513965434329
33107,19.049088015941887
33108,14.63475771005546
33109,17.554837445630397
33110,17.370715754726028
33111,13.87825467518022
33112,14.095109175614143
33113,22.44244442009255
33114,12.879232233209441
33115,17.86734690790702
33116,19.758077901948937
33117,15.504149140539813
33118,17.49820244502432
33119,14.745576456948356
33120,13.071237438420583
33121,17.112233629086496
33122,18.654732966968616
33123,15.250773908562186
33124,8.878860867498606
33125,12.392752546305175
33126,21.322625204132763
33127,18.112165992117014
33128,10.754397198722733
33129,17.398246978233814
33130,16.793954484525038
33131,14.438662213221793
33132,17.79266888644343
33133,17.30374628366703
33134,18.805774029394172
33135,10.928182590434464
33136,14.104573819974522
33137,14.605394597728111
33138,20.112815489762227
33139,18.77962853713292
33140,19.655753978823867
33141,12.733526243780872
33142,14.601124158194484
33143,13.167894159296416
33144,12.291830946634029
33145,20.012796105562764
33146,16.352562768193266
33147,12.816222578338373
33148,18.719579181070593
33149,9.449149699418953
33150,11.473303726492862
33151,16.39390073429778
33152,13.535390376015389
33153,18.257543462852
33154,15.813185579025347
33155,9.258144310546548
33156,14.646011293733354
33157,24.428160060005723
33158,12.858592953374167
33159,14.826431586631267
33160,21.24466728800318
33161,11.88375312257854
33162,19.27543256835319
33163,18.113946361318867
33164,15.915976209591237
33165,19.26477919574046
33166,14.345191984984988
33167,19.093686406016918
33168,13.209654130019395
33169,16.410731231923364
33170,22.70535681389302
33171,17.360475681883045
33172,16.07351214039665
33173,14.414357127028044
33174,17.056175672045327
33175,9.767480141155547
33176,13.393521936707424
33177,13.945147237894941
33178,10.737052820986397
33179,15.387035578379358
33180,20.448918811766283
33181,15.111280821345781
33182,10.796520103242194
33183,22.823091771212383
33184,17.698030267991527
33185,17.125845736594044
33186,12.012290769572914
33187,13.109710870238281
33188,20.796152033393177
33189,11.564850692446822
33190,18.732663837479123
33191,14.992733388674798
33192,17.88554107407988
33193,15.87375899673076
33194,14.892702422671384
33195,24.145910006770436
33196,12.41463663162255
33197,15.331382008797652
33198,18.427729277602946
33199,20.345916008064094
33200,13.862454503498506
33201,11.143351579619567
33202,16.722914816632
33203,15.148938320121603
33204,15.64149850054225
33205,13.770814699491417
33206,16.209446001438295
33207,19.8550925135285
33208,18.846684450808276
33209,18.517158486364117
33210,20.206162813406312
33211,11.656145235302734
33212,14.151866706227503
33213,13.262866938419146
33214,10.145648754281545
33215,14.452430710507407
33216,11.104588292267097
33217,10.272068086652709
33218,12.609784578429181
33219,11.43103190086418
33220,16.29269934276445
33221,13.2982512356023
33222,17.57766399984188
33223,14.279333825110424
33224,14.560378135405216
33225,15.952512934473873
33226,17.714395807066055
33227,10.820196929170606
33228,18.420643530053944
33229,20.541454753322327
33230,13.535222799145131
33231,18.090658183127736
33232,12.377768902704547
33233,15.477198500509536
33234,16.8734644097334
33235,19.382399455705933
33236,15.224522946920278
33237,13.74061934521789
33238,15.683111330300619
33239,11.407101047946956
33240,21.732437124818233
33241,14.90244274387908
33242,10.636621925650012
33243,19.770480551402272
33244,12.659913218440998
33245,10.27270610485683
33246,22.711415742402394
33247,14.5138965530504
33248,10.364776423581509
33249,8.697744210178692
33250,22.545267443840935
33251,18.92737132998819
33252,14.034731448624541
33253,16.798467490222162
33254,16.885946536254707
33255,15.84677293832794
33256,21.683112283297085
33257,21.493757230995037
33258,12.980673189092661
33259,18.579876231126903
33260,11.707255325028495
33261,11.758595167518855
33262,14.212246968332371
33263,14.286260909954644
33264,17.376671576730335
33265,16.594653675182194
33266,12.185739495072923
33267,16.103286180904853
33268,14.813636705726475
33269,15.22768393397126
33270,20.139324288792963
33271,17.24537101118841
33272,18.73077336499294
33273,13.267132487906892
33274,16.96623163646963
33275,16.289300426384706
33276,17.78231963908321
33277,18.89325208225246
33278,18.577110154778616
33279,17.91086846282531
33280,15.169000331548853
33281,19.117350459772545
33282,12.046372573926947
33283,16.159424490204202
33284,20.30280917864099
33285,14.197508462965667
33286,15.016390377525505
33287,21.292936174717546
33288,14.904449606925478
33289,9.985992754606109
33290,14.156912131490225
33291,17.159902504795035
33292,11.544262312902763
33293,14.254552733539162
33294,12.29658567202462
33295,20.77568498761144
33296,12.17410321354765
33297,16.227273704054927
33298,16.29970391529772
33299,17.909293311745472
33300,16.029370117946783
33301,18.573174614439715
33302,15.338464528865304
33303,14.246167666143032
33304,15.103808729946772
33305,9.662241559403904
33306,16.19249526111944
33307,15.428564033143763
33308,17.591891454613517
33309,10.254781676129749
33310,12.298367568903661
33311,14.780973385548082
33312,21.095462941512217
33313,15.01427860847053
33314,18.90919977856351
33315,19.964533828625676
33316,20.42545268658573
33317,14.697103394037233
33318,12.255452274950628
33319,14.957412245065685
33320,8.582048251911642
33321,16.837146474703722
33322,12.672572161754562
33323,10.759848802246703
33324,14.56117277108236
33325,14.008227705571754
33326,19.561194294625693
33327,19.41652977509716
33328,12.090341031882165
33329,12.803541993528611
33330,18.907518494110242
33331,14.62210219738897
33332,16.474614887234203
33333,10.42555672978667
33334,13.698796498888628
33335,14.471885128614828
33336,13.689911920064121
33337,12.08708122800847
33338,15.078159520904768
33339,16.97204567904778
33340,20.97508703897587
33341,19.730082449805423
33342,8.290975674483716
33343,17.964790034136733
33344,12.778011623375093
33345,16.609557090954908
33346,17.152389227513638
33347,23.83147692368015
33348,20.156325157325902
33349,12.637283964734099
33350,16.382387470765757
33351,14.894907985051324
33352,16.927771758223347
33353,11.411636215472232
33354,14.773647247170317
33355,16.69290567690907
33356,17.041062944723997
33357,14.297408707089962
33358,21.121229216865032
33359,14.328980431108464
33360,12.46276325208287
33361,17.115994971084177
33362,20.77457121133036
33363,20.196763150863326
33364,18.02341426600743
33365,12.761799516875755
33366,17.751362934794905
33367,18.049987592438203
33368,11.669214546843552
33369,17.286862366489085
33370,11.123107634659199
33371,21.25027843598444
33372,16.816026534643257
33373,15.25252794508143
33374,15.31876543360187
33375,24.26141604884701
33376,17.012912923412408
33377,16.748546199105633
33378,14.087797493209543
33379,19.35494566609846
33380,15.231807952643896
33381,12.845343489506853
33382,21.94301406429352
33383,18.2230867912426
33384,17.477700564132505
33385,17.574169935303743
33386,18.018329475241934
33387,10.690227964814529
33388,13.115422912550429
33389,15.434120377584746
33390,12.93486499159223
33391,16.231837281936237
33392,19.516153653047446
33393,18.720373018623096
33394,21.267422195136547
33395,13.98271527874135
33396,15.778257205736582
33397,14.325681824343471
33398,16.114929408520815
33399,13.06540054902557
33400,22.281701771933008
33401,16.081583667060553
33402,16.29916096153748
33403,13.140196198966345
33404,17.61862223864695
33405,22.328568443690152
33406,12.3830617418729
33407,17.88729191662931
33408,11.173379977347713
33409,14.680284622109276
33410,15.329361545792354
33411,7.6345704233201515
33412,20.17269720937098
33413,18.938706288276258
33414,15.972540975578765
33415,13.76188915614301
33416,9.146274624142581
33417,12.548263007668364
33418,21.135109163058324
33419,13.591566357193383
33420,18.049765869631692
33421,14.18625105576398
33422,10.797480825373714
33423,13.559306026724032
33424,11.834044057694292
33425,11.876545424479865
33426,11.199553626607845
33427,14.517943240681097
33428,16.254710865269704
33429,21.952384150122583
33430,14.842642902828016
33431,16.78664912323314
33432,13.743826900608177
33433,13.230771368995459
33434,12.414013731446136
33435,11.03095744959769
33436,11.772260162160281
33437,19.935888204805956
33438,14.751586757167086
33439,14.367869439434141
33440,15.922651438400413
33441,17.74087638196805
33442,12.917959997018944
33443,12.352260047608194
33444,12.752763638414267
33445,13.243671482091045
33446,14.13617485875803
33447,10.46448157712042
33448,15.325840094219123
33449,9.218390387897731
33450,16.966538320016106
33451,20.83634985591725
33452,17.417837156232977
33453,22.981898173215086
33454,15.004360374657912
33455,18.127199580804245
33456,9.085923693628924
33457,14.313299966420757
33458,16.36532293140953
33459,17.53548726906667
33460,10.249199920420136
33461,15.659697274782094
33462,21.457851454156724
33463,17.265731348541024
33464,16.002464413313767
33465,12.957741737399168
33466,12.947059104444742
33467,19.03472681386186
33468,19.009253978990298
33469,12.600869074865853
33470,15.791174935834558
33471,17.45704591075473
33472,14.927636235471645
33473,14.556710691050263
33474,18.584862606206034
33475,13.187403024502533
33476,18.47790002377758
33477,15.817052916468874
33478,10.11626465846085
33479,18.038434841209394
33480,19.33642031869078
33481,20.976332673776753
33482,13.275442207091507
33483,11.979071442556776
33484,9.568464127832078
33485,17.95306618287858
33486,13.403395853691354
33487,14.833320349017377
33488,16.79125628225802
33489,15.824297797760284
33490,14.076682989325635
33491,14.378835335700176
33492,13.679736525887272
33493,12.524325747908337
33494,12.060606883635307
33495,11.3363454033123
33496,15.12251842679659
33497,13.258301353503867
33498,17.01796834940799
33499,16.233103005792298
33500,16.201019477678095
33501,19.076774865858738
33502,23.752853773805022
33503,19.87918676903582
33504,16.153872266435872
33505,17.875851715868116
33506,14.929932657625917
33507,11.569936421209952
33508,11.694845200509441
33509,16.429617187594133
33510,16.94574619643398
33511,13.926226022401273
33512,14.033307005913754
33513,12.063057522005442
33514,15.082891989354628
33515,14.282692804284293
33516,12.558778605501306
33517,13.50870329811611
33518,20.19789351180691
33519,24.461981292557304
33520,18.111127153771015
33521,10.60708633507369
33522,13.286415255890713
33523,12.972141979091132
33524,15.522793546144039
33525,15.831541372158549
33526,13.165560838239218
33527,8.706638448316927
33528,12.871305720076105
33529,18.169992792614202
33530,17.802417952440628
33531,16.089773874024537
33532,11.38300549683959
33533,17.357209148041576
33534,20.40081205675584
33535,15.809371157164113
33536,12.919394361177872
33537,13.660332150555876
33538,16.791252471251322
33539,22.27595656949964
33540,16.100215558793664
33541,20.044462055381565
33542,19.361387966936732
33543,13.593487924450066
33544,13.606332462952961
33545,11.888781314908204
33546,19.69100491291143
33547,20.849082912315552
33548,11.418568369599171
33549,15.130356728610096
33550,15.396910331487499
33551,19.499615820208525
33552,17.541232119502688
33553,11.14156632429081
33554,8.35044494767618
33555,12.39318559152881
33556,12.346543977829366
33557,22.7874830409054
33558,11.967494761533043
33559,14.732072187368537
33560,14.10825891355602
33561,16.572501029346903
33562,20.64404973889272
33563,15.762697968098081
33564,17.788502676560597
33565,19.55844689756712
33566,16.093056288762583
33567,19.986698993096425
33568,19.02947598985978
33569,15.188817109701892
33570,12.192490442303772
33571,15.24024618311807
33572,17.572338803723166
33573,13.194172829934681
33574,13.49326865495626
33575,11.754722453715138
33576,21.279936054439325
33577,18.035256720538683
33578,11.088415845882032
33579,19.00266369642605
33580,13.291451944219531
33581,17.13054465626046
33582,14.009742774971889
33583,23.74690251936297
33584,17.53622266283567
33585,11.971706121389794
33586,19.03201415547671
33587,15.204654858845304
33588,13.718749401393325
33589,17.838595927961716
33590,14.59491597299547
33591,16.34063591607861
33592,16.58252737284457
33593,15.53390633145636
33594,20.201503388596997
33595,12.780821564464528
33596,8.393580361913703
33597,18.60168892925973
33598,12.942360716716287
33599,18.086123545647915
33600,14.99447882013411
33601,13.800679232195218
33602,14.174916777191468
33603,14.618008753084807
33604,14.627746655725238
33605,13.691988387378087
33606,12.547826163911381
33607,16.279505537201494
33608,11.10980359263868
33609,17.949407569220426
33610,10.682104053577499
33611,18.791198076634117
33612,13.632190940789691
33613,18.195318623603868
33614,19.819055521146034
33615,13.655740891916722
33616,16.54916290700232
33617,16.879792965460055
33618,16.539892548587076
33619,11.742151190889246
33620,13.980263162276994
33621,16.658526256120545
33622,14.977387143406101
33623,14.3210255962152
33624,16.727150690483974
33625,18.184736116180567
33626,13.957803937605727
33627,16.692571280455134
33628,17.446081666816585
33629,18.86762023960077
33630,11.736563432673384
33631,14.523488763149214
33632,21.22042402727363
33633,15.868718910424759
33634,14.213073813922648
33635,18.042851801229624
33636,12.210408098085587
33637,13.783734855553526
33638,15.835142968865677
33639,13.651868152642713
33640,17.222480813871947
33641,11.82804943196345
33642,14.88191998206195
33643,13.166920449109826
33644,21.923405381052625
33645,18.67959108054849
33646,16.46997965085609
33647,18.90376352182024
33648,25.341188715476555
33649,12.1837452028573
33650,14.212873875306766
33651,9.432564622793517
33652,17.085741283317567
33653,20.483388390537314
33654,15.22614963752356
33655,17.376324432285443
33656,18.370760401208877
33657,16.88511701079213
33658,14.63107755480262
33659,10.506842975909088
33660,18.60808156329638
33661,19.110609379424794
33662,14.368526055358142
33663,21.532631080595408
33664,15.070152798875535
33665,19.866801863432276
33666,12.800297467615493
33667,19.64325345645623
33668,12.758878285114038
33669,15.640660051578154
33670,11.556825134187171
33671,11.954814569232216
33672,9.471306391386435
33673,11.360291410265557
33674,13.631481320908758
33675,16.920454996919773
33676,15.579247898586635
33677,15.68893187761124
33678,14.617507124055425
33679,10.864777283778388
33680,17.815239407603713
33681,19.903211744795055
33682,19.723208337256054
33683,11.950039822897187
33684,11.424329629593114
33685,17.908831506440915
33686,15.09873407707769
33687,14.099569660320425
33688,15.853631245982301
33689,23.980831488438085
33690,18.84211223929465
33691,18.07177714192155
33692,19.175331484625254
33693,13.787050677278
33694,17.65114384633538
33695,12.795347245312872
33696,21.587229538076016
33697,20.705982964594426
33698,12.824842468061005
33699,14.046894927913518
33700,15.692392723338024
33701,17.24535703870996
33702,22.501349432919703
33703,15.351878499893589
33704,11.59303851679078
33705,19.451536880052004
33706,16.732354487010664
33707,16.1424757563138
33708,14.318680614068215
33709,12.004759969584466
33710,12.64760920823912
33711,15.601987569310126
33712,13.74437142809829
33713,15.263449035604806
33714,12.12016827087899
33715,12.630730918927235
33716,11.063214537216224
33717,19.97024172051584
33718,13.137124843658292
33719,20.948361152233566
33720,13.165567505825987
33721,14.492945491606804
33722,14.194237370443975
33723,21.181724331915404
33724,20.404774684202977
33725,17.460682358609183
33726,12.341415457828418
33727,20.041791369641217
33728,17.712495077888622
33729,11.356269346065147
33730,18.888700818456343
33731,15.233005166938748
33732,17.86644624439551
33733,12.969823970773284
33734,10.327792059791355
33735,10.400594041138788
33736,15.798130664254783
33737,14.747537617313485
33738,7.494855467258792
33739,14.918842451931296
33740,14.517886176249203
33741,11.76240586622625
33742,17.693044088727554
33743,16.999345855437358
33744,13.370882376872572
33745,12.419385326547783
33746,13.269204000587944
33747,16.94424871556692
33748,14.214102051693738
33749,15.771238238535382
33750,17.732845984461093
33751,16.64421280367919
33752,14.913628026069317
33753,14.157625355842077
33754,10.13236664102838
33755,18.684860524396186
33756,11.882125447497168
33757,15.080526700915247
33758,16.65053002022578
33759,16.16379248754584
33760,17.891864641738273
33761,17.256583965628636
33762,15.284197778857665
33763,12.9946056245085
33764,16.577622414117524
33765,13.932681042353648
33766,12.066262610778637
33767,17.76995841788719
33768,13.388096313137954
33769,18.76165807228342
33770,13.521586924374313
33771,11.870372215096273
33772,14.472723201204358
33773,14.841556136951137
33774,14.88059275876978
33775,18.082043073258376
33776,13.404367831390829
33777,16.045655155808703
33778,14.864770800843871
33779,14.568685659407867
33780,15.37138452782564
33781,15.580193393382752
33782,15.603628796437677
33783,11.071083092409264
33784,13.862135759754576
33785,14.318354889272705
33786,16.610955124902112
33787,9.476030420556505
33788,15.905164216979697
33789,19.336268723182314
33790,13.248330183928761
33791,17.240028559924635
33792,21.434229502989048
33793,12.327878877829752
33794,12.905903165942053
33795,15.41955221282744
33796,13.37322022315903
33797,10.708863750099283
33798,12.374524788946523
33799,13.078670695800703
33800,9.238499500170192
33801,17.43153581124309
33802,21.13981078331451
33803,17.200428539600424
33804,14.024809310365114
33805,24.03862695070515
33806,9.588377423802033
33807,17.179188651389634
33808,18.054436168689165
33809,17.741719984400444
33810,18.085374929525663
33811,14.33256960489384
33812,17.210368397735515
33813,11.856844395614015
33814,16.49032195782202
33815,14.82473399187311
33816,13.500821314253704
33817,14.880088328597912
33818,17.014455283371582
33819,19.22693638839171
33820,14.23658397941226
33821,22.867597153739652
33822,18.252910027010394
33823,17.804208142831246
33824,18.90463682217316
33825,14.820446702322599
33826,11.924868213183963
33827,16.338181074050446
33828,14.712871278471168
33829,11.185598168189049
33830,11.401578345353261
33831,20.44656444460182
33832,13.94034610927064
33833,15.813201318504577
33834,12.68431560786949
33835,19.022133869066792
33836,13.869696586666532
33837,15.135516570969793
33838,13.59300837624903
33839,17.43451737980456
33840,12.50891180359693
33841,16.042514231395756
33842,16.119581022210603
33843,17.048716791732588
33844,15.417279941903457
33845,12.93039007750808
33846,25.096287038209212
33847,12.442083495640931
33848,13.993184427869101
33849,14.60830197506616
33850,24.039930651465653
33851,10.965253592912314
33852,18.28934306925114
33853,16.181448927978778
33854,18.589691531693333
33855,13.5832787907542
33856,13.072209383577809
33857,14.821065423561652
33858,11.945326836430537
33859,17.354486277347696
33860,14.62841035387479
33861,19.64177469030011
33862,13.729980527654917
33863,14.043626023803048
33864,20.083683933181035
33865,13.90319295870455
33866,16.08945914895856
33867,18.133561267344035
33868,16.71811262984543
33869,10.77843842910328
33870,18.143413389223674
33871,10.927375000028224
33872,19.47254108330812
33873,17.65958757887825
33874,15.150218638155707
33875,15.467110371651591
33876,13.438284100722086
33877,14.328751761071647
33878,15.560585149560643
33879,10.93457390687804
33880,15.919122892890938
33881,12.34990946794302
33882,18.99996972706866
33883,12.027122714795652
33884,11.630575262629861
33885,17.70387941346499
33886,22.422917927492556
33887,21.374544629415226
33888,16.473977039084204
33889,11.122008969240026
33890,17.112295143481646
33891,14.540689441245698
33892,22.289339592000047
33893,16.118716937952733
33894,20.419582663404718
33895,10.995126642305276
33896,10.60659196280517
33897,16.064969128394537
33898,14.477738715358228
33899,18.375965631123677
33900,19.142321188194586
33901,18.423354188780316
33902,19.375708101024948
33903,19.165748585004664
33904,9.148097709590116
33905,8.241064842945514
33906,13.722781388171045
33907,20.25043052684814
33908,18.95369202650358
33909,13.664429652066875
33910,9.557668970397957
33911,10.604782963305443
33912,18.269602368812755
33913,17.027926438528482
33914,15.020338764271212
33915,16.059950937875758
33916,11.62006026448191
33917,13.525902221806922
33918,18.685704554653988
33919,17.058504969920094
33920,14.317078016706065
33921,17.157702907034345
33922,16.61583262974232
33923,14.048494716421278
33924,12.993089148980232
33925,18.127771915821207
33926,20.875645007565023
33927,11.221763068917971
33928,14.66948092306718
33929,14.580097545252233
33930,11.224238466767359
33931,16.92391401039085
33932,10.346819109300402
33933,11.308584607352998
33934,16.363987093965434
33935,24.533413620076708
33936,10.61230406110118
33937,9.670009742022813
33938,9.251996796643581
33939,10.161250568399907
33940,18.372792096255353
33941,15.972197323353631
33942,14.842338668995566
33943,18.126290867708896
33944,19.028887391754445
33945,11.381382348727332
33946,20.230298362700978
33947,22.97569241105775
33948,12.587583138039037
33949,14.194991524214162
33950,17.04229207463128
33951,16.30252187960493
33952,24.801807665087956
33953,21.67384908272711
33954,13.964791864092398
33955,22.160329890692083
33956,12.387242159678523
33957,23.054573644153848
33958,18.870058544860967
33959,16.947384482143093
33960,11.194959796525527
33961,16.20835770342387
33962,14.029420604854588
33963,12.75965235147298
33964,16.16790795857502
33965,23.086719072336912
33966,14.454447758134698
33967,15.777618207647732
33968,17.334529553909128
33969,11.452949096163003
33970,13.404539842587202
33971,16.47610490882326
33972,22.44377478243684
33973,19.080998898664888
33974,15.963258933726786
33975,15.516167402525523
33976,11.941230794785437
33977,18.57620004110227
33978,19.37296676428585
33979,20.435257529475145
33980,11.911715149106552
33981,14.56245580151249
33982,13.620641530911286
33983,13.448820853367028
33984,16.896809704006053
33985,12.734069602021936
33986,19.31454861303225
33987,12.598364071636658
33988,17.859149491057906
33989,13.56161358581599
33990,16.037458100135265
33991,14.211926687044649
33992,12.103160206964274
33993,15.392156652497865
33994,21.979092575802078
33995,21.57701814117292
33996,16.809235905595884
33997,16.37226922514624
33998,19.906758378358724
33999,10.17228881950337
34000,18.40037948125915
34001,11.862932538100178
34002,16.495834474799764
34003,13.03779158402799
34004,21.7046293728989
34005,14.58531851657236
34006,16.865970274770884
34007,11.87588815394648
34008,17.17044450814071
34009,18.385677945113393
34010,13.65686749909082
34011,18.80881833376189
34012,14.253252986474216
34013,18.87381898258331
34014,14.485545978601461
34015,10.61183839674545
34016,13.094300179512103
34017,13.644525430419149
34018,14.33577698473288
34019,11.294121590453322
34020,20.44102885256637
34021,24.153498805172603
34022,15.584806388392645
34023,13.377306642916846
34024,14.346966304603793
34025,11.27293629254277
34026,18.600761594722364
34027,21.266299278534866
34028,16.723849018247705
34029,15.957145299800365
34030,21.29561695141244
34031,9.537728468445398
34032,19.904523640154117
34033,17.63457745352364
34034,17.217847579172897
34035,22.126096465657824
34036,18.998305929916413
34037,14.665343673760884
34038,11.06005098126707
34039,16.433940010097274
34040,19.360867536594064
34041,9.819181184717465
34042,12.124179584366601
34043,11.78793679266158
34044,11.215946293583038
34045,16.375514450809185
34046,13.72912260124924
34047,17.527764449084874
34048,17.784778106936827
34049,14.02267660972454
34050,11.37873244686508
34051,15.472083539090757
34052,12.316633370402519
34053,13.815171094057721
34054,23.226232679938725
34055,10.816957651928373
34056,21.713120116616462
34057,11.351093252617497
34058,21.04774465474496
34059,19.014926708316437
34060,15.463261014007978
34061,17.922863056000267
34062,10.09174611196928
34063,21.46976305318035
34064,16.60878217427136
34065,13.47486221162817
34066,8.000926051325944
34067,18.563238035047817
34068,11.137047257729392
34069,16.965162222157147
34070,16.577583108125353
34071,20.714243855105657
34072,18.534323401007143
34073,11.445176510930946
34074,16.028935427644612
34075,15.717075125067009
34076,18.987753797048764
34077,11.55936856593107
34078,16.167279497099194
34079,18.92433267542384
34080,19.080514805994994
34081,13.413646658550464
34082,13.75205549064974
34083,16.27609033591812
34084,12.467714092211263
34085,20.477484739661243
34086,21.578225656738596
34087,17.242984967517117
34088,16.1698534142701
34089,13.644218715562813
34090,20.826546049114647
34091,12.018320362544793
34092,16.431202729401473
34093,12.959258907175503
34094,9.909424159296112
34095,11.023799060355497
34096,15.650936837913305
34097,19.703841680782425
34098,19.67480121238915
34099,13.751235957663432
34100,15.690291986855964
34101,18.82645600562776
34102,15.60468515483687
34103,14.125739665767915
34104,16.637541748195886
34105,16.01323459869461
34106,18.947927005924292
34107,15.13682222220582
34108,18.60695857559032
34109,15.206305609703247
34110,14.250500847774674
34111,12.290011110489694
34112,12.292431343222429
34113,11.812134549703687
34114,22.532981619766282
34115,17.118196558698564
34116,17.473225130703845
34117,10.910867020764755
34118,17.330580483220743
34119,12.019551015839394
34120,15.468554747780885
34121,19.95585587354936
34122,15.297638108774322
34123,18.705918491896334
34124,11.033804634709767
34125,16.618542781153455
34126,15.460164197827806
34127,7.509466865533436
34128,15.350857317203795
34129,17.75906044794548
34130,18.091593924766528
34131,12.21448812202376
34132,8.25175088723584
34133,18.569510540598337
34134,17.026433102929154
34135,12.528063889558458
34136,15.153422790720057
34137,16.33307690341291
34138,15.669595452381392
34139,13.242120472605254
34140,14.018140366495773
34141,12.59238130624382
34142,13.508599759512244
34143,11.51953461232068
34144,11.339605895946047
34145,13.15811175214209
34146,17.77032254748714
34147,20.05872947678118
34148,19.131512937553495
34149,12.835328960316023
34150,10.708827196597767
34151,15.11484875414992
34152,13.166409071595096
34153,17.17612505092343
34154,15.827105124275667
34155,17.60307859532139
34156,11.217910304115914
34157,19.44629432681597
34158,12.845962048128829
34159,17.118669083016876
34160,11.240327282272677
34161,17.07383434984812
34162,21.207843943332676
34163,14.672453714582586
34164,14.210259274458464
34165,17.460578425314182
34166,15.17009629267368
34167,14.629997943984192
34168,15.935232327740215
34169,15.327276914582358
34170,13.89112439556185
34171,11.371059030992257
34172,11.807927981181342
34173,13.553048773757347
34174,12.968354007647587
34175,16.656598330516253
34176,19.62246467372304
34177,13.673663882835598
34178,19.339281355069488
34179,18.280554436860225
34180,18.512878527968077
34181,12.455439594149437
34182,14.503696807886323
34183,11.836013953619357
34184,18.67529317306095
34185,16.194026272257013
34186,14.36588487911938
34187,13.45412760628017
34188,11.274975456515472
34189,22.2521341418052
34190,13.114058837820286
34191,23.601535867696384
34192,15.925820712009553
34193,22.63984926397054
34194,12.82342609395362
34195,17.629857086537868
34196,14.539632639568651
34197,20.42920348829974
34198,19.707808515234902
34199,16.663572528618143
34200,17.62704565577298
34201,13.391754747072113
34202,16.202430371950094
34203,17.584193166054828
34204,12.86761647386389
34205,13.76749933999913
34206,21.424996928753025
34207,10.424428220668876
34208,14.749243619688944
34209,10.51222029686136
34210,10.574957181212
34211,16.24709211828447
34212,13.773162486208518
34213,16.741910663630186
34214,19.303873600119005
34215,18.641476393607384
34216,15.850107132073752
34217,17.042015816555253
34218,14.46885826288937
34219,18.013089181349066
34220,16.821850844110955
34221,19.5570735464795
34222,17.24517023643721
34223,17.802559758757923
34224,15.365579686374566
34225,19.007325634526875
34226,13.905122009463136
34227,14.989381434710092
34228,19.101177850605225
34229,8.991150621035375
34230,16.456820987398352
34231,13.594156213836285
34232,19.370022418638406
34233,12.466661132921555
34234,12.396538678207369
34235,16.69572730092598
34236,17.888705536731408
34237,22.48764390645306
34238,17.272834578654173
34239,14.932868727268128
34240,21.64907340185298
34241,20.522247497924432
34242,13.929479582545696
34243,13.87830266937885
34244,15.327069576769686
34245,17.173284528369564
34246,14.87438243907396
34247,18.50710075576957
34248,16.814449321669002
34249,12.63449734446139
34250,13.372987212628122
34251,15.600073500217444
34252,15.331636696876295
34253,11.998003195189817
34254,17.075263569075602
34255,17.748934367476686
34256,17.55144758554423
34257,16.84691316103445
34258,14.045927063606984
34259,10.049920443723359
34260,14.229247136034083
34261,21.93458306309006
34262,12.47914678414482
34263,15.759486287454829
34264,11.416124465019898
34265,13.98186826547078
34266,16.46930563045462
34267,13.621724901947358
34268,18.648558187469227
34269,14.09600305741091
34270,13.155492788495591
34271,19.196089565319
34272,18.88858154603595
34273,11.44465499029209
34274,14.215310501289254
34275,9.601700691821964
34276,20.287437549757236
34277,17.76100740229672
34278,14.295965491620859
34279,12.868727975582804
34280,17.034830034346086
34281,15.990442406985299
34282,18.768941131731452
34283,16.05908938232973
34284,12.222845505116165
34285,19.07175159550821
34286,20.68339514345754
34287,13.19955468327344
34288,16.234368506707288
34289,14.732126389054121
34290,16.323693638587784
34291,12.581376378228885
34292,15.801799069014873
34293,13.05361354927038
34294,12.887241385951253
34295,11.254520080387419
34296,19.950102893189182
34297,10.64282478178541
34298,20.23005921410589
34299,11.711276690568532
34300,10.283430951412203
34301,16.827829107363335
34302,15.392224915332134
34303,13.275278210910106
34304,17.471207384639257
34305,11.91598633903854
34306,13.62611978387535
34307,21.624417575948662
34308,11.156930282708267
34309,16.341541903614086
34310,14.697353072686267
34311,16.1753452873984
34312,17.65568684225306
34313,9.07938342239455
34314,10.899954913729998
34315,13.614236879158057
34316,13.515134304910482
34317,19.788656823946106
34318,13.95931990937898
34319,15.74435158723313
34320,16.96735194975586
34321,20.41674963219712
34322,19.21178557405718
34323,18.30796721457635
34324,18.4684165927466
34325,16.3945088025378
34326,17.208663877252192
34327,9.847119286034335
34328,16.859100732718183
34329,17.25302178038706
34330,11.768724810944086
34331,19.499552399754236
34332,14.115057351623173
34333,14.444778765669986
34334,16.266541546167176
34335,12.128523696458558
34336,16.867295900675934
34337,15.235735335762856
34338,16.099227318685966
34339,13.844169200668068
34340,12.470911008398181
34341,20.195429326103742
34342,12.868059515879192
34343,11.09279992038135
34344,14.372002138210082
34345,13.02442766689731
34346,13.387616037411014
34347,15.813172738482352
34348,14.257940499545278
34349,17.871500170635066
34350,11.291227868082458
34351,11.877798913296129
34352,17.94264261419319
34353,22.31424991428169
34354,19.03186061535208
34355,19.992388773800027
34356,11.96838871302419
34357,13.131462117807285
34358,16.67730343373777
34359,16.98496593544845
34360,14.433346866147003
34361,11.792734812892487
34362,8.947580075414914
34363,10.479799543241052
34364,18.024885125184454
34365,12.648357696711342
34366,21.645656304728803
34367,17.264254171915567
34368,12.43634980333032
34369,14.397889995504327
34370,14.999480294404917
34371,19.905342553590266
34372,23.112981978419292
34373,19.49004083785678
34374,17.54547754852225
34375,19.39742653127803
34376,20.57068253758698
34377,18.700934155203147
34378,19.525536342911145
34379,9.855902657913182
34380,23.25699259483003
34381,13.901707666271752
34382,10.245862990351524
34383,12.54309265566008
34384,13.21748213623661
34385,14.802744256247054
34386,10.840085325740443
34387,15.214384039176439
34388,19.10713884832318
34389,12.726189700716096
34390,15.96754037687874
34391,19.674290429153537
34392,16.517310414093302
34393,13.003213017172543
34394,17.25185670192073
34395,14.771490746072724
34396,17.758829723943915
34397,21.044165812422648
34398,16.599381507341846
34399,17.22075442073615
34400,15.407265521048725
34401,23.266127581574025
34402,16.62853580890924
34403,14.730717294001957
34404,21.68929920147712
34405,11.90346227575082
34406,17.080603537041256
34407,9.861292646232267
34408,8.935491451075602
34409,16.678702291395396
34410,16.24818695455184
34411,9.778736631225524
34412,16.25799821210594
34413,16.007325978179157
34414,10.740852317899197
34415,12.707264554308686
34416,11.712819438731255
34417,24.370534717104753
34418,10.902486659173132
34419,16.697609581026903
34420,11.641892183115699
34421,17.567207235597785
34422,16.67041165465509
34423,15.311125208632566
34424,18.590130545448588
34425,7.962624704629162
34426,15.775589211116742
34427,12.153288393058142
34428,13.155743171482728
34429,19.73214143430426
34430,7.758246284798972
34431,14.77204952224291
34432,23.79497990736003
34433,10.053488487713956
34434,8.358257524127584
34435,15.53025328422702
34436,21.931602034003994
34437,20.21611091521786
34438,16.510309676778938
34439,9.50926167315913
34440,13.54916952243296
34441,16.68947946595003
34442,17.48094677724383
34443,15.637723496246425
34444,13.319329627919569
34445,12.042048313803058
34446,15.134757770873223
34447,13.597380188265944
34448,12.281683823241666
34449,9.5723636277602
34450,14.716748394005112
34451,16.320757239177887
34452,15.969115973087062
34453,19.96066884971863
34454,12.763693502112313
34455,8.280019456091715
34456,13.534530365284274
34457,12.093795442154505
34458,17.76167812161397
34459,11.187848229711992
34460,10.723593704660498
34461,15.53797249319987
34462,17.493121594941847
34463,15.6378120526338
34464,18.944478760135528
34465,14.36337836617516
34466,16.15955446940798
34467,16.632470198881286
34468,14.45588324798563
34469,18.556775412393076
34470,14.078201809225826
34471,18.35889088547931
34472,17.71333586664548
34473,9.584250735476878
34474,16.72356508693381
34475,15.36540240075964
34476,15.33160770310177
34477,16.374736647568874
34478,14.644178685020295
34479,13.512633058470696
34480,14.829478214620357
34481,21.057129935971645
34482,13.756168586254283
34483,18.86050375969392
34484,21.422605291645738
34485,14.212053488661128
34486,13.897831694177722
34487,16.108292585441987
34488,13.472888579425343
34489,17.714359361385505
34490,19.366626109591948
34491,13.311362678989749
34492,15.828629001691022
34493,18.575831808965248
34494,15.181402091260024
34495,15.970923907553809
34496,13.848666857231015
34497,20.368715057178605
34498,17.021991707662732
34499,18.383741856246033
34500,16.412808923217966
34501,20.196211198094655
34502,14.389504953574422
34503,13.635773612829533
34504,15.442467019839167
34505,17.089945039034433
34506,20.88194362887039
34507,17.132759357496973
34508,13.78028500252467
34509,12.31856541172563
34510,21.435908266520265
34511,11.661467624243768
34512,13.750273588343788
34513,16.513201720459232
34514,14.666178854908267
34515,21.55792395931341
34516,16.5661219555508
34517,19.440423752325465
34518,13.364902040081422
34519,12.458985235629047
34520,11.105698270696891
34521,15.725414272396163
34522,13.476244194599241
34523,17.050297844444792
34524,23.60261028099694
34525,22.799326726204725
34526,10.67062040824786
34527,17.189042128472344
34528,15.86144135054772
34529,18.441472228076265
34530,11.327324161090846
34531,22.25668879186484
34532,16.2425761114186
34533,16.136420188790954
34534,12.462162819467704
34535,16.125263719281232
34536,21.462476997503387
34537,20.966497778905783
34538,17.209576512559632
34539,12.94445239781951
34540,16.30873711638889
34541,18.037863822399384
34542,8.586644411988036
34543,15.95544148676924
34544,14.808894946827294
34545,16.86919114576122
34546,13.635735131953922
34547,13.378968056202329
34548,14.383449633150999
34549,18.246002245941526
34550,12.42636018909449
34551,11.693740132466852
34552,11.417771349849463
34553,15.466865380794216
34554,22.791296531756046
34555,15.788778865023756
34556,18.604911760228855
34557,13.790172253922591
34558,16.352460097797753
34559,13.881159306718768
34560,23.09237541602394
34561,22.36942731831752
34562,12.127404946584186
34563,10.476544827197152
34564,15.935837616065136
34565,18.76154324858986
34566,18.178793470312264
34567,14.100269770346289
34568,16.45791590453338
34569,11.382829826118
34570,12.86087656719174
34571,18.051172542850672
34572,22.408407932378935
34573,16.569950372694215
34574,14.938462860898742
34575,21.59396734604679
34576,17.608118630753488
34577,16.16973931037642
34578,11.6523954323184
34579,22.520413310688546
34580,13.569337949035932
34581,15.091755992195866
34582,16.898432991950692
34583,23.99879305801447
34584,17.012242342154536
34585,12.755128562146332
34586,15.879274667646069
34587,12.6108153533518
34588,13.417406381563895
34589,22.17169793585169
34590,15.733337825274928
34591,12.446940247000228
34592,18.80004870034433
34593,16.28211932534117
34594,18.858794168109135
34595,17.353215815827667
34596,14.798280112353293
34597,18.926537332369023
34598,15.968359677151593
34599,25.1292414723643
34600,18.114604069433568
34601,12.632384828928632
34602,10.832778709125702
34603,13.914100445785433
34604,17.351923060181804
34605,12.095496302793345
34606,13.3244043822595
34607,13.984460218962274
34608,22.406719965110526
34609,10.020020991283811
34610,17.358132495300936
34611,19.47111657939703
34612,9.92108567951679
34613,12.917631166598142
34614,19.01585706925187
34615,16.546938698910388
34616,9.593314481488125
34617,10.607642391511991
34618,16.51028454639398
34619,15.0445350834031
34620,17.063915818987482
34621,22.237735323176814
34622,19.693591952664523
34623,16.252338603333392
34624,13.529631644173085
34625,14.659199971181
34626,12.926144961053318
34627,16.695270344426255
34628,20.990528667612374
34629,11.72639740575055
34630,13.51358972048277
34631,23.637299770707664
34632,21.949964171060678
34633,21.038694682384786
34634,19.89006850841639
34635,16.390436450138253
34636,19.331215444623794
34637,12.206154593754476
34638,17.934017009735776
34639,17.888159187619436
34640,16.61707318677418
34641,17.356991840476756
34642,14.919273675578966
34643,22.72544846952517
34644,17.742067829531887
34645,18.62125617357353
34646,13.423045797872806
34647,11.606571689774139
34648,18.28520336183922
34649,11.83255962143021
34650,19.03718054691323
34651,14.70842573358813
34652,11.715626901708436
34653,17.04026427845226
34654,22.06152145783001
34655,11.662932176726759
34656,16.111864960380704
34657,23.762027065356122
34658,21.699440713967896
34659,13.497076222850051
34660,19.831138511623614
34661,21.603415416974165
34662,16.98128436683951
34663,18.1637725021155
34664,14.877600645276923
34665,17.48094578557299
34666,16.8068169798688
34667,17.95312126102023
34668,17.493454707086215
34669,14.950320285110617
34670,15.287060866374665
34671,15.259379489413957
34672,13.982099699980777
34673,19.474175336922883
34674,8.773704770283528
34675,17.28446752109216
34676,18.141361550622015
34677,18.47081067513605
34678,17.596436055868864
34679,10.91000908546594
34680,21.132684181724677
34681,13.92118607118884
34682,13.163499130029285
34683,9.18967466624681
34684,16.78490780444409
34685,11.558002617238065
34686,17.344401125337725
34687,20.977819022524002
34688,14.114043050560372
34689,13.087178884890621
34690,10.863523726045415
34691,13.973728091261812
34692,14.490182916934588
34693,16.56543540490552
34694,15.962466934551948
34695,18.18595044896862
34696,17.74787952078198
34697,12.960485213240617
34698,11.681574620553414
34699,11.204103507137452
34700,13.306950216282491
34701,11.642500232820566
34702,19.647106149303944
34703,11.960977855771004
34704,19.547554380251604
34705,12.76766724658522
34706,13.719735975149602
34707,18.722163440044927
34708,14.044551527651278
34709,15.099319091877325
34710,14.056379714135966
34711,16.752400088196165
34712,14.904598868596542
34713,15.220750489702638
34714,14.193610095942374
34715,16.16900714448377
34716,24.20120919574193
34717,9.885086138277543
34718,14.335980234308764
34719,8.604721418055977
34720,18.598324501587527
34721,11.53548876543463
34722,14.869062815199294
34723,17.830500141840083
34724,8.884912745093349
34725,15.056646336265118
34726,10.636212133334409
34727,20.1436699012132
34728,9.168228387461966
34729,12.528499721309835
34730,17.749349097782584
34731,17.514958099105606
34732,16.04017286065333
34733,13.651521445074668
34734,13.195667868081701
34735,11.536957839868075
34736,18.155264759595845
34737,18.752947615287148
34738,9.490819296680634
34739,16.83981770865376
34740,13.425693760371155
34741,12.108161121345553
34742,16.775124122219758
34743,12.691053120732823
34744,12.419902360190987
34745,16.219470668403282
34746,9.280179604372522
34747,16.558496278709065
34748,14.113686569782475
34749,14.507689454818046
34750,20.475668928940756
34751,16.016717351712714
34752,11.717334788562077
34753,10.511207999584482
34754,17.507308674307318
34755,15.235687161961673
34756,13.145039932118587
34757,17.189645202388377
34758,11.828567595229387
34759,11.70498203604787
34760,15.166297127849818
34761,9.838323454211302
34762,18.60229743839625
34763,16.772287110322047
34764,12.582835744245898
34765,10.33986685288945
34766,15.862395600182824
34767,12.983276097697447
34768,16.519958045733944
34769,17.981666575503606
34770,16.8977326590784
34771,18.336138048661432
34772,21.54989764263088
34773,14.260643509015434
34774,17.53288429644175
34775,12.277736880413203
34776,20.346060557945187
34777,18.704487710462327
34778,14.346638815455204
34779,11.881214641689871
34780,8.04202893109103
34781,14.456000260660105
34782,8.708639893148753
34783,17.60691816435874
34784,20.61532461256569
34785,17.08260980722457
34786,15.982417155942438
34787,18.42202847599184
34788,11.684835232558253
34789,17.26147588553571
34790,17.824341039997577
34791,17.862805862992694
34792,16.446507943227303
34793,17.451760260498908
34794,15.261985043990933
34795,13.689039273547365
34796,12.080534882702718
34797,19.495751806430903
34798,13.521632005261457
34799,10.179496543505177
34800,14.203270709712477
34801,10.063110491060108
34802,18.405297361267355
34803,16.844974240052565
34804,18.56433290889941
34805,14.047071560483108
34806,16.56108086795821
34807,23.662356486427363
34808,12.472835994185253
34809,19.081568373587317
34810,14.00496085271661
34811,15.32940859568137
34812,10.29437307701058
34813,13.822506564458015
34814,21.08720368626545
34815,15.13284196298782
34816,13.79373511526735
34817,17.74972360739784
34818,14.9886884072211
34819,12.74247684993125
34820,15.089974330046644
34821,20.39507731894901
34822,13.314860556840383
34823,9.853185799684484
34824,17.68847621254401
34825,16.843882204454204
34826,11.061262145916153
34827,14.565828748556326
34828,18.070433976545736
34829,18.877225148499704
34830,16.755762393317124
34831,15.702637764479874
34832,13.908141639409656
34833,20.754265236840343
34834,13.874882614776478
34835,17.160996094443256
34836,15.966128798361018
34837,14.971102051828083
34838,13.380029942842945
34839,16.305184538437068
34840,20.371374102931725
34841,13.764787144979636
34842,12.160821578456865
34843,18.131842360788802
34844,16.79082984275601
34845,22.271027521368275
34846,16.66868831888198
34847,17.73872545595328
34848,13.562181596258704
34849,15.884925381277636
34850,14.458014500579893
34851,18.490089144561562
34852,18.274725583141482
34853,19.401527274692864
34854,16.543508128530487
34855,18.240280548204524
34856,12.846163732507371
34857,11.717072396931522
34858,18.422986697734984
34859,15.842071496973062
34860,18.9710315319536
34861,17.56068395964811
34862,13.253608000754003
34863,14.416253599506327
34864,14.9748007062563
34865,21.436488226004116
34866,15.45478429041591
34867,17.79651543095298
34868,19.403490211110388
34869,15.178746222670338
34870,19.58409602430428
34871,13.597704033336095
34872,11.138866871220992
34873,13.700442266091072
34874,12.177281585840419
34875,17.01555747439911
34876,16.97108725619014
34877,17.618264256859568
34878,16.347980780090115
34879,25.03059065509943
34880,16.834761408710634
34881,13.99861453014796
34882,19.413719764280152
34883,11.917559994432933
34884,10.091675228463295
34885,17.833012488468114
34886,17.046233295015945
34887,14.900073758684163
34888,18.657773979259524
34889,13.020372502710698
34890,15.522887294895465
34891,19.454990263674055
34892,9.586292183168217
34893,14.546678810899488
34894,15.783625332190022
34895,17.987951228827917
34896,17.604602230358708
34897,11.399571586257368
34898,12.342818187133107
34899,16.322437710314624
34900,17.05284105538446
34901,18.89397325988994
34902,15.187375824902881
34903,10.990632473559769
34904,24.333176459921695
34905,9.513598293656226
34906,12.764583618737166
34907,10.354939427312434
34908,15.482093247328168
34909,16.112434647244427
34910,15.52730714039605
34911,20.40645819812263
34912,20.488160244271555
34913,12.344145373048839
34914,18.972549112333034
34915,20.159902116519902
34916,20.350405913745377
34917,16.15617732097264
34918,21.138340518201495
34919,14.77776806944299
34920,14.12583774167175
34921,18.431186675627252
34922,12.44158258924527
34923,14.251632882164715
34924,16.14489304174861
34925,20.933090539161785
34926,9.493057114793203
34927,16.71560464745543
34928,13.426957158914984
34929,13.086924230953949
34930,18.642155397520355
34931,14.230154815661297
34932,10.340746770915885
34933,8.026119703304353
34934,9.49992095806102
34935,16.24692088086055
34936,16.493526855132387
34937,15.891200611287209
34938,11.267488437941598
34939,15.086338201393456
34940,14.938715039889692
34941,19.429972310316344
34942,12.058860271400096
34943,11.966441217098
34944,15.540989600298884
34945,18.254151323377513
34946,13.927521743604453
34947,15.983857162698357
34948,14.633151195301107
34949,17.345511507486243
34950,13.313047585693623
34951,21.113783543112284
34952,13.418159844823197
34953,13.537825235245375
34954,18.73577748345653
34955,9.07192504804245
34956,14.193260279295355
34957,17.253447934291373
34958,22.404880810936014
34959,11.616598663045647
34960,10.221908647247858
34961,12.946169384965394
34962,13.786856592834468
34963,15.931635697656274
34964,14.471196140237591
34965,11.959485250962581
34966,15.729831682434247
34967,13.921835303302963
34968,10.695105993302297
34969,19.20736759071395
34970,17.83430749925516
34971,15.458074435454629
34972,13.368668096106205
34973,14.434913417967458
34974,19.19858825091677
34975,19.68629889373154
34976,13.065205324118168
34977,8.377873414395387
34978,14.612849520913368
34979,14.234783120636374
34980,21.523908360333856
34981,9.31584029633083
34982,14.255779135181763
34983,18.153092765853586
34984,16.861153766498354
34985,18.9476919325173
34986,16.428347125176998
34987,18.13840553391218
34988,11.635981412199055
34989,18.324804732633673
34990,11.547490317353006
34991,18.266539777161043
34992,15.534607999507097
34993,15.757380125873455
34994,12.273651720662107
34995,17.6430397893969
34996,11.438175495993804
34997,11.1794472061728
34998,15.513778823059083
34999,19.85904079724921
35000,12.483190385225988
35001,13.845265349019733
35002,18.855806567861723
35003,13.390524788107003
35004,17.007541936323342
35005,16.834644869002187
35006,7.843425713006501
35007,12.279193581753562
35008,12.838424077686323
35009,19.216471100802934
35010,14.531180752368682
35011,14.218608584799783
35012,12.406623218149987
35013,12.973451072021845
35014,12.338829223217415
35015,11.333661789281111
35016,15.146218599673393
35017,14.93188118551396
35018,15.794969238874037
35019,15.516988599232572
35020,17.139725855436517
35021,18.03214180645847
35022,19.069406535596926
35023,16.532645685248816
35024,12.990484947752725
35025,11.917238555201248
35026,16.133626273642307
35027,11.629395203472066
35028,19.513817512781735
35029,16.19604840262719
35030,18.250275906271156
35031,18.310257244396798
35032,21.476177900132893
35033,15.188998114297451
35034,19.746423106041405
35035,16.905360395054227
35036,20.473825084574287
35037,15.825721379612052
35038,14.087036372772618
35039,17.255131558312232
35040,14.056670352074343
35041,19.38379717701155
35042,18.79273980720138
35043,17.342337630208448
35044,8.515712955121389
35045,21.723711668558153
35046,15.210539998084483
35047,11.922607905877136
35048,14.589260238716175
35049,18.198228498329584
35050,12.647025294894686
35051,17.096865304914928
35052,18.384654774029052
35053,9.565347596416025
35054,13.351162561018558
35055,12.206420678272586
35056,18.349805742958765
35057,19.215657799107774
35058,14.38777679469035
35059,13.47467753617746
35060,16.1831181500716
35061,13.372796509511886
35062,18.765455399647806
35063,21.386051690104622
35064,23.410463238909415
35065,13.04103689820217
35066,14.314091313180167
35067,8.809784825152217
35068,14.026287198555902
35069,16.49544368632026
35070,13.229038693441613
35071,18.278385139436846
35072,12.29906236608856
35073,9.411798503369482
35074,15.989368874891937
35075,16.897373753516202
35076,19.49507137735921
35077,16.07645720338097
35078,12.490222568628422
35079,13.885147257122078
35080,15.887411959464716
35081,21.741837595641016
35082,17.920186140433568
35083,21.673115574274135
35084,15.26218487545587
35085,16.137447507126367
35086,12.077038214483284
35087,21.629147519117154
35088,17.686870665624568
35089,12.97831249916567
35090,15.383842020978335
35091,13.511217307096455
35092,21.843809352593233
35093,10.298361001880417
35094,17.110031849211985
35095,20.149906450851375
35096,13.92281086499642
35097,12.100253540751245
35098,10.017151996096047
35099,17.738516190625525
35100,16.68071268481896
35101,17.33329587106666
35102,14.615983425959557
35103,16.749829104955094
35104,22.968145037601907
35105,21.646126688985724
35106,12.279083200932082
35107,16.505073601046547
35108,15.859931196315268
35109,12.602178808677696
35110,16.600581249154775
35111,15.843034370832788
35112,17.867835474171343
35113,12.006741715595881
35114,17.166737142186104
35115,17.00398916417445
35116,9.897627294788624
35117,11.516724459369286
35118,22.70815652858184
35119,16.128109048181727
35120,18.10956371657933
35121,21.72423782415988
35122,22.229213022802945
35123,15.697308954602525
35124,15.129199133159865
35125,9.729777295662682
35126,11.543435721350875
35127,15.439086380487016
35128,17.442196618595894
35129,16.182311284315674
35130,10.435136925058547
35131,16.869759783819628
35132,12.527919026206582
35133,17.644993146158647
35134,24.90270791850775
35135,12.81748471737967
35136,18.24230657773711
35137,16.114258471974136
35138,16.434195645201456
35139,17.98456275234799
35140,20.502460289752406
35141,14.083192147146603
35142,18.63946996437698
35143,14.239663963825912
35144,17.481059848431556
35145,10.75335249625149
35146,13.928015639163158
35147,16.43283582757823
35148,20.221600784568132
35149,16.97840360976889
35150,14.731107519759972
35151,19.204362484538702
35152,10.324429086365612
35153,20.472955468047054
35154,13.457757039023516
35155,14.528069835802757
35156,21.494841322856658
35157,9.22352943224384
35158,12.135978085030084
35159,17.9599662802056
35160,12.834659749363139
35161,13.822618133360477
35162,11.576233156372727
35163,12.708587937540203
35164,22.807101670453157
35165,16.468349772712187
35166,8.552062070086166
35167,11.277957361585209
35168,20.634647444908808
35169,8.804886847900251
35170,21.523476330139736
35171,12.97291007912371
35172,20.431737978055786
35173,21.818873225855018
35174,15.310936748675584
35175,16.978521751101056
35176,20.419957558299657
35177,13.020338201730848
35178,23.035341030949652
35179,15.639737177484399
35180,10.948525611876589
35181,10.899216578042957
35182,18.129759991934662
35183,11.13967983556621
35184,17.230522972726966
35185,14.393856464513618
35186,21.254613445555705
35187,16.838096742694866
35188,18.565328905121063
35189,13.22750185663618
35190,14.572123552553888
35191,15.268279658892434
35192,13.34375063156542
35193,21.659825428116232
35194,16.067543412938075
35195,10.382949283827793
35196,11.576038518870366
35197,14.656158245317178
35198,12.924027896319613
35199,13.129304818467261
35200,16.20080131786772
35201,18.506890531840284
35202,22.52592238195878
35203,21.30591803345559
35204,15.850276907512223
35205,12.90899069834909
35206,19.04146650626132
35207,17.20655915855849
35208,11.45478063463019
35209,13.873145598112279
35210,14.297778940245738
35211,15.22536238089449
35212,14.770125310803973
35213,13.626585701535033
35214,22.58421362338573
35215,16.918131954398994
35216,17.31211952852797
35217,12.478528670756546
35218,13.767110115734573
35219,19.52314685960139
35220,16.608715293354578
35221,11.768338544918915
35222,16.572476180132284
35223,12.683505864406618
35224,19.511036046950963
35225,12.79849285339581
35226,18.138864265222466
35227,19.520849651939365
35228,15.46603633744602
35229,20.7525464082861
35230,14.029846152018335
35231,14.419601375853382
35232,15.98679118895312
35233,14.473494721572939
35234,15.41877877439333
35235,16.93390338418428
35236,16.227295293955564
35237,19.874680314870453
35238,17.157117758157305
35239,17.496189616227312
35240,13.741601582472747
35241,20.091039102010576
35242,16.830990977168632
35243,12.01062442410736
35244,15.974998770794361
35245,18.890789646480435
35246,22.62650054353412
35247,22.780638127801915
35248,12.131845641382677
35249,18.135092805087467
35250,8.935334113954841
35251,18.59921642571492
35252,13.619626027530227
35253,18.11237884607612
35254,16.34530812108661
35255,16.110178605481757
35256,14.085823957618604
35257,13.372639408411521
35258,19.768746465071274
35259,13.95924115118552
35260,13.49156478621908
35261,17.02216024236988
35262,13.62913529519016
35263,13.167997632979931
35264,12.776886938138185
35265,17.23996049889125
35266,17.546626705441597
35267,12.86047077560507
35268,14.722349628668466
35269,15.366953125970214
35270,13.09292073592282
35271,11.887143782020452
35272,12.969237176398554
35273,11.47830988135468
35274,16.300427912533166
35275,9.582012629929384
35276,21.04654039953685
35277,20.287061833009425
35278,19.588208029684516
35279,11.43110958521244
35280,13.893860728437478
35281,16.677880988117252
35282,17.972768219317533
35283,17.235182322994277
35284,10.216207355626459
35285,16.82985564538997
35286,14.422274079033864
35287,11.736294723582446
35288,16.94165081159108
35289,15.58762019219658
35290,12.107155431615721
35291,14.286153253413637
35292,21.448243895583005
35293,14.54360009281797
35294,21.95157636953028
35295,17.008674502476232
35296,12.215407244132077
35297,16.623247339737354
35298,22.150183180048053
35299,11.707458453522644
35300,14.317510045435249
35301,16.86435016990329
35302,17.958459517770475
35303,13.805591483835299
35304,17.885510433559794
35305,10.642585309375303
35306,23.880990544452573
35307,16.564995209648572
35308,19.99214273417514
35309,19.765450170087995
35310,14.370447163098106
35311,15.773697425653422
35312,14.988928766403898
35313,21.37607597833516
35314,15.146621236826995
35315,18.523847029732064
35316,20.338320070634758
35317,22.943145841453365
35318,14.437372177298842
35319,17.038564833416192
35320,13.28240090478184
35321,19.944194410160996
35322,15.541742331581519
35323,15.896173552170225
35324,10.851019899615135
35325,17.643112743000508
35326,20.273254798560338
35327,23.075767744974385
35328,14.242238130298945
35329,22.21173009416364
35330,13.46650648032579
35331,13.70307436092044
35332,18.348386096466577
35333,17.92345352494702
35334,15.919598758808739
35335,10.322711101018692
35336,20.257512912023657
35337,12.938705999463929
35338,15.803961544782807
35339,20.671525782884785
35340,11.145557122947015
35341,13.54488554146368
35342,19.384066071734907
35343,10.549188650973345
35344,10.188435141049686
35345,19.17334708969789
35346,13.805821995537023
35347,10.279059205022914
35348,11.599673432439289
35349,13.158751425529854
35350,14.747415078635257
35351,14.43372123223254
35352,17.30576680059825
35353,16.086560802051913
35354,15.477896464621274
35355,18.93232622940277
35356,12.036332625018922
35357,14.800795580037251
35358,15.183562147048717
35359,17.24326140339697
35360,13.990296287219982
35361,14.494922345824747
35362,16.259462046932555
35363,19.33906370587156
35364,15.792425561879975
35365,18.087650441370684
35366,12.570297005223875
35367,14.693398314038214
35368,13.525300763605067
35369,12.79708507077089
35370,21.008223633969727
35371,12.04018963221277
35372,18.914871271560834
35373,15.943365336741433
35374,12.947267241420573
35375,12.851814204974616
35376,13.27733806485895
35377,16.44280447123924
35378,18.37060135116326
35379,13.405139991332982
35380,22.773413762462653
35381,14.334769057627742
35382,16.958395010522118
35383,13.931851718544161
35384,16.084419240672617
35385,18.46647134370489
35386,12.912292103413677
35387,14.20507649197128
35388,12.374990770944107
35389,11.390763334018072
35390,16.798950672815323
35391,21.942084361979916
35392,12.43384968719321
35393,17.13181588758838
35394,10.797102666160079
35395,17.35043267939794
35396,13.40339763802247
35397,15.783328172489446
35398,16.04935964074766
35399,13.80473829247568
35400,11.28346322934571
35401,15.514274603850922
35402,19.346508488212528
35403,13.393843962313507
35404,11.140237436466588
35405,20.915837784807316
35406,16.178548976163228
35407,19.491319705739983
35408,23.824747437907376
35409,17.38595269180795
35410,20.17934741164955
35411,19.70074921006309
35412,17.10464385925772
35413,14.682994727854343
35414,18.532982130863157
35415,14.82678097517194
35416,10.718400492294455
35417,15.894524994372615
35418,16.0700114418345
35419,14.043062750043793
35420,14.659884725886608
35421,15.284747583084897
35422,15.55938228764409
35423,17.453084233742395
35424,14.805911344150914
35425,13.739227066124567
35426,9.836887124611138
35427,14.359617668485345
35428,14.194284948201087
35429,18.01969825376424
35430,10.82591396509527
35431,16.128477274349045
35432,14.479818846793318
35433,16.62527102203383
35434,16.36718368417194
35435,20.846356247457003
35436,18.148720149776686
35437,18.487053553033558
35438,11.463960213486747
35439,13.562878756675186
35440,13.875746683956692
35441,17.81040843821571
35442,17.889411794515375
35443,17.269108731316557
35444,9.14738972949391
35445,18.06311068542903
35446,18.926602179691706
35447,19.197982952627616
35448,14.373167461605355
35449,14.225023028881912
35450,17.623455698320136
35451,15.31566436281295
35452,16.438609631776213
35453,18.663996114848807
35454,17.451306325480132
35455,13.997633661098927
35456,18.394652943236643
35457,20.478927487276742
35458,15.815461049897337
35459,12.324681930207634
35460,14.457998046418155
35461,22.150603394019598
35462,15.481154694303136
35463,21.405309190677606
35464,22.66057470420367
35465,17.2865523685577
35466,10.722644005924849
35467,17.586077832410126
35468,11.855533793226108
35469,14.915967098213907
35470,17.2725479247337
35471,13.542797615132208
35472,18.12069044228415
35473,17.46469745978466
35474,11.668458290114788
35475,13.625728549950026
35476,15.62755811468593
35477,13.616121262289697
35478,15.752237756938424
35479,18.430167264885377
35480,13.40131693136424
35481,12.630626705741847
35482,17.56017660003909
35483,19.622290894743166
35484,16.048516725507678
35485,17.5286539819593
35486,14.821239876323066
35487,15.48119312750905
35488,17.330815569106917
35489,16.254750790327748
35490,16.93943492332226
35491,13.647546501731048
35492,20.866010471119395
35493,13.540237925567144
35494,13.836446128074908
35495,23.650957909068445
35496,11.676187777876384
35497,13.065322639381723
35498,10.105679170656277
35499,15.0045997176122
35500,8.723433059862138
35501,15.118178120085819
35502,10.838678593842538
35503,17.748333565548236
35504,9.650199801114578
35505,21.224881701548604
35506,19.118009600514707
35507,16.281472280292938
35508,11.47659330172412
35509,17.59122094761438
35510,14.853966130832019
35511,13.335757836276171
35512,18.312638962467872
35513,14.87765222438067
35514,17.764403541071793
35515,19.15837068761043
35516,17.870919344607046
35517,14.592978628459862
35518,16.840697121266196
35519,17.34962968824825
35520,18.282237071946177
35521,15.812050576382854
35522,21.947998913618548
35523,11.65524009948059
35524,17.48913010570751
35525,18.409323742605363
35526,14.43741524254195
35527,13.662950958181783
35528,15.418617781816874
35529,16.377966753393505
35530,23.581289563882898
35531,17.698552298149586
35532,21.44815985127388
35533,15.85921625583153
35534,16.101979413217478
35535,19.1196061203268
35536,12.867127913628888
35537,15.716882311671107
35538,9.756176070771767
35539,24.64143683131045
35540,17.512893351914165
35541,16.216804224021445
35542,24.93844894151102
35543,21.36824909647865
35544,17.559185298470084
35545,17.460785205982997
35546,19.894447133911704
35547,18.56160679177313
35548,18.13719560372791
35549,12.009648769761956
35550,16.086849677763738
35551,12.716235377740627
35552,15.193554533259867
35553,9.770914353502988
35554,15.515773000415892
35555,18.989605252834153
35556,15.564466466394482
35557,23.968033182496924
35558,10.016335837194335
35559,17.624291101264184
35560,21.076986020758582
35561,23.92646433880099
35562,15.408876246387928
35563,18.090035519600693
35564,15.673357189316592
35565,18.983986731715937
35566,8.864915622343606
35567,21.251063886305978
35568,14.81824174757541
35569,20.77913296140707
35570,13.775164027297903
35571,21.075433218135124
35572,12.671312766925771
35573,23.5379870898336
35574,18.047026809490472
35575,13.282440197026677
35576,11.19689909381426
35577,11.84061553273611
35578,12.213858298082892
35579,9.113931735168492
35580,16.64004698377203
35581,12.2719902261935
35582,17.658158774103114
35583,21.91636551645368
35584,17.235345968867556
35585,19.015036066890165
35586,16.16409049845849
35587,19.524864596011128
35588,18.165116943656727
35589,18.429138799257736
35590,16.409738827198495
35591,18.29871870803792
35592,14.364543230860072
35593,15.362715860496193
35594,16.034273896594765
35595,12.990653427435445
35596,13.142475851588795
35597,14.820105829774292
35598,11.980824330132032
35599,18.97406607201426
35600,20.73766790237615
35601,22.823341992642305
35602,21.725411620161935
35603,17.188848807567442
35604,14.04130379116056
35605,10.971412501707547
35606,20.43892650822965
35607,13.763853336515494
35608,15.572429443510758
35609,14.138626795277773
35610,15.624742872457599
35611,16.13916875186219
35612,18.276832603753284
35613,23.203526462199562
35614,11.307959485874024
35615,13.171094662164528
35616,16.025975392038294
35617,16.995585095495755
35618,16.743421759607408
35619,10.174869761850314
35620,19.346155330875618
35621,16.186766660663356
35622,12.755393331182246
35623,14.6681546049707
35624,10.068682558682738
35625,17.48504242231023
35626,19.59253194218455
35627,17.46794519137893
35628,17.563870747199715
35629,18.25987090821295
35630,13.574620726188325
35631,17.745067999737607
35632,15.697621691784903
35633,16.22709409877414
35634,10.831010078765976
35635,18.059253346201054
35636,15.12308566660198
35637,14.368287366750119
35638,16.979844557650033
35639,20.289532795012228
35640,19.113059299206682
35641,13.29818953525769
35642,15.581326034815518
35643,15.25138195335355
35644,15.919212291759257
35645,15.798520612158658
35646,16.113419220288787
35647,14.75442716040858
35648,15.500905811164813
35649,17.00232551599497
35650,8.592997677902995
35651,15.656144664365765
35652,19.589376973305235
35653,16.467892913669452
35654,18.418810455625334
35655,17.055931419444043
35656,15.807975998234284
35657,22.39695997639229
35658,14.78015901178343
35659,12.793271455312127
35660,9.680462000249346
35661,14.407680369501753
35662,12.824516097878035
35663,18.973177958089302
35664,20.664544103765422
35665,15.454318768586885
35666,14.081341668132845
35667,15.728137517550769
35668,20.129193311099435
35669,11.354073654321702
35670,14.011713739381724
35671,19.45037679895608
35672,15.302678444566132
35673,14.091372027395161
35674,15.962532452000383
35675,14.799595636512231
35676,10.941888684745138
35677,14.298616922128339
35678,12.622665158995215
35679,22.820132030218296
35680,10.073993779321139
35681,17.57899571442092
35682,16.420911535275362
35683,17.041486055638757
35684,16.926314869628698
35685,22.705382405342405
35686,16.23670731893558
35687,16.869469542566513
35688,13.491682267534674
35689,13.88298008949357
35690,21.34070910014872
35691,16.57367016515403
35692,19.88563475622442
35693,15.356597973198102
35694,15.216211454515582
35695,9.801192509131905
35696,13.764851393608504
35697,17.857250191049896
35698,16.582886156357553
35699,15.434569638740895
35700,14.239443087682622
35701,11.660570277362654
35702,14.927820323727897
35703,12.515219648753929
35704,14.18695391613395
35705,16.405859168693176
35706,18.05070691328389
35707,13.727369282836312
35708,17.012429693622984
35709,14.485692401042815
35710,13.859016399805203
35711,17.60497941710222
35712,18.558512636867583
35713,14.798065673847544
35714,14.037420793772991
35715,11.677284661086924
35716,16.3322716709502
35717,12.101234560055902
35718,12.216632838691389
35719,19.447639750107363
35720,16.50673466437108
35721,19.778656232775276
35722,18.93095140317795
35723,20.330394772535048
35724,17.026353003713396
35725,16.488199632880793
35726,17.197309257681322
35727,18.850371208135424
35728,14.987294958925194
35729,20.85878869607084
35730,13.208813512558988
35731,22.41675662553105
35732,15.562054186527831
35733,12.567161691225127
35734,19.09683546634959
35735,11.830723795706927
35736,21.42896057176574
35737,12.613279731576093
35738,15.901061656065322
35739,11.903452513400993
35740,14.89390242626876
35741,13.398847091547712
35742,16.921913612319806
35743,17.334099525584886
35744,15.724633706002084
35745,22.20931697110197
35746,11.397090420836122
35747,14.350978420729755
35748,17.19936202372861
35749,14.838207255147502
35750,14.598439995081497
35751,10.004680430416405
35752,10.921513300047113
35753,20.17447697116462
35754,19.23275597998031
35755,11.846093019733871
35756,20.202199812949715
35757,16.644462125981534
35758,13.908032189650575
35759,11.752163915185507
35760,11.021152584477974
35761,13.419168438697053
35762,10.930897640168999
35763,11.966638424189991
35764,15.50311543776093
35765,13.789891326179756
35766,19.593307944436724
35767,9.60981685979132
35768,10.855582691395758
35769,14.875304852221108
35770,14.766756313227658
35771,18.227394084620848
35772,15.874670559194387
35773,8.410379269760218
35774,15.328734094670068
35775,16.437199403902767
35776,10.610373711863687
35777,16.268659424743028
35778,16.94008034810752
35779,11.81111125050062
35780,17.386311607016886
35781,18.791882031337604
35782,14.319559778134247
35783,13.339929867203013
35784,14.438521026622118
35785,10.67973463697482
35786,15.936051111624709
35787,22.560375319419087
35788,10.344789086679675
35789,11.49858529869087
35790,18.833890314303098
35791,14.393401806419304
35792,13.134420166378252
35793,17.984602501293374
35794,14.04570054777918
35795,19.629010771224532
35796,15.055007997792558
35797,18.46813436478687
35798,14.718428216880396
35799,11.960781191590023
35800,19.081662473238175
35801,14.682532614358157
35802,19.48966366744982
35803,12.288768033591758
35804,18.399403543511394
35805,16.909244750220886
35806,16.54805323162357
35807,20.15922076119945
35808,14.35764119377342
35809,12.97040559701692
35810,13.420605755576624
35811,10.900038850261684
35812,12.455239302666136
35813,17.466444520049606
35814,10.653629794391112
35815,12.408326515347921
35816,13.434039381841263
35817,9.277915341631518
35818,11.085322669344448
35819,16.500997280552582
35820,17.557924547000837
35821,13.711231219607512
35822,13.773610598945734
35823,13.486731029780564
35824,15.916548683132266
35825,12.082673295532267
35826,16.033503852523495
35827,16.93725706740574
35828,10.739496956301746
35829,15.10411323790569
35830,18.49773018701037
35831,16.69902669114453
35832,17.1043205479518
35833,15.545704866813741
35834,8.246705594269102
35835,15.90612803576667
35836,15.493433007070863
35837,18.94976101055049
35838,13.653124849494851
35839,16.39587223744219
35840,19.784643253287815
35841,15.604494475209957
35842,11.829259920151568
35843,15.802942703470409
35844,11.360134261260047
35845,12.150688193103822
35846,17.564011934052207
35847,18.57926348055198
35848,15.170296319522672
35849,20.128586011988975
35850,14.858853768254237
35851,17.095768731994447
35852,12.791385826597587
35853,17.476077561858204
35854,18.000247507754654
35855,9.84114426708597
35856,10.552893948516159
35857,10.977295550965303
35858,24.31647461466668
35859,9.349572784044918
35860,11.398413598207052
35861,13.182101193255123
35862,22.320602314529665
35863,11.79281465736287
35864,15.415672432525538
35865,18.78384786251968
35866,16.16216107361883
35867,19.37436661233715
35868,16.986301845680515
35869,12.057458626862
35870,22.509395561609807
35871,19.516778174817006
35872,13.725825261554693
35873,16.103245521057083
35874,17.07575798751708
35875,12.415764077950715
35876,12.155260400461342
35877,16.179388572027563
35878,14.635544092115474
35879,12.556986636077065
35880,13.961485314039281
35881,14.351572124484349
35882,19.84432244732728
35883,15.363803668763088
35884,16.70519115024917
35885,18.081299938453895
35886,13.35293810980454
35887,13.30479474961455
35888,15.78230425951143
35889,11.457597117240352
35890,18.9263389769244
35891,13.498217432896976
35892,10.178054592621255
35893,10.340898289733271
35894,19.37251243465453
35895,16.250104792444304
35896,18.592669625532867
35897,21.236795983617313
35898,25.327078994905655
35899,15.381697508174907
35900,14.663020860311278
35901,9.272920919990693
35902,13.624656009324703
35903,16.204851396054785
35904,9.79290643349972
35905,20.04379854980774
35906,14.498398943472978
35907,9.684744052837713
35908,15.926033292750132
35909,19.037305992517076
35910,14.949474559975705
35911,13.659127881328232
35912,12.711590686373912
35913,12.0572209689545
35914,20.329409497961628
35915,12.855772182228716
35916,11.483439273949404
35917,10.151672916625573
35918,10.902879076000406
35919,14.879627800870011
35920,13.071515992790737
35921,20.14205386229382
35922,17.05739761671616
35923,24.216632699229542
35924,10.187256125585481
35925,16.57131272706324
35926,14.101285522592752
35927,13.531868740390335
35928,13.574737049311697
35929,13.454357084645617
35930,10.212169578002381
35931,9.224674377116575
35932,15.42093956698644
35933,13.187295223736712
35934,14.527271242253516
35935,16.977706872279867
35936,15.264823708936017
35937,11.354336686871157
35938,12.893871480915763
35939,14.714815816619822
35940,13.2695839279171
35941,13.483563939877742
35942,22.224489319059053
35943,14.67107956295247
35944,18.51359934974053
35945,13.177203656728542
35946,21.310667422694017
35947,10.787386708865302
35948,18.180746300202507
35949,18.984859067729218
35950,11.59218811376317
35951,17.3468229034565
35952,16.957290579106285
35953,15.612774725725528
35954,11.992995897379705
35955,9.70929010352137
35956,12.375267593881231
35957,15.676582101701678
35958,23.93276719940487
35959,20.32710453342083
35960,17.658487421495465
35961,11.13927103635185
35962,13.95385790146358
35963,15.420960510813472
35964,20.922599128669383
35965,19.825844537808145
35966,10.922387668392275
35967,14.345664355869209
35968,19.203456611889937
35969,15.285810063141179
35970,12.890865206273705
35971,19.52407521872268
35972,12.787954846657591
35973,14.014564757901
35974,10.018100271834316
35975,18.286699109837087
35976,18.139383118221744
35977,19.3311947615734
35978,19.70033563594331
35979,19.37937494530847
35980,21.98467436281401
35981,13.059943840829373
35982,11.558631566107064
35983,15.23970981673979
35984,16.613962615298874
35985,19.539569185128713
35986,21.635466358527133
35987,22.827115672396125
35988,16.3183719785994
35989,18.158285681205555
35990,17.73340042247488
35991,17.36176225119855
35992,10.528018179650601
35993,11.694328336379344
35994,16.41548410864393
35995,9.960797667618497
35996,9.56296759982116
35997,12.663956260836326
35998,15.834833881748244
35999,16.93665369190575
36000,19.078936968165365
36001,13.630003268133741
36002,14.004439045528478
36003,18.066354866846595
36004,18.668559201798505
36005,20.732674318780603
36006,20.883277171503167
36007,20.069145317297902
36008,16.11032174663193
36009,24.33091709982815
36010,11.075825355676002
36011,14.382578724436165
36012,13.743203635195925
36013,16.993915503906102
36014,13.095323343605095
36015,15.216675478844705
36016,20.254471077320105
36017,19.27546261159145
36018,10.919882511542111
36019,10.733780460635948
36020,13.634306251366262
36021,16.338011561568997
36022,14.521797134932928
36023,17.4134569557538
36024,14.131164295407357
36025,13.729918125620397
36026,18.723100721290255
36027,11.933751683229273
36028,16.576754588157115
36029,14.227750918545949
36030,15.223508358298785
36031,16.7805852276296
36032,12.243625668631614
36033,12.676410031169599
36034,13.911842808356997
36035,18.36021664625997
36036,12.935649534941692
36037,13.37914356871902
36038,19.258972966078808
36039,7.87012017301653
36040,17.35665318468383
36041,22.22425519269632
36042,14.677530113560605
36043,21.058237787280166
36044,17.80282916296035
36045,12.763233511753885
36046,15.720388629771266
36047,18.599582170655026
36048,22.03724414381709
36049,10.264362824277459
36050,17.650248938646655
36051,14.802306883317765
36052,13.972993300788916
36053,15.147756075539698
36054,18.266000087406226
36055,17.374852002965383
36056,9.484923268625638
36057,12.486537820700686
36058,19.11203595207204
36059,14.659922080473807
36060,17.268521200751657
36061,16.82508336437452
36062,14.43062779131659
36063,15.223595974354124
36064,8.957414026424162
36065,17.01538885636097
36066,14.817664449846118
36067,18.75325841325993
36068,14.973150367082273
36069,16.438807237761047
36070,15.735636738071443
36071,8.736645666314582
36072,16.413036081040552
36073,13.606792196906046
36074,12.799560760350767
36075,14.025656182454863
36076,12.257683897368864
36077,12.831838550023003
36078,16.765666253829426
36079,15.605167420292714
36080,12.217374993817824
36081,20.715346170505967
36082,11.070805955649492
36083,13.278781537690579
36084,16.55330095807178
36085,18.028201116279597
36086,9.791538330025201
36087,16.31163964587393
36088,17.912859692865833
36089,15.7372598728709
36090,8.576032297250826
36091,13.29993333601434
36092,14.288217304763966
36093,16.950108852781696
36094,12.672853869622925
36095,20.382873894859504
36096,15.413352853137877
36097,13.98411294328883
36098,17.67382253842377
36099,9.767175583654021
36100,11.413511751992743
36101,20.663232734269883
36102,10.308220832119042
36103,15.195216515529138
36104,14.073111809710538
36105,16.7168867491947
36106,11.044011387132466
36107,12.910419307576003
36108,12.017098053032347
36109,16.91542443844685
36110,22.180452766628257
36111,12.832871571417577
36112,18.458448112243445
36113,18.653875274691387
36114,15.744356962143444
36115,14.253188086069807
36116,18.329273060552104
36117,19.814450798412715
36118,14.488634530023793
36119,16.141001793389634
36120,14.346571720784722
36121,13.355791653658425
36122,17.008807810866124
36123,15.981361228761118
36124,15.649635367136002
36125,20.808135793574074
36126,10.497046757828127
36127,20.346585009869372
36128,16.74390560460013
36129,15.629245124708218
36130,18.80995319560678
36131,11.831146201988817
36132,12.018265057313396
36133,18.54683675486116
36134,21.736603790425768
36135,12.289980787186298
36136,10.024127725441518
36137,18.562896349052764
36138,17.221604194756402
36139,21.00808021226546
36140,19.89728158719469
36141,14.900046571048142
36142,17.396883763017694
36143,18.90369676380406
36144,10.19036079506258
36145,16.963193389915112
36146,17.524975297956573
36147,14.856987056892663
36148,19.6956405724133
36149,13.369376889699932
36150,18.513141168620137
36151,16.25649956228979
36152,18.418854948719172
36153,18.096312390783886
36154,18.386275140831366
36155,13.898987548254162
36156,15.946741829868504
36157,19.78723274891052
36158,18.827494683978834
36159,14.449496310207468
36160,16.77104574079999
36161,13.296192677635307
36162,20.28464635786114
36163,12.982959419579203
36164,11.853572889393407
36165,10.262093956444813
36166,13.796286415961696
36167,11.156578383401069
36168,12.066631617044099
36169,12.281444953014386
36170,15.047808770691264
36171,11.798054182509008
36172,19.48296025833499
36173,19.069866953499904
36174,23.52798101158048
36175,13.671817880823358
36176,16.972224346325326
36177,18.322726296326444
36178,17.06337193668378
36179,12.853688697466511
36180,20.878198716588233
36181,16.602037286454944
36182,12.359573250210914
36183,21.515707321458443
36184,16.494659274593687
36185,16.31808674799754
36186,16.171702276815267
36187,15.35156417474463
36188,19.785144350050885
36189,20.669379945440067
36190,9.57023160680238
36191,13.940610910231342
36192,17.793798967961713
36193,23.201118838553413
36194,12.021283618155515
36195,13.89928955393587
36196,20.181221222453075
36197,13.575683865417426
36198,17.318492372682275
36199,15.208313247570754
36200,11.932835271221098
36201,22.404527415401
36202,14.316025570083381
36203,14.877212349200994
36204,10.93425480651924
36205,17.644034180836982
36206,13.892322377018012
36207,15.062969132332816
36208,14.509120109876108
36209,13.208362557986709
36210,12.700604102202425
36211,18.856003923904133
36212,8.090958194834503
36213,14.163720351697627
36214,11.697891329085056
36215,15.896547677991919
36216,17.98668239452998
36217,20.749757219384662
36218,13.281867602146221
36219,18.866818626266515
36220,20.016867431580465
36221,18.50744876212554
36222,22.05167874124978
36223,11.905741026236905
36224,13.802846305341914
36225,16.27125374489153
36226,12.091744920939632
36227,13.585117322996428
36228,13.522028105374513
36229,17.479618920589843
36230,20.51708035941193
36231,13.323299463860907
36232,18.364237304771244
36233,17.39088082771096
36234,14.483348150778502
36235,17.57262728413639
36236,12.768350460794478
36237,9.174720937945406
36238,24.286550542504855
36239,14.981424011119971
36240,14.315102629790934
36241,12.066971796447138
36242,18.576432313293907
36243,15.370706015027775
36244,20.870233574950895
36245,13.888474404402988
36246,14.009443164493605
36247,17.68762048619206
36248,13.43904420476639
36249,12.176711088904984
36250,17.454577311742568
36251,13.704166192863315
36252,13.272329788446534
36253,15.026447384534872
36254,16.450554194551543
36255,20.172527205010212
36256,25.009053579786816
36257,13.88423236951428
36258,15.585750964107989
36259,12.812522770507819
36260,13.81414278093505
36261,15.577268390121919
36262,14.907668048606894
36263,14.815314625592352
36264,15.609108549006093
36265,12.264672681861322
36266,15.297478664601288
36267,14.557164267331117
36268,12.433239106447513
36269,20.79018354269848
36270,14.26483147000263
36271,14.070999617677886
36272,18.125255155991006
36273,18.06597369276499
36274,17.322860515252632
36275,18.532162273364285
36276,12.41410646383887
36277,18.18354040314577
36278,11.11246436122103
36279,11.195737017412814
36280,14.058386622209968
36281,8.736699195219142
36282,8.377017018841563
36283,23.470294303911658
36284,20.073794873993073
36285,15.537746501591009
36286,7.729663989099102
36287,12.376119951930034
36288,16.34352093040773
36289,17.69225304196828
36290,8.863332543288152
36291,16.313223902170897
36292,16.663991320652364
36293,18.30817375546885
36294,18.034560675863865
36295,17.25747426316532
36296,16.61779026559921
36297,17.513767518500273
36298,16.123637723908672
36299,10.343891785491929
36300,10.30119144537596
36301,12.792568496158006
36302,14.575958549229275
36303,14.554761155026059
36304,11.881462108196809
36305,11.568544814138642
36306,15.523936350022753
36307,19.9342818965177
36308,9.492980075932733
36309,14.34215511504678
36310,18.375776670474657
36311,17.487185449671156
36312,18.870121689557926
36313,16.192185039411626
36314,14.182128443047452
36315,16.869796022593484
36316,21.47825472971323
36317,13.390461190032227
36318,13.37465302449145
36319,13.959415660336147
36320,20.361765333347172
36321,19.632881879392016
36322,13.664040791020412
36323,15.455872299292787
36324,17.576937914745308
36325,13.129679351023746
36326,13.91184641182071
36327,14.714851776499758
36328,9.54246883062034
36329,10.091547468228452
36330,8.33431346761136
36331,15.495929905059894
36332,16.848009936532584
36333,16.69644485054802
36334,12.28845933315027
36335,13.31452835794077
36336,14.14843428681728
36337,11.629087767503734
36338,14.70978188019186
36339,19.614262787086055
36340,21.97625134776166
36341,13.682689876203984
36342,22.987925451043886
36343,17.87523703851401
36344,16.009348345121545
36345,14.524082767307268
36346,18.055445658060286
36347,17.27158367120554
36348,13.450976912005949
36349,12.875867329064569
36350,15.2021540912202
36351,24.16223923907078
36352,15.216845536672812
36353,18.96248085529689
36354,21.00805604115919
36355,18.522189337226145
36356,10.235315001531308
36357,16.008113474431866
36358,16.49442372817245
36359,12.483716292362605
36360,15.940996732623793
36361,18.26440708047744
36362,11.893628995497009
36363,19.579537447291493
36364,17.915467037988765
36365,17.39303504860427
36366,12.424679166438258
36367,13.693939602498306
36368,16.948258219271047
36369,19.52148362109891
36370,21.455148827130706
36371,21.973262208635653
36372,13.7271408429849
36373,15.694486901225352
36374,7.93940104428512
36375,18.521535399338596
36376,14.40208707396801
36377,15.928842920941578
36378,21.707046999126327
36379,24.284825019849556
36380,12.591987814230393
36381,17.881936754601234
36382,17.14505760625855
36383,15.017218263513543
36384,16.571514035608764
36385,19.513105284862554
36386,18.2699052844535
36387,11.319707811149689
36388,12.359827447023498
36389,18.19721129319438
36390,15.435977261329446
36391,17.632563896468653
36392,12.656622745478884
36393,19.791257723730716
36394,18.51415453377952
36395,12.129727828256431
36396,12.729439380949977
36397,16.9736470357592
36398,18.097965661078256
36399,17.35360513649184
36400,16.298041558748857
36401,14.085883123769559
36402,12.201285631564195
36403,21.369535809303578
36404,12.597518451529641
36405,13.202667212161577
36406,9.973547743989847
36407,14.346394795404994
36408,22.069758179962413
36409,21.357073683499557
36410,17.126774076512376
36411,15.633243223182053
36412,16.08256836755197
36413,18.240277642771694
36414,15.509000212953916
36415,18.435819204274537
36416,10.009739044081934
36417,8.518697623901428
36418,12.702534869335095
36419,15.365926020628956
36420,18.857787966819572
36421,21.584916234617282
36422,10.251538093252913
36423,16.457747542082053
36424,15.969975860478526
36425,12.738208751925427
36426,15.239624997994307
36427,12.359513462020569
36428,15.390339489756304
36429,15.37943755193805
36430,14.696429085010232
36431,21.204748852128567
36432,15.984283092936149
36433,17.18262003837932
36434,22.075154413924935
36435,17.61205999783339
36436,15.89778814105477
36437,19.115622919495472
36438,17.682518293196537
36439,20.046191911437887
36440,18.307895019749587
36441,12.799820794457858
36442,16.79874800245817
36443,12.380070099233052
36444,14.656591604333132
36445,17.137682971606385
36446,18.26635794267378
36447,13.710230904425126
36448,17.554579570190178
36449,10.879405745583313
36450,13.46012604206745
36451,10.154057338006641
36452,14.626187754231077
36453,14.65715462307961
36454,18.49979830414459
36455,16.566643660013753
36456,16.05438218244002
36457,13.807383498897652
36458,17.424715222019607
36459,13.29689386186839
36460,18.26493938344142
36461,11.355247397985451
36462,14.218558958675075
36463,16.256772543633247
36464,12.283300559735828
36465,18.05995074946717
36466,13.8516698658599
36467,12.461775315876029
36468,13.603804610249542
36469,7.875876080763788
36470,11.288080983829829
36471,15.014233049918113
36472,15.954255440036535
36473,16.265597539124222
36474,13.550032632631618
36475,16.548914577268597
36476,8.150777624394896
36477,13.462741520408418
36478,16.335870342380545
36479,13.208922854028522
36480,13.700587122700483
36481,15.502498818402879
36482,13.355755493857668
36483,16.613213015438745
36484,7.7808529824885655
36485,17.55123203645606
36486,19.48129496236932
36487,14.057982308517653
36488,17.992316660243425
36489,20.372397258594447
36490,10.527440890676449
36491,15.559392479079436
36492,13.143614616124754
36493,12.779618838926355
36494,15.441397681448366
36495,18.571427195825528
36496,14.808296258397796
36497,13.422780683788766
36498,18.8411408364723
36499,16.738500900006276
36500,13.825226046847334
36501,13.572213768720076
36502,21.896425961873234
36503,11.30785799973674
36504,16.11268257279609
36505,19.53897832152534
36506,19.631454788594276
36507,17.854167341742148
36508,13.33080423199372
36509,13.909764241372311
36510,13.533314275316341
36511,14.350526816250682
36512,20.39694380834508
36513,13.464484893011694
36514,21.14841782346378
36515,10.584520702190211
36516,19.625619995948377
36517,17.108980823503686
36518,12.591614020064291
36519,12.722765792767467
36520,11.389659047098865
36521,12.983288755504837
36522,13.467364314275272
36523,21.171878503020032
36524,18.928952294570315
36525,18.259670690027498
36526,16.12969666693114
36527,11.128267883804716
36528,15.09426063172938
36529,19.42337115964626
36530,14.902489612115168
36531,20.38370984220141
36532,18.116990020916592
36533,11.276050895383108
36534,13.805768368246536
36535,19.521381933073002
36536,16.060300409022965
36537,14.552048005355495
36538,11.785005529514958
36539,13.097048079303804
36540,14.785312234356162
36541,17.475842847281676
36542,20.747686128566528
36543,22.853869856122067
36544,16.33900188273848
36545,16.449716986250333
36546,9.611025659510304
36547,15.836020524838597
36548,15.185311367296718
36549,12.484611446598228
36550,16.307171434558313
36551,11.52289686728368
36552,17.68109824914098
36553,13.664524487962334
36554,20.096109152015995
36555,13.006684980908897
36556,14.824708166345799
36557,16.909988516865873
36558,12.96301022893509
36559,12.975463304637223
36560,22.37480852687473
36561,15.0968260535841
36562,15.127233130909426
36563,11.227309153356199
36564,22.52060602501119
36565,15.857263303226738
36566,11.633256356734613
36567,19.366183900777408
36568,11.182694536887723
36569,15.414158606872101
36570,10.877721448554283
36571,9.298962935953007
36572,14.194445281992328
36573,17.406450665595113
36574,16.620119782430393
36575,13.937222788697925
36576,13.070021340415478
36577,14.286386397057626
36578,12.735414807540106
36579,13.206667958128689
36580,9.726537595098478
36581,12.047048320132472
36582,22.18408397632821
36583,14.012253601712045
36584,15.56246162336782
36585,9.759288021940428
36586,21.45326033066928
36587,17.428761595208655
36588,12.06532981337276
36589,13.81244237291836
36590,12.626185450673999
36591,11.628216046950007
36592,18.888951346491055
36593,20.39334605888977
36594,17.65113742577779
36595,16.3310861725755
36596,16.146327180806452
36597,15.17110763493007
36598,17.913553051044193
36599,17.177078344197277
36600,11.755137307387008
36601,20.631510174563303
36602,10.94331865428799
36603,20.829061249755995
36604,15.732933442817602
36605,17.385704076947214
36606,16.487840878934108
36607,16.103101821471697
36608,21.057840800358655
36609,13.941864731587511
36610,19.70814379483641
36611,14.778841043251596
36612,13.570811790789234
36613,19.49531074337071
36614,20.18684647124222
36615,14.53575320496927
36616,16.447132385843048
36617,19.42411191997865
36618,18.070044926151642
36619,21.468200282868885
36620,10.444697730772099
36621,13.695598247739325
36622,15.093943339112794
36623,12.267845293987829
36624,18.26645054469003
36625,15.345316763291727
36626,16.063272082365366
36627,16.681612327518287
36628,21.42150069730367
36629,15.056799203255661
36630,18.42016659230662
36631,13.98205211524383
36632,18.43711109770035
36633,11.84167403131443
36634,19.856783284637014
36635,9.337340747829467
36636,17.385417633542666
36637,16.440566695629144
36638,10.101842522225699
36639,12.400462742044283
36640,14.743088493745175
36641,13.048692296944353
36642,14.12939260531007
36643,11.308244664323539
36644,23.770180041381373
36645,12.207919918715257
36646,18.915907758279296
36647,11.753211611175344
36648,15.10122294172483
36649,19.899736648358676
36650,19.829425601072735
36651,13.314797356593786
36652,16.184260429454373
36653,17.269213080598156
36654,19.55153394846944
36655,22.721228041098385
36656,16.446832982184105
36657,18.181655233694975
36658,20.589818244214207
36659,22.76546115671428
36660,13.859513383119907
36661,16.76092041865968
36662,15.96440581487117
36663,13.900111714518907
36664,14.671201290185687
36665,13.101137427490237
36666,13.961281092976133
36667,9.406417869352943
36668,19.73075614211859
36669,15.854778455283254
36670,16.252438147739092
36671,19.616799081503103
36672,15.837690497994313
36673,14.97822145401318
36674,20.086346324318235
36675,9.256687690739767
36676,8.591367212515909
36677,20.397352424827872
36678,16.687287425451395
36679,18.642255925641685
36680,24.3351456591192
36681,16.62871767417657
36682,15.963980449465245
36683,17.773744789701624
36684,16.120862904389732
36685,11.90359022138529
36686,8.636863186672837
36687,15.912138363920729
36688,14.275787767162628
36689,19.796397538144962
36690,13.550932697660203
36691,14.52955104220443
36692,20.38483375505723
36693,16.09956650109219
36694,19.131417187013874
36695,15.025961807255193
36696,17.310050193868
36697,12.309438597489471
36698,22.2486993199499
36699,11.53391022371654
36700,15.946031677249957
36701,17.919341779596877
36702,15.300446135596513
36703,17.5227655871647
36704,16.91153227843757
36705,18.138795815328592
36706,18.47300872812338
36707,17.91706570096641
36708,15.463519995970804
36709,10.890363680539707
36710,18.326980794812044
36711,12.47789645754317
36712,18.290167326167648
36713,13.18813273239003
36714,24.70700018600043
36715,17.28355285660172
36716,17.995713170700203
36717,10.710924410879542
36718,12.34850487904178
36719,10.50176634028173
36720,16.74137698106592
36721,20.15387835626038
36722,10.725119487603763
36723,23.98185964786024
36724,13.886629506096185
36725,17.223402785425066
36726,13.629729385877987
36727,15.570173774695315
36728,19.899698868966077
36729,10.25001401277542
36730,20.836204064710977
36731,18.478936339251753
36732,11.80473144161829
36733,17.746464278781847
36734,16.94484249580843
36735,17.215902483822735
36736,18.503693515848212
36737,16.715943436108518
36738,12.123421791765974
36739,13.09321951146871
36740,17.73180866304493
36741,11.482765462847798
36742,10.849495997317021
36743,17.344223163653623
36744,13.507624999276228
36745,14.572732609700425
36746,16.234196853387267
36747,13.354900231582842
36748,22.359311539242647
36749,11.182096099313746
36750,17.832272450956744
36751,18.76606861775523
36752,13.42193848074561
36753,15.689649839466991
36754,13.481512726990339
36755,18.668443463965694
36756,14.26788302055783
36757,18.3166791892125
36758,12.040790625287602
36759,13.885196904627351
36760,20.372756004716962
36761,10.788689157746239
36762,13.602364400232048
36763,16.65142701604696
36764,14.826759092048517
36765,16.95972951112592
36766,11.537487986810731
36767,14.791913403935617
36768,20.11481717874153
36769,22.24029248834652
36770,18.52196030330291
36771,16.159939555562516
36772,12.971597702933973
36773,17.7315382829522
36774,14.594160404508644
36775,18.32162293786184
36776,16.263376804034195
36777,18.230749911594458
36778,16.294877912360857
36779,14.841410368887326
36780,17.233777945102247
36781,14.694474959686035
36782,13.959613989794013
36783,12.078131711760449
36784,18.640657137644453
36785,14.48061629962607
36786,17.59112856367277
36787,16.47399301970242
36788,21.116483254184622
36789,14.556202863106888
36790,13.2282827316313
36791,15.539290268049754
36792,14.932314532525831
36793,14.223884750224068
36794,19.24998103410205
36795,21.733835071937275
36796,18.94169001740037
36797,14.66573809901928
36798,14.06029067046601
36799,10.3046211710218
36800,18.437386928712577
36801,17.483275366482992
36802,17.822822076438698
36803,8.390056690783247
36804,21.124376738259897
36805,13.66568087654667
36806,11.684062758459373
36807,11.614163665039285
36808,12.654554810989797
36809,10.19378347619751
36810,17.582598100528926
36811,9.492675010802298
36812,14.051718513392478
36813,10.895246146673212
36814,17.506669098377465
36815,20.69367072525627
36816,19.343324699305526
36817,21.014187241722013
36818,15.39405289136984
36819,16.794799516282872
36820,11.304032836309272
36821,9.978560896492274
36822,19.674468199684696
36823,11.371426260443501
36824,12.505228943910623
36825,15.653507189206943
36826,17.3262299074827
36827,15.86055166488969
36828,15.910320719955397
36829,10.569442177035823
36830,13.588202432672947
36831,14.386069155383924
36832,18.288552841220465
36833,8.398330098412002
36834,18.208750413236174
36835,15.913816529532482
36836,17.86737062473033
36837,16.671331676815193
36838,11.174529645112816
36839,12.50701728325499
36840,14.156632151344466
36841,15.373816726601504
36842,15.894618024229613
36843,14.227210221855684
36844,17.179513444746327
36845,10.135678268304218
36846,17.803823910198144
36847,13.236048514390799
36848,11.141178311499164
36849,14.315487014733092
36850,16.032549565619973
36851,16.827527388592515
36852,13.161451386730809
36853,14.167614865327524
36854,11.32960593504567
36855,12.116354100017993
36856,20.280876226534357
36857,18.43500668569991
36858,11.014321028595823
36859,17.323638666001656
36860,10.772754792705008
36861,23.95016558365844
36862,18.275117293866725
36863,16.307576548841308
36864,13.313085306185073
36865,12.601828518736195
36866,17.118900686762977
36867,19.01606535628065
36868,16.51107967926543
36869,13.059266215842827
36870,15.909917027857302
36871,15.535710796739238
36872,16.41773641447044
36873,19.681807464138373
36874,10.772051036361585
36875,13.508207248223492
36876,19.724624353701564
36877,16.28559615095466
36878,12.335776108727867
36879,22.078500448110205
36880,14.92067526446811
36881,18.833185167896865
36882,20.70118905108456
36883,10.92122150142176
36884,22.035211239468815
36885,21.60825469999817
36886,14.065449263909649
36887,12.181412799002237
36888,16.30653855667858
36889,12.896296681750115
36890,19.339270297366397
36891,14.499475707281833
36892,16.86108290949617
36893,13.381361309312357
36894,14.73568527960956
36895,17.94267786958965
36896,12.257243228755947
36897,18.069191216613294
36898,12.703668296168356
36899,13.117118158003361
36900,21.994055111612795
36901,18.27169142713128
36902,16.344623327660457
36903,17.450137990578654
36904,13.287645764774783
36905,11.305816188865597
36906,20.70553826908796
36907,18.517806051839763
36908,12.365300006905493
36909,11.340643948288998
36910,13.219752050729657
36911,13.593830363613137
36912,13.548370577673762
36913,16.93266377854475
36914,16.74587893128124
36915,11.43797516820902
36916,14.16273887891767
36917,17.85479080353192
36918,15.445029394569344
36919,10.475835329783344
36920,15.47947427563984
36921,21.834379505573608
36922,14.522775178038994
36923,20.00302146086804
36924,12.173272504733434
36925,12.940077758282237
36926,11.503404987808393
36927,11.643185399296776
36928,12.700465932415042
36929,12.37974482565109
36930,15.08750578808691
36931,12.34098820353216
36932,16.288893634962122
36933,13.67282058052858
36934,14.59403566732968
36935,13.22523753847025
36936,16.653255423405817
36937,15.916728503540881
36938,17.288163635598437
36939,15.950333979079096
36940,17.306267306426
36941,16.045229618313925
36942,16.37425374197263
36943,11.690253207069388
36944,14.628525375489726
36945,18.514483307417116
36946,12.479205208973635
36947,14.573245645359146
36948,9.129262937474305
36949,14.122532892878125
36950,16.101005944439294
36951,13.981638401410532
36952,18.245358994538854
36953,14.821490464731546
36954,14.633862589861979
36955,15.508383094361912
36956,13.523793983875148
36957,11.452328281706201
36958,19.251861701251304
36959,16.911676644902517
36960,14.445045208552507
36961,15.110481389933454
36962,15.778061595992046
36963,16.810340111240144
36964,14.252264746425938
36965,17.24155659107845
36966,14.747697604035311
36967,15.140769523986899
36968,13.328936072442328
36969,13.709059287929882
36970,15.607132034544312
36971,13.690597983779979
36972,14.021581179117469
36973,21.90634988133014
36974,17.78385988356642
36975,13.069616994676275
36976,11.966795955644159
36977,16.538857295764885
36978,13.346495516504001
36979,16.475644927287107
36980,21.20113752094136
36981,12.966972925797661
36982,15.002399435293029
36983,16.928570349379306
36984,11.915439815956848
36985,20.286740654179134
36986,14.444357292760495
36987,18.769117168655676
36988,20.051356122109127
36989,10.20560254792374
36990,13.79314065239025
36991,17.88085521394688
36992,19.010397086249988
36993,12.440443959365457
36994,11.521474505375485
36995,17.913677381439655
36996,13.539724097853043
36997,15.4164263247338
36998,15.520657699813167
36999,13.188455059321058
37000,15.011702830375219
37001,14.785854532722277
37002,14.481899477392684
37003,19.047824861041306
37004,14.156704314105783
37005,23.590593390889133
37006,12.303793126967516
37007,9.71424747898744
37008,12.821282279700117
37009,14.355058258981911
37010,18.814051230750607
37011,20.229750128615585
37012,23.726634249878437
37013,17.589244317429333
37014,18.12723383644073
37015,14.812357315778772
37016,13.621909702994389
37017,20.745209513001043
37018,17.574650672494847
37019,15.759182875800015
37020,16.63339523040281
37021,16.06234650454564
37022,16.25522045572623
37023,15.608430092901363
37024,15.591559459633883
37025,16.877480492898528
37026,16.491430757291738
37027,16.624354529089892
37028,12.245861975739512
37029,18.19485284433871
37030,22.082687741317983
37031,15.947287192757807
37032,12.046359620050081
37033,13.600817208588417
37034,20.92498927308948
37035,15.884116675336395
37036,18.070030873588024
37037,16.411719136113156
37038,13.220135969482882
37039,13.730781028959788
37040,14.53834013088935
37041,8.797655432816088
37042,13.809846354768846
37043,17.416354868533595
37044,18.337246520291217
37045,10.92924698378374
37046,20.35045822145615
37047,13.37305168972286
37048,18.145552314150592
37049,14.811037978205832
37050,14.698161737963149
37051,14.138949368565102
37052,21.765692094570333
37053,10.847593496271255
37054,18.053779419687586
37055,16.82602930165367
37056,14.861374071250225
37057,10.793192060387305
37058,13.216689222660843
37059,16.49394617149555
37060,10.588004517644265
37061,23.426999548465723
37062,16.66918710431262
37063,10.227655070925378
37064,20.74021988296964
37065,14.604299154271084
37066,19.83697811645633
37067,22.359661788524477
37068,16.59477786291456
37069,17.462934883114144
37070,16.198617549979645
37071,12.066437396326915
37072,17.49745214343684
37073,18.86215170752987
37074,13.888465219597439
37075,15.575416403136758
37076,15.615412882905607
37077,15.627579126258182
37078,18.26823231432888
37079,16.398625582473755
37080,13.951525066373872
37081,18.99237579669282
37082,12.16494352638945
37083,15.156952757942404
37084,11.777857583506325
37085,20.062735775262873
37086,18.624690910681245
37087,13.296460491426643
37088,21.047034932779265
37089,8.833019017868484
37090,16.00279925328539
37091,14.60160584863424
37092,18.749900363593945
37093,16.080134330141533
37094,10.93711770603967
37095,21.131395027655422
37096,16.653506403303815
37097,11.289143724859708
37098,25.094721740247145
37099,17.247583711680868
37100,15.50017044736712
37101,12.388306086512726
37102,15.633588431683451
37103,12.575787225879928
37104,12.556688990479905
37105,16.589592639707327
37106,17.299623603222564
37107,19.038318061317945
37108,18.557225690422733
37109,16.814257997282002
37110,14.89007107963321
37111,16.87025297250026
37112,15.940234824422204
37113,14.061250445269584
37114,15.285696579210045
37115,12.599451119339063
37116,11.153138213624022
37117,20.504982517478986
37118,14.044199600706307
37119,17.82335191773897
37120,16.90517688612183
37121,18.27726721519926
37122,14.960114091781424
37123,16.441145713586856
37124,12.667133875877795
37125,16.585479719526013
37126,17.319635445936726
37127,21.19036767588389
37128,14.906990877163746
37129,16.108646355843803
37130,15.272904161768999
37131,21.766360441243997
37132,16.409827895466055
37133,21.464023970296594
37134,17.56289983110095
37135,18.360667114862515
37136,12.067999159630213
37137,23.061757394585875
37138,15.743717120969844
37139,18.264689791952108
37140,15.41233304455268
37141,18.44674784330452
37142,20.87408490570097
37143,17.624459962982293
37144,11.744247522245221
37145,13.271216104485756
37146,13.596815584472568
37147,11.268084058210905
37148,18.532412929615163
37149,13.328895594441002
37150,11.973409428766672
37151,12.346368744057513
37152,11.759018652495467
37153,12.740372943704228
37154,13.225051998853093
37155,19.121546516054416
37156,14.535052138554404
37157,19.034671894541667
37158,18.91328678621926
37159,15.635262370137447
37160,10.606533700451024
37161,12.07664665197319
37162,17.31723207202996
37163,13.622656746490573
37164,22.817795242427138
37165,16.36610240361979
37166,14.36104894176966
37167,13.383250497891673
37168,13.185790297218789
37169,14.717661689067592
37170,12.847976832028957
37171,13.91542213112772
37172,12.262268601046767
37173,15.10018933238626
37174,17.179190998971787
37175,17.105600726677256
37176,18.650362232105273
37177,15.699483457545485
37178,15.05908587554619
37179,16.173320834930102
37180,16.630123642186817
37181,16.4540560309091
37182,17.576846343824993
37183,16.874344233235377
37184,19.213751767915106
37185,12.69692667566195
37186,16.904397536786057
37187,14.508344858638278
37188,15.863979620718125
37189,15.3430666237988
37190,18.853509259209666
37191,16.52078427901572
37192,16.547719042864905
37193,15.860213599539536
37194,15.56993004323409
37195,19.17439010774462
37196,16.908739220927707
37197,11.530745127281461
37198,16.83578660117516
37199,12.18796804008127
37200,11.269234984224347
37201,8.10773446952686
37202,16.917332730346516
37203,19.962886713576204
37204,15.611347101797218
37205,16.90713186323138
37206,15.75478299851268
37207,16.466460361459077
37208,21.11686329235114
37209,17.12942467874394
37210,15.439570404877262
37211,19.36926301517702
37212,14.033774377737878
37213,10.902539889406487
37214,19.374040269087693
37215,15.518982960755968
37216,22.294722884525534
37217,19.35067061609785
37218,8.988313000634438
37219,13.250102117839194
37220,10.282905322217257
37221,12.831432399234664
37222,12.988892653828362
37223,24.294843453206553
37224,9.728123568129673
37225,18.623767389643625
37226,18.90378370182677
37227,9.242466031329638
37228,21.718186381094164
37229,10.995289215138
37230,12.164626516557858
37231,19.32473055528829
37232,14.027691110206552
37233,14.783765611639168
37234,12.877411487616344
37235,18.625667789282105
37236,12.86210152200048
37237,19.035565541655984
37238,15.791401477439484
37239,13.248997730429581
37240,22.655001145010964
37241,13.203737454587504
37242,13.132618746160281
37243,10.956689964452924
37244,17.06865512212776
37245,17.79244170597255
37246,13.166941133867065
37247,9.597978285800155
37248,17.560724878183223
37249,23.165366649510908
37250,16.15305353502004
37251,12.340123155107024
37252,12.189262379331574
37253,17.907404047748763
37254,17.312874128968218
37255,16.0662764091933
37256,12.357665645498301
37257,14.253427397462135
37258,11.08995701956936
37259,13.875825632282464
37260,20.641405175894747
37261,20.17602980479782
37262,19.306660590599314
37263,18.722852003671917
37264,15.36673365731685
37265,13.22404884206647
37266,9.084829294432453
37267,18.758175879929667
37268,17.37497097631926
37269,22.495015223478923
37270,20.207813566079725
37271,19.33300670708686
37272,14.409770120774766
37273,17.961108611282334
37274,12.682188151599023
37275,20.65263516939286
37276,16.553363040456254
37277,11.855894051383931
37278,15.933063243141813
37279,17.554693145857144
37280,11.737539640696344
37281,17.259404179961734
37282,15.813846524395801
37283,9.960673885937249
37284,12.159006643197934
37285,12.090421488288404
37286,17.867306877239344
37287,18.350761429486617
37288,17.06555740096765
37289,10.01156391359573
37290,13.021990656101636
37291,18.752261399516083
37292,23.470639473993465
37293,17.814927956245505
37294,22.785732965974795
37295,13.062395720346741
37296,16.84327755608428
37297,10.08555430855246
37298,10.203339510581165
37299,15.366493299434152
37300,13.22573810949994
37301,15.373399401176798
37302,17.398181335714117
37303,18.42003443800281
37304,13.087711180217468
37305,9.792811453433277
37306,16.373280748633356
37307,12.01664126333582
37308,13.033047026630655
37309,8.982025485455837
37310,14.930773757944063
37311,13.454965757102212
37312,22.13838667864521
37313,13.596587365442298
37314,15.34298260004258
37315,20.052534400822438
37316,14.864906337488359
37317,14.859167444884532
37318,21.87575472145732
37319,20.316229504349117
37320,13.293777190677712
37321,14.584800273738706
37322,13.114922853804492
37323,17.253762818509053
37324,17.138853755430112
37325,17.83112965339192
37326,18.979029579451655
37327,14.850334957554336
37328,9.982427758349619
37329,12.248095184841995
37330,14.134027729422813
37331,18.39638311281052
37332,13.438975591575208
37333,17.9224013498261
37334,17.36988238947133
37335,20.24990412112217
37336,16.34301614220947
37337,10.907748050392435
37338,16.029684354675254
37339,16.01630355229925
37340,14.350163721106085
37341,16.933247681605877
37342,16.291126105308344
37343,18.555444797867423
37344,23.232953049844184
37345,17.744755723435986
37346,23.196376512400114
37347,10.571074448259585
37348,10.39468941808326
37349,24.60361706093962
37350,15.414999800707255
37351,12.903096211479804
37352,16.20469458014142
37353,12.988773737325651
37354,10.075315405997301
37355,15.558143741388855
37356,10.984262657488689
37357,16.83605997155763
37358,11.379899142580658
37359,16.99353654497121
37360,12.419806553762317
37361,15.361415431994844
37362,20.566152670500458
37363,11.706043966490794
37364,12.204845203927007
37365,16.659764703259988
37366,24.665905491732197
37367,13.956070238170796
37368,17.60499830557974
37369,18.57499310880386
37370,16.316176606940616
37371,18.937977901630028
37372,10.957429003615026
37373,14.638453771794781
37374,13.983978583502646
37375,11.420864419107936
37376,17.926179871221784
37377,13.70952764162225
37378,9.81491472086219
37379,16.85025156217032
37380,14.09264173451473
37381,14.877309262205882
37382,16.965144981732394
37383,13.193540392041893
37384,14.281265188095189
37385,15.748935550540748
37386,11.971305517733388
37387,16.243951989967314
37388,23.273245084837107
37389,13.748578410054533
37390,15.18594593227712
37391,17.03326527361365
37392,13.96737725459197
37393,10.307034734268782
37394,13.420260535711767
37395,11.195802776154498
37396,17.194617620196027
37397,13.84092896577651
37398,18.126487731998466
37399,15.059591577532982
37400,12.751013886326449
37401,19.873339434297684
37402,15.39344854515184
37403,11.758399188040691
37404,16.13843744904146
37405,19.24334356981493
37406,10.582439259569764
37407,12.201975005729576
37408,19.594528863234515
37409,14.824103153608743
37410,13.975048534540122
37411,13.545952446188204
37412,16.410252627753387
37413,12.70622033435735
37414,16.514871405215743
37415,14.990343879766511
37416,20.799951467175013
37417,14.13419632342525
37418,13.98912423577174
37419,16.751585445735515
37420,13.865176771776849
37421,20.962431009958785
37422,11.437100702783196
37423,19.862970069892853
37424,13.801056779043343
37425,13.608941929880796
37426,21.716938660684043
37427,16.216598387773537
37428,13.965900493851738
37429,16.443543721895384
37430,14.26661427632845
37431,12.850152214863254
37432,11.88456704660329
37433,14.072974166316
37434,13.592907771890857
37435,14.606359657170362
37436,17.52271297635761
37437,15.555694920285854
37438,17.06022935234361
37439,13.816056018928396
37440,12.125671994387371
37441,19.269888348487697
37442,13.932524074517866
37443,13.828595617188784
37444,18.151671244487524
37445,16.88569524143464
37446,17.13060440487773
37447,14.167234550788667
37448,17.755640349074017
37449,15.674302170566257
37450,19.930044020226973
37451,17.59910014861451
37452,14.432035215196054
37453,13.482273681821408
37454,12.65017464069635
37455,9.63606675580732
37456,22.097822624238667
37457,15.53818469526884
37458,16.644455781357834
37459,22.763928276274612
37460,15.4251737704878
37461,10.16092889753849
37462,17.628377384285884
37463,12.87554783671004
37464,12.96697390109837
37465,18.639131196409636
37466,25.034084308692698
37467,12.120556154032627
37468,9.253678511229712
37469,13.980748207401886
37470,13.550469953311563
37471,14.513370611978106
37472,19.94560465994753
37473,13.684527537398264
37474,11.555156745945595
37475,16.56358826880959
37476,9.686150333396341
37477,18.565894815730573
37478,15.8369741651499
37479,17.228629918044987
37480,15.404057976894828
37481,15.468556629262695
37482,12.122568200670711
37483,12.449492887007043
37484,15.131233688809584
37485,21.47707210715791
37486,16.38069851798266
37487,16.637218321159573
37488,10.857782737602058
37489,12.707723428786043
37490,17.951256103842333
37491,12.051164489011079
37492,14.545220991531561
37493,20.52777014574604
37494,15.150890319693744
37495,12.805840098131522
37496,13.917059090218626
37497,10.236650550750216
37498,22.968380943953647
37499,22.150978288603696
37500,16.980333043477273
37501,17.822442608969254
37502,18.24637728898331
37503,15.584260214982907
37504,19.344194748327787
37505,16.35739694555523
37506,16.73642295556718
37507,16.530412736746406
37508,16.52691232307236
37509,19.097156770295506
37510,15.098388956298868
37511,13.662499739501325
37512,18.582529446743475
37513,11.957844847265656
37514,22.084750875462156
37515,13.346950386657065
37516,16.679807353057523
37517,9.85818393059149
37518,12.303256233528042
37519,17.41656061812447
37520,14.726854955405265
37521,10.539535681298233
37522,17.748409255380963
37523,16.22044113676749
37524,16.357481243202542
37525,17.575025437738955
37526,17.73212537821606
37527,9.532336768966031
37528,12.314227391682806
37529,18.790891662435985
37530,15.449380368810747
37531,13.45035286923436
37532,15.260307507507227
37533,15.552203750780949
37534,16.555912810824147
37535,18.135008027415815
37536,16.358911488165113
37537,14.97235207214469
37538,11.432263402911108
37539,13.879273069689441
37540,20.60438199671422
37541,16.658741942293528
37542,19.228765622408538
37543,14.394207446188261
37544,14.031025561650088
37545,12.531016830397949
37546,15.067895724723119
37547,16.946343379877923
37548,19.355839261880853
37549,10.529840076331272
37550,12.690878276062524
37551,17.199478876768616
37552,15.638656214840141
37553,16.90609004523276
37554,14.112459024563254
37555,23.706237307883562
37556,15.69936420923201
37557,13.755601116826512
37558,15.159690934273192
37559,17.753010970764194
37560,17.418138023949943
37561,16.780210493134398
37562,13.252725231403781
37563,12.55164464092596
37564,16.581192293139853
37565,12.526569320543562
37566,20.557516078248902
37567,16.56337116449221
37568,12.00212465003193
37569,17.431184963122973
37570,12.32047119060142
37571,21.74023051125647
37572,17.295997955646207
37573,12.560470369372226
37574,15.650690968280065
37575,12.597045774610992
37576,13.377885733921138
37577,15.741778283010081
37578,16.14948577632135
37579,13.527461189436405
37580,19.388903912114927
37581,18.001731431123332
37582,19.17769442148049
37583,22.30780384333864
37584,15.229279610556395
37585,17.511902322818464
37586,19.66553829793566
37587,16.297580848317015
37588,8.911612139797878
37589,14.966125103928908
37590,14.03474935747911
37591,16.7694724146902
37592,10.279574437852585
37593,12.181348425140296
37594,11.771547975725236
37595,23.2397409825871
37596,15.349564308430663
37597,17.368024163914797
37598,14.074290547533046
37599,11.730451772400176
37600,16.620156473169626
37601,15.461441182445053
37602,15.12926932061941
37603,14.026361458746118
37604,13.825200012719822
37605,20.78221500402077
37606,16.7747152409953
37607,18.925764679244054
37608,10.739999876276748
37609,10.789243682751023
37610,12.6505208409512
37611,9.235414769357995
37612,21.62968414139751
37613,18.963285203796616
37614,12.998974920299302
37615,16.699888569123196
37616,10.880421593901529
37617,18.189733506549153
37618,11.116697285182607
37619,13.661122705303182
37620,13.71665054198716
37621,15.407904654436743
37622,14.871383402727819
37623,15.12067847985246
37624,18.641871547918072
37625,13.385925121668583
37626,18.68062355964724
37627,14.695212246578818
37628,15.52268315654714
37629,19.820304767617927
37630,19.166340815738437
37631,12.342440010868032
37632,13.777783456238609
37633,14.422837664048423
37634,21.606426107594032
37635,21.88232924962125
37636,16.197677545480637
37637,15.597293013190216
37638,12.024398649010664
37639,16.068258756512236
37640,13.265751996881498
37641,14.219317072933283
37642,18.15314928433989
37643,12.264564767455566
37644,15.380121411456296
37645,12.769641471036906
37646,14.690074261762971
37647,15.694046421615878
37648,18.719247308113253
37649,18.356008354059046
37650,18.725034010322453
37651,19.812476872651324
37652,12.742720594845874
37653,13.81744263364956
37654,18.661418051341766
37655,16.317542150406112
37656,16.685982202866008
37657,14.858122605044457
37658,16.110229732986443
37659,19.90871711893101
37660,21.169725684433722
37661,10.094883672203936
37662,10.126663816750883
37663,14.411036347965236
37664,13.692874363653399
37665,12.927040882964258
37666,18.41180813486799
37667,19.09546698322294
37668,13.333723666910522
37669,11.124432446131411
37670,22.98258060212944
37671,11.149390104926148
37672,18.459971876030544
37673,14.921982183830334
37674,16.33712602029643
37675,15.4440967983819
37676,15.175626575248527
37677,16.5003040890289
37678,20.655015875678544
37679,14.447421566049865
37680,19.38485078020318
37681,15.58586909146319
37682,15.311295226331778
37683,19.7314192591136
37684,18.945077774368727
37685,14.551816687678897
37686,15.800847066126254
37687,17.86318962811832
37688,23.385556729332478
37689,13.716221268564976
37690,13.840947461873037
37691,12.890244915466907
37692,14.330230572929713
37693,18.777395802474445
37694,10.100037038504412
37695,12.06640435363871
37696,16.556445372488717
37697,10.554602371840994
37698,18.65385497701174
37699,20.00281847938883
37700,19.621742473615377
37701,21.691994240323865
37702,20.609927525041392
37703,19.65550344703344
37704,22.158120584722212
37705,15.507731750272127
37706,14.62141712892892
37707,13.055921384885718
37708,16.586211046866065
37709,15.351843812358352
37710,20.844779301093176
37711,13.43006423828593
37712,17.798775756019882
37713,14.629095876172771
37714,14.215213722285954
37715,12.360295321123228
37716,11.96763196405739
37717,14.631280428163118
37718,10.026431140629448
37719,12.86676134774704
37720,13.882665438821645
37721,15.339953926766436
37722,17.34830745334009
37723,15.903788625207644
37724,17.946616292848354
37725,12.718104790951337
37726,12.140079473840089
37727,17.879603494941286
37728,14.764331941868793
37729,12.043467771049034
37730,16.938020770672125
37731,10.714564460340814
37732,14.206805844345986
37733,17.724867521049944
37734,16.951608167311726
37735,21.324528286680284
37736,14.5299584055692
37737,16.253701520412932
37738,13.514401545924843
37739,15.157141783309774
37740,19.729851810212352
37741,9.060628032999794
37742,16.765711071828
37743,15.725224921441445
37744,8.9444196704493
37745,17.668265996171385
37746,18.15072923638133
37747,12.92640163275549
37748,18.302317587551475
37749,16.064356091227193
37750,17.74529223917083
37751,21.134021659732582
37752,20.911419952809275
37753,14.173673403154453
37754,17.363329762108705
37755,22.83505217152588
37756,14.531258858464021
37757,13.639199999900026
37758,15.85567432826485
37759,15.597613013620881
37760,19.75011116701487
37761,11.643456817137498
37762,12.669852604540834
37763,12.960252573444118
37764,14.183480064103264
37765,12.504939298397478
37766,18.315815431580717
37767,14.630238816316828
37768,11.757823499825523
37769,14.19868263356254
37770,17.74134957826113
37771,15.151746451217143
37772,17.644945683527943
37773,12.579404624931941
37774,13.610300208986953
37775,14.316764250836496
37776,12.419588959324095
37777,15.396957124024695
37778,22.162060711702132
37779,19.945170152650263
37780,15.862805725787082
37781,19.058690516284003
37782,10.942900537311768
37783,13.13100438676462
37784,21.35157919412432
37785,16.28119666288898
37786,20.038912384554227
37787,15.522983149050132
37788,20.189950318562676
37789,16.50771359911745
37790,16.506578603056667
37791,17.298817445445206
37792,17.201348175398135
37793,15.712988426350508
37794,14.711162363616593
37795,9.536413186959287
37796,14.748950467609921
37797,14.857080350813314
37798,15.737378558401227
37799,10.299002761515295
37800,17.21988783794327
37801,15.401909088445473
37802,11.135259881966999
37803,11.037063927826551
37804,9.243828417413447
37805,15.918098962931095
37806,17.21204659267419
37807,17.77755474449293
37808,21.112534666847594
37809,19.068834079064352
37810,14.176176382078651
37811,13.501944250349919
37812,11.830984320637365
37813,11.546229896333074
37814,23.203291891309064
37815,19.78087546408473
37816,11.873227386391122
37817,16.66174919305471
37818,11.588274861006479
37819,12.812381587164415
37820,13.089982024833681
37821,20.203730596929752
37822,10.510364040744042
37823,22.8882069240193
37824,13.519380074960267
37825,15.496979011238334
37826,13.130189514270997
37827,14.071500317707704
37828,16.17014247786176
37829,22.69834776827583
37830,13.730244228259123
37831,19.886797416576243
37832,13.113456151012926
37833,23.45522972652833
37834,16.60849558308687
37835,18.28406624722004
37836,10.565621143672526
37837,12.605672495284413
37838,18.856316600182186
37839,12.112474031536905
37840,20.7697225316433
37841,12.040494125077743
37842,12.465005557606416
37843,13.769405539548881
37844,12.25175693715952
37845,19.466601079796767
37846,15.296224310736585
37847,19.243206417406647
37848,12.187053332514886
37849,19.594334330675967
37850,11.994884245255442
37851,19.197893019887765
37852,19.14759359825232
37853,20.316593758547484
37854,11.98500443815186
37855,18.453072115644055
37856,16.46783466474468
37857,13.662345539629888
37858,13.706337355067326
37859,19.05874743605228
37860,18.243403860141434
37861,18.320674632610746
37862,16.719038412390073
37863,12.539454535423907
37864,19.126505170664714
37865,16.921935090235962
37866,12.39301261394699
37867,13.596501606213128
37868,15.237345423746675
37869,15.839203661072466
37870,14.510190839767619
37871,15.91977046375294
37872,19.41047574544475
37873,15.989022135622283
37874,15.297598081756755
37875,20.179682964449817
37876,19.39420617362417
37877,13.52679990664314
37878,10.921335508611936
37879,18.000369953480238
37880,19.00205149592044
37881,17.9096038203956
37882,19.97130332281221
37883,15.260096874044294
37884,10.938291049316364
37885,15.403884602461533
37886,23.118067879518826
37887,11.820528169600191
37888,11.691326603624962
37889,11.950886270399526
37890,12.25913526670232
37891,22.552622557987505
37892,19.051210863346803
37893,16.266328742361928
37894,20.447926394259184
37895,17.426335706163464
37896,9.250111140632292
37897,17.350331526636346
37898,14.153618449577017
37899,19.027453606677604
37900,20.218334609498754
37901,10.345476884949555
37902,19.444706613968286
37903,18.854794017388794
37904,14.06677928580926
37905,12.36491154433174
37906,12.199553830195399
37907,19.681612374845074
37908,13.117796344426717
37909,15.10825796261625
37910,15.69049979407818
37911,16.651618009546468
37912,14.149674473629721
37913,16.631377597786454
37914,13.086888057252425
37915,8.740060665706183
37916,18.620454127529257
37917,18.025380946584725
37918,18.285509784063212
37919,14.630860573862106
37920,20.323090262236875
37921,18.21167225886864
37922,17.470577079729118
37923,18.4364914755676
37924,16.948984282246073
37925,10.393105216410854
37926,18.81426930807506
37927,10.40875115206858
37928,22.04216697746992
37929,10.569660692845465
37930,14.42827676761934
37931,13.96980875976613
37932,16.309536398644436
37933,13.055910579501177
37934,14.508073658494679
37935,11.583753683935146
37936,21.517929493924104
37937,13.643227514555502
37938,15.326369653412016
37939,16.81778869931008
37940,22.136034886848485
37941,14.815265927784976
37942,22.022842162232536
37943,12.489358984809957
37944,14.507586671638013
37945,13.396483069756538
37946,25.302791056534005
37947,16.806110519681177
37948,15.918546206346102
37949,12.673343799758038
37950,11.334289903634634
37951,15.765093317615571
37952,10.384261890549631
37953,15.218394069578489
37954,12.83840974072577
37955,14.625336146054924
37956,16.703150631761236
37957,21.37654798163794
37958,15.535612564926042
37959,18.56439539553963
37960,15.07464580201639
37961,14.747708540001657
37962,14.629754062817403
37963,21.614821797825932
37964,15.918808513965535
37965,15.430919449238388
37966,14.914918194335856
37967,12.318875537344603
37968,17.72821194118569
37969,20.11477463540488
37970,13.831861998227597
37971,17.28424653903793
37972,8.664445764033358
37973,21.356411980410044
37974,18.30015587256976
37975,22.27239563952488
37976,16.360600074879045
37977,17.88344215334611
37978,15.236660083963269
37979,14.63672798542798
37980,15.558924883542243
37981,20.211302051555407
37982,14.757875434667687
37983,11.093707442895333
37984,15.197908071220793
37985,11.895758380211117
37986,23.689466522091138
37987,11.080608982900282
37988,13.414573112792326
37989,18.393985772315887
37990,10.396352056968043
37991,13.671124895384468
37992,13.734686172700673
37993,11.403587003814657
37994,17.947154065911693
37995,11.832744950156215
37996,15.864441005121149
37997,18.801892514049968
37998,15.973708466848514
37999,13.269152047108232
38000,16.981871454419103
38001,21.397996855923694
38002,13.249483369735863
38003,16.57403834263011
38004,11.961425810700426
38005,18.11149855802232
38006,20.63640233051551
38007,18.534885408910963
38008,19.847951602415016
38009,14.006785695370839
38010,9.890993680307506
38011,24.9561912032258
38012,17.795115117242077
38013,16.23673405993278
38014,20.688624025350425
38015,10.203334225366625
38016,15.291000833458963
38017,17.56174325501381
38018,11.965225430441027
38019,14.925019136037372
38020,18.044966988648337
38021,15.23053415000003
38022,12.615473155869669
38023,18.019513365809644
38024,13.493704835055796
38025,18.16754111080472
38026,12.194612755622645
38027,14.216238871456227
38028,10.67942358926987
38029,21.46493697961965
38030,19.725056254265716
38031,17.474565366033943
38032,13.120329971245747
38033,13.216531954679388
38034,12.627667143152774
38035,19.865520654025026
38036,16.549602823995805
38037,16.95724695913374
38038,14.26721160068781
38039,12.449269911691037
38040,16.998325272384374
38041,10.35197015064468
38042,16.469764298798623
38043,17.272931279279085
38044,14.096408580151193
38045,10.587580369272022
38046,14.951117758533332
38047,15.673068359980478
38048,13.858494246945916
38049,12.467726738352543
38050,23.626268379783973
38051,14.169551972863802
38052,12.559716309477457
38053,14.014669331503335
38054,12.058431880831503
38055,17.56891894199301
38056,13.266959744533558
38057,14.565140586862386
38058,17.25027858942999
38059,15.740090891937571
38060,14.994888416066106
38061,17.198766130033945
38062,15.385855052317012
38063,11.007276459330935
38064,15.359244381835486
38065,15.20767201509329
38066,23.4121008542068
38067,13.441166238863836
38068,15.976719364565708
38069,14.791612501715091
38070,15.453278048115331
38071,17.630001716896004
38072,19.363663231970733
38073,16.166312197370473
38074,18.055485639265278
38075,15.38065238779908
38076,19.471713032220006
38077,18.424503594523728
38078,20.974074680457253
38079,12.667719373547705
38080,20.8206781410601
38081,20.229598352401872
38082,10.753665982112912
38083,14.3466600879589
38084,15.850614114913428
38085,25.035227230864784
38086,15.190576880244295
38087,9.640683946480925
38088,21.089603108851446
38089,18.089516759642564
38090,16.859192805963012
38091,17.96560134027247
38092,10.352537405557026
38093,21.23666742429283
38094,12.48264982896126
38095,12.266344552098172
38096,13.418892058026966
38097,13.281221139893002
38098,15.814324119654406
38099,17.674271837509764
38100,18.86964393887444
38101,11.985912528075655
38102,14.120321375630649
38103,13.748777727253419
38104,17.827959419497937
38105,17.62309031053802
38106,13.277563134415342
38107,13.58074976203276
38108,16.815350584191208
38109,10.578784389167165
38110,8.63991231917024
38111,11.099897656854203
38112,16.17676221192175
38113,16.979826784052058
38114,14.418736771556398
38115,16.61764677453963
38116,20.38486345112162
38117,14.479977685701524
38118,21.306878125934958
38119,15.537844388641561
38120,14.816748297375678
38121,16.110736144366697
38122,12.614902296920622
38123,16.23094038669916
38124,10.94554469725865
38125,18.161441187322968
38126,17.150314015943955
38127,13.913698207053447
38128,12.098564357325955
38129,8.638641693680935
38130,15.880619800763963
38131,17.561164827462726
38132,15.15428700576311
38133,15.12209322626662
38134,23.69855024644523
38135,10.563558033114308
38136,21.487803530821104
38137,9.25574846816824
38138,9.61192598696514
38139,22.922108381878935
38140,16.91678702480941
38141,18.79433678633756
38142,15.062991349222747
38143,19.580771139136502
38144,10.342958464039015
38145,23.36217522699645
38146,15.458553735311872
38147,11.557365627887759
38148,10.572984956255846
38149,13.528469193408213
38150,19.29636970457159
38151,14.156164201471286
38152,20.168575773885827
38153,22.528420324883868
38154,20.510722835037512
38155,22.9516255859914
38156,18.73597571233083
38157,13.730169374408925
38158,19.369474615825354
38159,14.541227808215165
38160,17.332893358856996
38161,13.461919869977724
38162,12.557622913261145
38163,16.855538675673877
38164,17.95451080584509
38165,17.585187177234403
38166,16.222991015503027
38167,18.47448737107388
38168,16.076038438670384
38169,14.083075498512702
38170,14.79131781206524
38171,17.095593673934676
38172,17.920545148162358
38173,17.040766422008538
38174,20.98562193388112
38175,12.08827099660345
38176,16.25846762714096
38177,16.223874836762413
38178,16.394420816114902
38179,21.105832363081873
38180,14.408178226876975
38181,16.89506025367986
38182,11.544541223119344
38183,15.706995923766138
38184,14.528694664353731
38185,10.473806515787137
38186,18.39279583696078
38187,19.27825597116106
38188,16.7327800402488
38189,18.091732001280544
38190,14.589388054746648
38191,19.31213071639685
38192,17.983052209319755
38193,20.70751950018428
38194,13.69382724454979
38195,13.172772587328504
38196,19.157316994854227
38197,14.552036290070117
38198,22.150070844994367
38199,14.72106507891446
38200,16.680679596990828
38201,17.354148539473393
38202,16.100917452955358
38203,19.93322447078188
38204,10.315090812413526
38205,23.680197342607876
38206,9.492787724704462
38207,19.58920636670273
38208,10.773217950714766
38209,12.176659920139109
38210,10.375699147154524
38211,7.78463448090492
38212,17.55170486100758
38213,18.272641811673942
38214,24.410393172986247
38215,16.05694721515443
38216,10.512772996776324
38217,12.855958489247703
38218,13.692902130271314
38219,8.320226102707528
38220,19.17340511858391
38221,18.605459626618956
38222,16.64356100675988
38223,16.99276705268513
38224,16.636330152537738
38225,15.604753517115965
38226,15.031486979388797
38227,15.653908192548927
38228,10.680638208900104
38229,8.254675273596497
38230,18.535193656552636
38231,13.86567140583804
38232,14.756374237264405
38233,16.551028296868758
38234,19.953223826581834
38235,17.575841888374885
38236,25.091453052367072
38237,16.740589991729358
38238,9.70491969280345
38239,15.205073893015703
38240,10.210377837474274
38241,8.36867658540746
38242,20.900949758959097
38243,14.46485757473974
38244,13.713684238521942
38245,14.081841728988113
38246,12.29731884480653
38247,16.53288702896392
38248,21.555798882198253
38249,19.15926659621133
38250,15.80689104558972
38251,15.004357563077606
38252,21.108548401746823
38253,16.53763392512414
38254,22.05025538966119
38255,21.838275526536044
38256,9.400539464483002
38257,15.869865824952331
38258,21.236791165308453
38259,18.890266517685582
38260,15.251405019099417
38261,19.453578210655607
38262,18.10423678227866
38263,18.458812503885646
38264,17.905287480604958
38265,13.910558801407646
38266,16.450447496475206
38267,22.041500309149477
38268,13.92351974260867
38269,16.404517634544355
38270,15.173095836388573
38271,17.59476695391303
38272,22.22345272632478
38273,13.934031152788144
38274,15.002499052045353
38275,14.210504312471489
38276,14.81171998000299
38277,19.981192569132517
38278,12.595529969112125
38279,13.239567033617723
38280,15.628731525511212
38281,13.361495857429462
38282,18.62727474883544
38283,18.039837501203976
38284,21.604923243553408
38285,11.766668128160516
38286,11.130898601124164
38287,16.6934181386545
38288,12.001977696230394
38289,13.973183022524243
38290,16.339788543887153
38291,17.913071536979253
38292,17.545309646244444
38293,14.453549936321986
38294,18.337751198846902
38295,11.992072705018591
38296,16.083580847581217
38297,11.043032364545184
38298,17.31037732226688
38299,18.510972843369515
38300,14.443249263206228
38301,14.679711590443567
38302,13.935272033021278
38303,17.920121706743203
38304,11.039621127908166
38305,8.734024211377882
38306,14.696646272140102
38307,15.152340525581907
38308,13.671514548760667
38309,22.757386557221814
38310,14.736292272982459
38311,12.164944736390666
38312,13.483502370218291
38313,18.765141654880594
38314,17.308309811552018
38315,13.940590273709978
38316,13.131355068098742
38317,17.144686277234186
38318,13.097461918306523
38319,11.478927429105065
38320,14.768446420844013
38321,17.618778689730867
38322,14.868404477236002
38323,20.986795528470786
38324,11.247749431638752
38325,15.20118404969679
38326,17.33002756132593
38327,22.151985150421048
38328,16.269872230622475
38329,23.901210225304673
38330,14.20591389273296
38331,13.81766823483618
38332,15.831274299556789
38333,20.08247282592869
38334,15.053875451136923
38335,20.37104820073859
38336,15.958828962267987
38337,12.861091084132823
38338,19.624284718530177
38339,16.857054131041114
38340,15.567464716062545
38341,15.28986866186998
38342,11.199231904998872
38343,21.486142861568403
38344,13.709915318761798
38345,25.09167373623611
38346,24.621071218127916
38347,15.149373089646483
38348,15.69463137351818
38349,11.480741047424214
38350,21.78931361022477
38351,20.27150859650679
38352,13.308428063797933
38353,15.143868221387322
38354,16.493267111223496
38355,20.333990903338748
38356,12.335459123002913
38357,12.16245912494074
38358,15.22609167572148
38359,13.965129128272727
38360,25.09489503854565
38361,19.112862457809044
38362,15.564415628248431
38363,16.903431208729906
38364,16.487118465479597
38365,9.953442062173982
38366,21.85659106690496
38367,9.075481729094736
38368,18.261684384822097
38369,11.181425453643293
38370,18.15103473863966
38371,10.634770524906791
38372,14.942811223207906
38373,19.63210316550112
38374,14.489982708892152
38375,15.14405138650243
38376,13.083569143649482
38377,14.964052210321128
38378,13.177594513022502
38379,17.001284894823478
38380,10.750044569418517
38381,10.72900781076627
38382,14.667937644804258
38383,22.328764624037
38384,17.518503425756847
38385,19.32895689054412
38386,16.782466355477865
38387,13.91232102685783
38388,16.032751832830733
38389,13.182429931584466
38390,16.36273842977494
38391,18.53190508647483
38392,14.65761612290651
38393,19.61371722442115
38394,15.184561648640777
38395,16.412348752762114
38396,13.73029387802785
38397,12.166884037852471
38398,16.713576071775776
38399,11.733877829613071
38400,11.853520008101945
38401,14.43877618728187
38402,10.344206596646659
38403,18.549349713098113
38404,13.911208445948477
38405,16.169006680709103
38406,17.883536073374728
38407,22.252822913286238
38408,18.223902244607615
38409,19.663551429327075
38410,16.491831008395827
38411,21.455565401415832
38412,17.1404906043674
38413,22.90496493137195
38414,22.468007888915672
38415,17.350641331567623
38416,21.577391459131164
38417,14.98333596388478
38418,21.304913481351306
38419,12.93867012356864
38420,13.952581000742622
38421,9.75372640477875
38422,17.550102724066008
38423,18.77670832022742
38424,15.068573241296981
38425,16.752328623827733
38426,13.947416827091256
38427,19.044405907695598
38428,16.331743693669694
38429,18.622192739982438
38430,20.617008333623282
38431,16.00685580040166
38432,14.353874714431344
38433,17.171612437972264
38434,16.00804628601937
38435,15.91683243936074
38436,13.207994532157386
38437,22.618102326778356
38438,20.37038659204662
38439,16.13121091688233
38440,17.193719303787738
38441,15.528934455404356
38442,12.26915374314544
38443,14.956719336342898
38444,13.042926774138378
38445,17.177867006710777
38446,20.313531644017353
38447,20.600369518387993
38448,14.837602460154104
38449,17.064021158278116
38450,11.275095033298971
38451,14.006248854731721
38452,10.54020765472566
38453,11.174797468380389
38454,20.377713375842802
38455,13.320109460135058
38456,15.423614919552024
38457,16.36014107447454
38458,11.802422451337712
38459,16.995136738480305
38460,10.719047586049452
38461,16.15169890592886
38462,16.321870007733942
38463,17.279222029135795
38464,15.458038180926001
38465,15.590201750203173
38466,12.871209073229268
38467,21.021507698830142
38468,15.105019025495382
38469,12.35126944147284
38470,15.91925596140298
38471,19.16998032472638
38472,14.583372910265398
38473,15.546293989159443
38474,10.341851355858996
38475,19.210983761522606
38476,15.698025852029629
38477,17.030739243228766
38478,16.16558535369078
38479,14.32482988023127
38480,15.10839468063496
38481,16.273694844129757
38482,13.29490958411013
38483,18.13889953235455
38484,14.98322233058615
38485,11.745634155530567
38486,15.38291495549998
38487,10.833265317886788
38488,20.341818633061223
38489,10.294456258351707
38490,16.542822114572445
38491,12.72167529156059
38492,16.26331161318914
38493,15.213257360004627
38494,14.078343598293179
38495,10.376008852687036
38496,13.156411646772371
38497,18.323075895944918
38498,16.54444105759888
38499,10.773877778632977
38500,16.917555155589767
38501,8.960803530800451
38502,9.281634727421322
38503,19.467236807170146
38504,10.473958788684525
38505,15.992528241751105
38506,14.851887905972402
38507,17.99385209368502
38508,16.463611202081346
38509,11.83030978513262
38510,15.58861826820525
38511,20.44126498840872
38512,14.609579116935667
38513,13.180772663106493
38514,18.824278075276553
38515,11.6446710882471
38516,15.838352856834318
38517,8.885203990850371
38518,17.23248391361568
38519,16.968430270866506
38520,22.363603094855797
38521,21.132539357388417
38522,12.405474214500533
38523,13.19211609640599
38524,19.967953205022134
38525,15.6147086144905
38526,15.387788983394957
38527,13.062580817668454
38528,14.062563925862246
38529,14.582315857075457
38530,18.055809115753377
38531,8.608971164985416
38532,15.803889272158228
38533,12.493334836619326
38534,21.56714049096989
38535,8.793257732697935
38536,10.96905417000658
38537,11.967991963208705
38538,18.727748045380075
38539,19.43304580070832
38540,13.238825854809633
38541,18.820012640376028
38542,16.02371313523183
38543,19.42093501085244
38544,13.488646792474562
38545,12.287103603509033
38546,12.756832173236855
38547,16.650714327195047
38548,10.89811739588904
38549,17.101188930027362
38550,13.218143586703814
38551,18.16697274078084
38552,13.020912777617616
38553,11.633366792316648
38554,9.042555858750653
38555,18.069075663833225
38556,14.773423030112417
38557,19.95993895046511
38558,12.036780964050791
38559,17.560104865374406
38560,14.991668182030695
38561,13.24065118111863
38562,12.086147601831204
38563,20.724339245688462
38564,13.132356055264022
38565,13.010829016069716
38566,22.567074467208784
38567,19.92595692771929
38568,9.776038273252446
38569,13.406419509693283
38570,17.552023244208183
38571,12.107660359352344
38572,17.072891137833842
38573,21.7820268015589
38574,14.693180979157008
38575,15.607417156845193
38576,17.189519093973498
38577,18.13628535912511
38578,13.045944276004889
38579,17.749018355380493
38580,17.149978306068107
38581,11.103985568445573
38582,18.01121043605824
38583,14.498311315890291
38584,19.354218652797258
38585,14.93947830901491
38586,14.543467984953155
38587,9.57053022678
38588,12.966685092729804
38589,13.164730306088904
38590,12.688191138672172
38591,16.130716745224554
38592,8.653079896832466
38593,12.232129097065307
38594,16.47024059540632
38595,15.465531519439843
38596,11.257986974627212
38597,13.50102910944539
38598,16.102619903410996
38599,13.248914698628308
38600,15.162780492579055
38601,17.865795853907905
38602,17.71701633070852
38603,12.1940979972652
38604,14.432398823484087
38605,18.824300106081772
38606,18.301239305304385
38607,11.312709407536325
38608,12.627335527752733
38609,16.832290993920108
38610,16.039071938393917
38611,13.881114541949282
38612,12.863592209671468
38613,11.9645745899663
38614,20.322627595681038
38615,12.62430038731718
38616,13.714037677703155
38617,14.649473959630063
38618,11.295245786228698
38619,20.30565231997937
38620,15.200844621126377
38621,15.162267187484472
38622,16.41883493212648
38623,18.92975228137908
38624,15.066764285831994
38625,15.468345960739574
38626,12.698400733594891
38627,13.732136521158017
38628,13.258974267546808
38629,20.952710503027134
38630,18.0593785057224
38631,13.275202786757248
38632,14.432560081507566
38633,16.987270298512556
38634,19.798905659195995
38635,16.491983982091263
38636,19.790732510784764
38637,7.446342488526244
38638,11.050628421038983
38639,21.671241988797824
38640,15.51819593067154
38641,9.845515680763189
38642,12.905904416996844
38643,16.75321597620733
38644,15.308802758338151
38645,16.545263326889774
38646,11.56857371316452
38647,16.29683860826468
38648,13.064934473771485
38649,12.956072200754132
38650,16.68719965147819
38651,17.21925031855004
38652,14.981645027376539
38653,13.471199643994787
38654,14.182772659600381
38655,21.841478251737215
38656,13.842796852720678
38657,11.301382605501523
38658,10.606041216027812
38659,12.88098401102006
38660,12.73536326489473
38661,14.918079877374511
38662,18.69332019562276
38663,10.440722739865155
38664,16.531733179871843
38665,11.531098700653043
38666,14.770333526715985
38667,11.953059503046026
38668,20.71876559777488
38669,14.467527237704799
38670,18.262301889657223
38671,13.55644655782802
38672,17.773504439649145
38673,16.23350729369878
38674,15.696252300274422
38675,17.446290812758313
38676,25.196582878068277
38677,12.737130761735143
38678,11.507014890599024
38679,13.201930264683034
38680,21.630544386025978
38681,14.820758805330353
38682,17.056546126057917
38683,18.371570544432085
38684,16.183248162632957
38685,16.332131906438235
38686,14.318144791567379
38687,19.407153259331587
38688,15.551462007236474
38689,15.57618341425476
38690,20.60475390815535
38691,12.298380902833069
38692,18.049571368726067
38693,12.22943831107886
38694,13.402682407175297
38695,16.397265848107445
38696,14.756634431497384
38697,14.01662531642333
38698,18.677579413110855
38699,15.42835539152736
38700,13.94938676571021
38701,20.47212153921236
38702,15.508112176654663
38703,13.414684392617906
38704,17.606359741544566
38705,19.074220431247667
38706,13.058992359273754
38707,14.553679725548069
38708,14.176669541858699
38709,15.640188739172158
38710,10.267979319985319
38711,15.858335601398965
38712,17.444695000462325
38713,18.04580259152352
38714,14.113745328050314
38715,16.20092050456448
38716,12.479632692011155
38717,18.02581065058098
38718,14.632285068440382
38719,13.307471198078183
38720,17.673363629573018
38721,10.159659806490057
38722,19.94602669242729
38723,17.443183274793526
38724,16.29146841885969
38725,23.13388240991766
38726,21.8632220653924
38727,13.915993604728015
38728,12.22496426336023
38729,21.08151398600565
38730,12.555183226848522
38731,12.434695379085639
38732,18.991869826556446
38733,12.949907345183036
38734,16.573762068674426
38735,18.71877689531619
38736,15.754549164623604
38737,14.01475715630635
38738,19.088524627369402
38739,15.021806484701091
38740,11.211809439988876
38741,19.47864381947256
38742,15.442917820246308
38743,16.830365578449175
38744,8.76923721531837
38745,20.058663152601028
38746,16.63383109481019
38747,20.26949679363969
38748,13.051985713295664
38749,14.43549778200165
38750,10.767642391700473
38751,13.974795837736515
38752,20.4189015810708
38753,18.63904358919153
38754,9.371647074494824
38755,12.4843535998575
38756,17.035868300047248
38757,16.639149367984125
38758,17.40209554029152
38759,12.951803778201743
38760,18.48226821844129
38761,8.267603881084337
38762,22.218952653903756
38763,17.934171224869885
38764,14.570677609579283
38765,17.11740784168302
38766,11.257157170118369
38767,13.53520852504839
38768,13.513517776533634
38769,16.962568012043903
38770,16.530461234288353
38771,18.43118269125773
38772,20.91576961411875
38773,19.434109352887095
38774,18.316149397660148
38775,12.0437799993841
38776,10.68940376992333
38777,14.100970456837556
38778,17.62418947095436
38779,14.58103538416106
38780,18.075950862238077
38781,13.508195810139965
38782,13.710044798684029
38783,14.674705777027876
38784,9.555127146091642
38785,12.52094629818875
38786,19.180081414486423
38787,9.790392727376313
38788,13.316218508180125
38789,20.11624924552799
38790,17.472716255731974
38791,16.052461615269998
38792,19.8527144403501
38793,15.162026653653005
38794,13.207865262380457
38795,16.297974406021346
38796,21.424228977813662
38797,12.635209890435185
38798,13.962762082953358
38799,19.9488595148299
38800,17.412346126166156
38801,17.30336301989135
38802,14.972386168836634
38803,17.967711129483988
38804,13.88589719109792
38805,11.988504643745047
38806,15.084119428365169
38807,18.1439272683797
38808,15.902882242976792
38809,14.869549390536948
38810,16.933255392685673
38811,13.04843302704111
38812,13.36032850489315
38813,13.558727876270215
38814,21.23567652464867
38815,16.052756565074862
38816,17.409799701403642
38817,10.986212174876904
38818,24.232959440277078
38819,12.518039381243948
38820,13.17940568756983
38821,15.20255642356094
38822,15.044851593463964
38823,16.90031350813536
38824,20.75970682087265
38825,13.027279537831731
38826,21.87867355222467
38827,14.238919585665835
38828,8.545244171778222
38829,11.67669356607689
38830,12.20864109209435
38831,16.467192847988553
38832,19.942248729759047
38833,14.859855414638163
38834,18.233503049989622
38835,14.56520030815731
38836,13.184325111023554
38837,21.994032974553576
38838,20.835497584460512
38839,12.63818117810217
38840,21.182550810260388
38841,12.221633950592656
38842,16.143260834180083
38843,13.955636385735579
38844,14.955261972375135
38845,17.004459952365323
38846,16.20091705139466
38847,11.532017416091282
38848,16.639304863635928
38849,20.078578944622798
38850,18.609351204105373
38851,15.185522068027192
38852,9.05427097190699
38853,15.953867110076954
38854,16.243736252403956
38855,15.711294458546591
38856,14.21969110304743
38857,23.75664822039412
38858,11.651551132959394
38859,20.68840746638288
38860,16.6729987921304
38861,19.944723741244246
38862,14.32375627415944
38863,20.827035895908587
38864,12.882605460676412
38865,17.825660953413973
38866,10.480771258579974
38867,9.739071437074227
38868,11.642238522859625
38869,15.749739171877474
38870,17.72951705176935
38871,14.50996010625992
38872,12.50561518178717
38873,14.644052541303884
38874,15.851830452986864
38875,14.847537307078019
38876,21.13258528598918
38877,14.36252431427537
38878,15.730094212847616
38879,11.44635960479369
38880,10.122566576353709
38881,14.90991569344219
38882,18.177294835302874
38883,16.729690087147482
38884,16.964334181664555
38885,15.409833590703292
38886,19.251168254472773
38887,20.160897645899333
38888,13.579071506063455
38889,10.44590369841363
38890,21.102934147993448
38891,15.414781915918306
38892,13.149833077993737
38893,22.576246367176637
38894,17.075822347043697
38895,13.559638017246144
38896,20.32361569242046
38897,13.57826317639629
38898,13.269459725563973
38899,18.886046511711008
38900,17.45261637068159
38901,19.835711555610942
38902,14.942956052222822
38903,15.62879665969376
38904,14.092881285679741
38905,14.51772279549972
38906,20.931514975877782
38907,16.019294789648796
38908,16.17188509435254
38909,20.598870470223055
38910,13.861971468049255
38911,15.728307576080892
38912,15.37617082784594
38913,13.611639845095246
38914,9.682270220096235
38915,13.931980971516632
38916,15.451027133575604
38917,13.659745056279293
38918,17.97926346234193
38919,12.012220740059263
38920,21.342670784741166
38921,13.501192596493741
38922,13.660521892962276
38923,13.253429680818508
38924,19.236357294673454
38925,10.415065015143401
38926,19.739864547901874
38927,14.44383531309531
38928,17.120276766835076
38929,12.679625530964502
38930,15.460765608161301
38931,20.47574856005383
38932,18.851204113514154
38933,11.46384401602569
38934,14.939278598660609
38935,14.77841752766677
38936,18.75625866784357
38937,16.53872964928359
38938,14.642546803472275
38939,22.32703840297657
38940,14.523015247534559
38941,15.25411958399046
38942,24.58189094789006
38943,15.159711133089642
38944,13.728672443380075
38945,19.70303185050529
38946,13.159132801805617
38947,12.871404256694229
38948,19.86608653502951
38949,11.381506505922573
38950,9.8781482403894
38951,17.01932987702436
38952,14.85389187299033
38953,14.179547115386269
38954,8.272869290252475
38955,13.51250204067474
38956,20.06019009395135
38957,17.475413569224614
38958,15.699055587252033
38959,14.400397675060887
38960,13.040926718641463
38961,11.789019376374611
38962,20.955462957243448
38963,15.717318819694116
38964,15.332570797624747
38965,11.456792829267663
38966,15.710970197090111
38967,13.014119716301941
38968,18.939580657511648
38969,16.862408418034743
38970,21.393086896419952
38971,15.895133550780884
38972,14.68253071123062
38973,14.802698600289496
38974,15.55913130861032
38975,14.948651895384623
38976,17.947037604096952
38977,13.977135408597182
38978,12.11195667513887
38979,13.917019731811967
38980,16.184625315827518
38981,10.024712329472141
38982,16.794073415882867
38983,16.97466435996887
38984,14.478429442847604
38985,11.629689028254905
38986,11.27892382121004
38987,17.77496843162124
38988,15.426319745048424
38989,15.99651846462058
38990,11.247750110910744
38991,17.14778186624892
38992,23.516981316104605
38993,20.505255855063737
38994,14.271743838931918
38995,13.25040391750827
38996,16.108194209582727
38997,14.061267427486664
38998,17.378484152105017
38999,13.59462644318917
39000,15.990483622027659
39001,13.430552160765219
39002,14.741684946035527
39003,15.457082951490655
39004,13.209250754123644
39005,15.283854160153725
39006,11.466424143718246
39007,8.412566319434253
39008,16.937518084144386
39009,16.84863565849043
39010,20.500764456098036
39011,14.038351373125296
39012,16.74473551263368
39013,20.10468105710617
39014,15.645046700411317
39015,10.734635888356122
39016,20.584983264926475
39017,19.708983351469158
39018,16.479451628631317
39019,16.90439496001403
39020,19.520001113958635
39021,13.854736486033131
39022,15.668651865287204
39023,14.07017430827952
39024,13.411543749290882
39025,19.30375792942762
39026,15.388448181392326
39027,21.303163806925426
39028,20.111739656806172
39029,19.16726938037057
39030,23.111463233700796
39031,15.097210196588202
39032,16.178422208693448
39033,17.23396568748752
39034,15.260837923647887
39035,11.105380849857035
39036,15.804042271755906
39037,21.626975541416073
39038,10.653561439614062
39039,16.857467516866063
39040,12.383458501312363
39041,14.024707704240788
39042,15.849685616737064
39043,15.974708922515042
39044,17.526644928135646
39045,14.271256319147314
39046,18.51444170556445
39047,18.227247880959233
39048,12.736414621289823
39049,11.763222520249279
39050,15.762568710894666
39051,17.34227579365933
39052,7.753308837899485
39053,18.998176059095293
39054,13.915516513499488
39055,19.199316510541948
39056,18.789851346010536
39057,13.7146833098495
39058,9.581024157017396
39059,16.35226320090021
39060,16.244480023126066
39061,12.69491650816245
39062,14.001115762832155
39063,10.603259459443366
39064,15.600026107187347
39065,13.372036820445174
39066,16.63972387564304
39067,13.069367612236654
39068,17.402594727705804
39069,10.235248598479721
39070,17.313940899782494
39071,12.890406106708049
39072,10.989573695367955
39073,13.984229993751585
39074,13.798319021127444
39075,12.92399024911922
39076,19.68401323289337
39077,18.088094260931836
39078,20.801176706305554
39079,18.040789670262484
39080,22.708211995567403
39081,16.60917724680403
39082,12.659108281843192
39083,17.467762485707254
39084,12.121982334413259
39085,15.479467266743619
39086,12.95039054460784
39087,13.674942564403462
39088,17.922733797818026
39089,11.790474470193388
39090,11.135784265070138
39091,11.139061917374917
39092,11.483213108069007
39093,13.394362718938314
39094,20.432202299054964
39095,15.693794044886284
39096,15.607613910600266
39097,21.42291572845925
39098,20.207566571832903
39099,13.438470844775773
39100,17.50441598707682
39101,13.266424065372664
39102,12.306471794683842
39103,17.80760962799782
39104,13.952545833092481
39105,11.023096955326485
39106,16.512699216026054
39107,15.412156877689464
39108,17.235741526287292
39109,14.164287826290458
39110,20.675217077506986
39111,15.75604468631249
39112,17.9889229847751
39113,18.125364336903225
39114,14.68798529862188
39115,13.205503878242759
39116,17.794173657551042
39117,16.257232240854467
39118,16.511448570025614
39119,17.31940310017019
39120,14.775388213967508
39121,10.47896074807458
39122,10.561609918622375
39123,18.573255818385615
39124,17.811012768952523
39125,14.34082898096497
39126,19.01610845764017
39127,14.711730378500596
39128,9.803595737851312
39129,13.274294102118777
39130,18.11465885555211
39131,15.508872762540994
39132,13.565895566201489
39133,17.5918852941329
39134,16.1388026587165
39135,20.137385936545392
39136,13.02398606877501
39137,22.694921056361473
39138,15.462371221242188
39139,21.599225595699593
39140,17.918370800874733
39141,15.990296605911254
39142,17.299177927980594
39143,16.590177203328714
39144,17.043468079171323
39145,16.8683211460597
39146,13.137872939115171
39147,11.428259073299305
39148,11.437408554773349
39149,10.423329954881778
39150,17.719010731891558
39151,12.5340995220147
39152,14.581575637916318
39153,14.318001333106823
39154,11.781111099985155
39155,14.95201808554122
39156,12.870557708602192
39157,10.363725442274255
39158,13.256853277442492
39159,10.172657931273594
39160,16.162996569773313
39161,17.706930941945977
39162,15.491855375454799
39163,19.946530342836965
39164,8.78405955216812
39165,7.38225760553208
39166,16.484024225172696
39167,9.703219608596918
39168,11.169449155317436
39169,16.472438784561064
39170,12.311698981701065
39171,16.26301728405875
39172,22.348633444134293
39173,20.83930559115751
39174,17.336402917246858
39175,15.13064079975464
39176,15.8648212751739
39177,17.601206118066244
39178,15.786490230877414
39179,19.077383476673937
39180,15.32690888949981
39181,15.105332471620258
39182,14.6669349662583
39183,13.057089333383285
39184,10.718124702209707
39185,9.915243659669143
39186,16.481180774750257
39187,13.152343577263235
39188,14.804456958891365
39189,10.953893455625938
39190,12.330439873547997
39191,17.553160127158023
39192,14.74478261673623
39193,11.593144045141651
39194,15.370586746904538
39195,16.047798252733603
39196,15.61439524803068
39197,18.76119460225694
39198,16.613880741082706
39199,16.3064084319483
39200,20.59567906895768
39201,12.481507841740425
39202,12.10367131816664
39203,20.57918517631234
39204,21.719141996416404
39205,16.65754606649302
39206,18.066455405678255
39207,16.736778002812912
39208,12.643471946582688
39209,19.656949154128412
39210,21.399460651485423
39211,14.401825497529693
39212,16.631272344725918
39213,16.325457949801567
39214,23.680019036983268
39215,18.419533407195736
39216,14.337873500349684
39217,9.719449553761978
39218,16.687913836830845
39219,10.348809259677166
39220,20.312988230447573
39221,14.521776503807931
39222,13.602343403234482
39223,18.51197053901402
39224,17.3321949214752
39225,12.737149314391647
39226,14.543888625690684
39227,14.278961260730288
39228,18.652139702523762
39229,13.64408116276586
39230,22.744736307169546
39231,16.21475045477
39232,21.067535902214885
39233,15.368859675051926
39234,16.171754650167728
39235,13.40637220817706
39236,16.175209222690086
39237,18.75914597395864
39238,17.01028184913247
39239,13.896874012452107
39240,11.323720166523707
39241,10.590335067027013
39242,10.504903655022222
39243,11.529169264817122
39244,16.831898850660302
39245,21.11618697408708
39246,12.98489299963566
39247,19.154504261846157
39248,15.606328871978194
39249,21.03916041365164
39250,16.266408029570172
39251,13.748206545821395
39252,17.264022872621688
39253,15.907454337714883
39254,15.139634473988487
39255,19.75674503099824
39256,16.299358049575766
39257,13.43097292178184
39258,16.962411061567053
39259,11.745548719257672
39260,13.889730250747437
39261,15.677255242750041
39262,14.358099667625467
39263,18.478853951248908
39264,8.992808138353404
39265,13.865642179245269
39266,16.695677135105782
39267,18.455205925562126
39268,13.446894440072763
39269,15.285177755832587
39270,19.88951070252981
39271,17.22974397894488
39272,15.03227329235155
39273,18.891892577030177
39274,17.112712896589905
39275,16.784694659819202
39276,15.385087998010064
39277,16.795098109275735
39278,20.627022568317816
39279,16.06000327829078
39280,21.28313477777533
39281,12.449616275877801
39282,11.643468155593165
39283,11.617242445840272
39284,18.115473691032484
39285,22.413062757543905
39286,11.452884804526747
39287,10.040581668750432
39288,17.58826795050132
39289,12.969794314965068
39290,17.956159078949213
39291,21.635352098614575
39292,12.943066606495103
39293,13.118847942040578
39294,14.557575357272343
39295,20.11297083155234
39296,14.275856995486516
39297,14.557996195617788
39298,14.373292782445851
39299,16.744203984392747
39300,14.930013228410433
39301,12.039447374031427
39302,12.303176303604587
39303,11.625925303050213
39304,11.331202444927728
39305,14.768193310515612
39306,12.150637614459413
39307,19.007078101897612
39308,15.365096873466614
39309,10.452276316074062
39310,17.82299827704852
39311,17.102355338530092
39312,14.817009280279173
39313,22.040009328820666
39314,20.24261812627359
39315,16.36892383995668
39316,21.92688884289116
39317,12.294072380326206
39318,16.145211327588846
39319,21.278083104744685
39320,10.104677793447685
39321,15.26034088937396
39322,17.39814643758082
39323,17.737543283165962
39324,18.729467266452417
39325,22.406148374684477
39326,15.612953839395976
39327,12.89609007150781
39328,10.502018686867112
39329,16.35903529158722
39330,12.847806682660213
39331,7.932512692140218
39332,17.03576395258029
39333,16.33305282348369
39334,17.98749252831115
39335,14.997962396229903
39336,13.44101734831413
39337,13.900653243945342
39338,13.249123501002366
39339,15.79734131043178
39340,11.192777992692363
39341,12.817587800911552
39342,10.557546776002875
39343,11.410398344486211
39344,12.565057990068285
39345,21.656557127693176
39346,11.414299945832617
39347,20.562403755723295
39348,14.868732231026533
39349,17.790981859892426
39350,15.524079006362003
39351,13.817155090542656
39352,15.537001517550934
39353,21.23318226327595
39354,13.785041404276544
39355,15.76489290433833
39356,17.581992789472395
39357,15.051072608255508
39358,12.927812963011647
39359,13.920365382824148
39360,14.42468968865146
39361,16.92364700901927
39362,19.86381177626889
39363,10.384911299641743
39364,15.380885609835843
39365,16.656056028034712
39366,10.691406842930046
39367,22.676834455489796
39368,13.288965766473222
39369,14.730633341404525
39370,19.614749325071557
39371,15.969208885057693
39372,15.221992724543492
39373,18.093286425872073
39374,15.000904084605216
39375,19.67082145655455
39376,20.404885507171173
39377,13.078773242614707
39378,13.391061153764127
39379,15.068469453668513
39380,16.320551156692922
39381,13.61686729908935
39382,16.56121170476444
39383,14.085447203375699
39384,13.608550562015612
39385,13.97233712867944
39386,10.036631342477893
39387,14.266354152765352
39388,17.775588378146846
39389,13.830692861377313
39390,21.24358498057948
39391,13.759539991440661
39392,16.091846801953167
39393,16.400424162091042
39394,14.493604096186415
39395,16.05908923978707
39396,18.80724572554191
39397,21.158510422716986
39398,14.137521889720743
39399,17.846351025338162
39400,15.053638711092713
39401,22.121053783988508
39402,10.791963814108621
39403,21.702657541461903
39404,14.081979918956245
39405,13.379474364195149
39406,14.524420286071422
39407,12.611417815446186
39408,21.216249533442024
39409,20.024307608772865
39410,16.734069494765727
39411,10.739642526158457
39412,13.473380629476882
39413,24.604045300167584
39414,8.971173981199534
39415,13.13390812286783
39416,16.505083294983898
39417,19.124333357614127
39418,16.365477546501054
39419,16.136467221011177
39420,16.383773226698015
39421,18.768946926065063
39422,16.875135112177915
39423,8.73519730838241
39424,10.751796855255316
39425,14.0804246581766
39426,15.297440337360841
39427,11.908758730951305
39428,14.135840764268464
39429,19.14539414535106
39430,10.830007165193326
39431,17.32875138628306
39432,9.347602152243526
39433,20.401445293363448
39434,11.132674095461455
39435,15.466219078654568
39436,18.52249337445452
39437,13.336785622962203
39438,14.371447515226176
39439,13.012561856194798
39440,17.05439019477486
39441,16.93561015119479
39442,12.042168802747524
39443,14.439516270864537
39444,20.85946083766226
39445,11.621189892988365
39446,10.72114557326535
39447,14.340777742098293
39448,12.08875290365041
39449,15.694821396193438
39450,14.05541943481426
39451,14.804558798931808
39452,11.597754987154028
39453,16.9764447344551
39454,20.066063180037254
39455,14.692735437447945
39456,10.090903071799303
39457,17.839435916229647
39458,19.32604425892195
39459,9.365058042591507
39460,9.622571323166758
39461,13.67864734433557
39462,15.921622646600275
39463,11.35937348228722
39464,18.072334315989888
39465,16.948430546865108
39466,19.311228029408255
39467,15.120322741604936
39468,17.710307229174305
39469,15.526252614902267
39470,15.691864758573027
39471,17.848373719221904
39472,14.864334766786328
39473,11.074070519094507
39474,17.631600723287388
39475,11.95139731594085
39476,15.801788395026614
39477,13.115720152968121
39478,13.065519434326063
39479,12.721056711611821
39480,9.451856205938842
39481,16.65081922182432
39482,14.456611113821461
39483,18.48770395446338
39484,14.11562133481334
39485,10.427705595815866
39486,15.336318474270307
39487,9.961368707513172
39488,20.341800573819768
39489,12.162992729918084
39490,17.88640954967205
39491,9.988004218742015
39492,15.573356936769061
39493,22.94450538955875
39494,20.53522292307192
39495,12.742008351795263
39496,23.451246697222274
39497,13.480508910308355
39498,16.536147759147248
39499,10.687929850678302
39500,17.504629704682998
39501,18.35817003652997
39502,14.636047589808834
39503,15.789701000175429
39504,16.44539645113875
39505,10.286484704102321
39506,18.728537257938278
39507,10.75053818064052
39508,14.720199173315407
39509,18.111368507113998
39510,15.023004549215443
39511,14.405485847382165
39512,20.681881953093843
39513,18.83094909693063
39514,22.12657950450248
39515,8.307543132668954
39516,19.20499860213379
39517,10.248066068329043
39518,17.190668121334497
39519,13.198395466745167
39520,18.141736086532525
39521,17.815580041766147
39522,15.03995041306719
39523,19.109020332580336
39524,13.643358558227293
39525,14.432189647825759
39526,20.089766619206728
39527,13.396690859320588
39528,16.973118242483686
39529,22.666977216329173
39530,16.10124848456332
39531,17.81741414215604
39532,18.087677968435045
39533,16.578989786699136
39534,18.088417923692695
39535,10.170618644341253
39536,22.55379946599679
39537,18.000315654360588
39538,10.59542620366857
39539,13.832129567687987
39540,21.18252338603964
39541,15.345015801401239
39542,13.608777655870764
39543,15.859584289809664
39544,18.83880632529474
39545,15.750195136847124
39546,13.807731691528634
39547,16.685669310712488
39548,14.105502125685842
39549,11.408959391442082
39550,19.176191229341477
39551,13.559228176911063
39552,16.965558346285672
39553,9.020547324396818
39554,14.963686117994646
39555,14.06917401658931
39556,14.773638394915755
39557,11.980601822165488
39558,18.682597726620664
39559,14.973851914441438
39560,15.445026611021866
39561,13.410302986676168
39562,12.947102246209717
39563,18.56621804036363
39564,12.51113827162977
39565,11.731900445351119
39566,13.83875204465656
39567,9.812996865760237
39568,16.375606880471075
39569,13.889048435161937
39570,13.32571245636996
39571,17.612082459692473
39572,9.852115752962561
39573,18.57662430756833
39574,12.324904046824093
39575,12.271572580212695
39576,18.557780310423308
39577,15.327737579849172
39578,20.38393657495609
39579,12.00450668360267
39580,14.147582923811225
39581,11.5674666796786
39582,22.822738361124188
39583,17.044920056074808
39584,12.67254533366434
39585,19.098435717169913
39586,17.46672316983977
39587,17.98683685298049
39588,13.380103166330375
39589,15.976788700234199
39590,10.601042694973366
39591,18.951234261085887
39592,9.420054861202617
39593,14.280413011489589
39594,21.790482154082767
39595,15.731734839666418
39596,11.196674790978136
39597,14.166525637957974
39598,9.972353740531744
39599,12.105946759250255
39600,14.052884178909213
39601,25.08011740731606
39602,13.541685651540288
39603,16.412935875072627
39604,17.013553989127214
39605,10.236772094766406
39606,15.93178804577906
39607,14.49185549401759
39608,12.286594685125968
39609,19.914911757529566
39610,14.106405001452917
39611,17.507546957071938
39612,16.141228443888693
39613,17.069213099182683
39614,13.61189236199223
39615,12.773255593428697
39616,14.961702922113831
39617,11.908972937999923
39618,12.40068646734268
39619,15.659933547682416
39620,11.83918690866759
39621,13.656667573907262
39622,15.41970054526803
39623,12.411484976907762
39624,13.335080428161803
39625,19.443175144143346
39626,15.426320693071204
39627,9.040993871203984
39628,12.914112240091372
39629,15.651367283489682
39630,19.305820283562944
39631,15.187565698744699
39632,21.383875071170927
39633,13.39954560183897
39634,11.594506991910428
39635,22.25170117312348
39636,19.265435460838155
39637,15.763286361710774
39638,11.40353912849395
39639,15.452562947296155
39640,17.075210138664566
39641,21.679797281295507
39642,14.157972657135803
39643,12.22582230353928
39644,18.71484202455834
39645,13.582005711879267
39646,16.779331882074636
39647,19.689728596825795
39648,12.475465989994095
39649,20.557275214487472
39650,16.306298679429517
39651,15.755956676441505
39652,13.86639700948454
39653,16.77664371855515
39654,18.030526010486057
39655,15.668304026268373
39656,12.862446365308926
39657,14.14758661664004
39658,13.41736029839086
39659,12.23882501155456
39660,14.637632178681146
39661,12.414152463994718
39662,13.658825589057482
39663,18.64985333215518
39664,15.40493518853664
39665,11.714172865022949
39666,21.718886096047516
39667,16.830756900110224
39668,12.319823307265992
39669,10.056782687172364
39670,15.912748973955047
39671,12.114461423936124
39672,15.534465214277747
39673,16.350587607708647
39674,12.82865454952077
39675,17.469729944445604
39676,14.646719681930369
39677,19.946877406998603
39678,20.0711081127506
39679,16.20140915689638
39680,16.13520377972163
39681,13.130512136162498
39682,14.79272141149896
39683,16.886526608675126
39684,13.126816863306926
39685,15.55608052985594
39686,14.314300701693803
39687,16.577124352046717
39688,14.226130089533081
39689,15.659179541076373
39690,10.943477926229097
39691,8.471005223743457
39692,18.137439481287025
39693,13.68665552450169
39694,14.945874464781742
39695,10.11461162394393
39696,13.163855244807616
39697,17.46939387546521
39698,15.417686844947125
39699,16.835398931849276
39700,17.43691388354008
39701,10.566754098420926
39702,12.799465315846248
39703,20.889163096659253
39704,14.708401479025618
39705,15.216790710918106
39706,15.974469622248636
39707,21.23028583200555
39708,18.36171162421484
39709,17.487982497085333
39710,7.558425439692352
39711,16.920457138266073
39712,18.08428622095466
39713,13.683540617645585
39714,16.390750701923753
39715,11.331099661121224
39716,12.480858593055295
39717,17.218263579893602
39718,13.239060691825173
39719,16.883912170743336
39720,14.778059604759168
39721,8.833113007709057
39722,21.7154832312617
39723,16.00363621631262
39724,11.341864091180115
39725,17.61289859765394
39726,18.148221859049745
39727,17.565291585761788
39728,14.641090492358122
39729,13.743586846919428
39730,20.607199149404153
39731,17.837016726409665
39732,16.630573630427268
39733,15.788703896323577
39734,13.639333956681732
39735,13.225938742084344
39736,19.505778955384926
39737,18.90507234732791
39738,11.358128640273547
39739,15.549243764536115
39740,20.727063594038036
39741,19.100666818269843
39742,12.830996917865804
39743,17.025598043290746
39744,11.994581413212899
39745,15.79466314203342
39746,14.216765515510607
39747,12.591394106424556
39748,17.660833947091312
39749,14.199540440531615
39750,23.125176147144884
39751,20.886806279913216
39752,20.026164459472803
39753,13.293309704135034
39754,19.1204716589937
39755,10.24540342174815
39756,16.113940772087872
39757,14.484360287121918
39758,19.32788797475962
39759,20.3723772260905
39760,15.08785834846735
39761,19.6135185962168
39762,15.46083074364965
39763,11.634216594276666
39764,21.50059183127641
39765,15.603952586537961
39766,12.911038557390432
39767,19.335977879090038
39768,17.40189921559405
39769,15.777605817362915
39770,14.620809431410168
39771,13.17608482865962
39772,9.562996106639243
39773,20.82026102773719
39774,14.034657441184489
39775,13.088196887879505
39776,10.823821643235238
39777,11.98409090084926
39778,11.17679054234327
39779,15.610521826933406
39780,17.017387422238112
39781,13.311089094045286
39782,16.491186400893092
39783,17.444509646032536
39784,14.40355538697842
39785,14.186596434725889
39786,13.822215681976214
39787,15.928923063604504
39788,13.568328034915368
39789,17.548955550734227
39790,15.619832351508633
39791,14.859620509701319
39792,18.671955303791854
39793,14.753129340183941
39794,18.828328234280676
39795,14.811245608793952
39796,16.994650098753592
39797,14.814916801059342
39798,14.485202501415992
39799,19.265316332191407
39800,11.780283965969462
39801,16.75426671476213
39802,12.052288426718107
39803,13.345732741950105
39804,11.888609315079748
39805,14.962024486507644
39806,14.122424449776721
39807,15.433891823476463
39808,11.762263986364548
39809,17.67013725700842
39810,12.242824158367533
39811,8.688769258985939
39812,11.764685408589965
39813,19.134011850302777
39814,17.241853201124904
39815,16.586076623539874
39816,9.99371083995252
39817,10.983646674071736
39818,13.026856924525074
39819,20.379600691455906
39820,17.750190553030087
39821,20.068042287408062
39822,16.291110473141256
39823,15.443646047373784
39824,19.855896679034814
39825,12.60043721077368
39826,17.23689866145645
39827,13.8769295319474
39828,11.346910963624849
39829,18.93013440052461
39830,15.328911350173975
39831,16.57002758470791
39832,15.243982961055236
39833,23.84595987327564
39834,14.342056679578493
39835,13.691657903589107
39836,10.178493480749804
39837,13.98376247882479
39838,15.691917086378483
39839,14.095406790299226
39840,12.340916574428888
39841,13.232128338568193
39842,13.098673276079158
39843,18.18706209956523
39844,14.740533443716505
39845,10.107069058351287
39846,16.500598233601977
39847,9.846971930537347
39848,15.181793446737348
39849,14.672809149119544
39850,8.715043132470683
39851,19.188242576375927
39852,12.808056883684326
39853,19.62309048470953
39854,15.789928955156453
39855,16.375413981172528
39856,14.4934969926771
39857,14.199516535731767
39858,17.35512862107438
39859,17.699969261363734
39860,10.030742625799439
39861,13.169463467511466
39862,9.207736213248081
39863,14.025852318784247
39864,15.975596755211868
39865,15.950371117173345
39866,24.159049955397073
39867,16.632535180256497
39868,15.75924789407061
39869,18.808613678906525
39870,13.760259218080881
39871,17.76722855277358
39872,15.672142846866139
39873,15.081164384641115
39874,14.256199189077405
39875,22.849533939733924
39876,15.065219578595826
39877,17.524544163574276
39878,13.12773037701987
39879,17.70474903070067
39880,15.078780324079917
39881,11.443487789980644
39882,13.572014880178129
39883,22.761897401052636
39884,14.78998975334521
39885,13.063955936043257
39886,17.871439643054423
39887,17.523845750418616
39888,17.15474824968981
39889,17.492799712573728
39890,11.476176047004163
39891,16.249560455534834
39892,14.554190542783752
39893,22.647691313782985
39894,13.544280562731357
39895,18.30088546491529
39896,14.560155261447425
39897,11.171923959933578
39898,17.78022264515036
39899,18.898610968977003
39900,18.607480152571647
39901,13.443912850218119
39902,13.011714529896308
39903,17.807764046391604
39904,13.145948084770342
39905,22.174769018932743
39906,21.759467168838906
39907,12.252608612417253
39908,11.963580113411037
39909,13.689792628360602
39910,12.42689339789925
39911,15.929879305692744
39912,15.927153756884795
39913,13.891813535358654
39914,15.392519200308964
39915,13.308752052799738
39916,14.295982918304702
39917,11.12338800398797
39918,18.199618493549753
39919,13.53943004888561
39920,14.237792743719378
39921,16.10751296739403
39922,15.7127720497871
39923,14.797591348161863
39924,11.360167691979967
39925,21.420927174740264
39926,18.12928195874305
39927,15.313977899346302
39928,10.65724146621297
39929,23.877978681698913
39930,21.313142774399893
39931,11.617352604448048
39932,16.136894770118303
39933,13.650833173410449
39934,12.282364180437112
39935,16.49846439190091
39936,14.06860378979518
39937,18.690848808887054
39938,13.973673384766037
39939,19.52070919447315
39940,15.08061788780799
39941,16.43300917266287
39942,14.18333778132952
39943,10.164941357242295
39944,20.347214286611052
39945,18.836517320819073
39946,14.341784229372118
39947,11.664508275212025
39948,16.00859198606357
39949,15.325513319828199
39950,12.714065913131481
39951,12.425452610536208
39952,16.638255965146733
39953,10.120909244612841
39954,8.857700690982991
39955,15.850922457736688
39956,16.20769106208349
39957,12.382875236876128
39958,15.684362745152736
39959,17.700365217354047
39960,14.230711321436049
39961,19.403291980189245
39962,8.874354992072485
39963,13.480672485043437
39964,15.654374763191793
39965,14.685782611906191
39966,20.34501556995485
39967,20.17100861246063
39968,14.463986459350759
39969,16.845411193306813
39970,20.1065579941439
39971,13.964316591981783
39972,12.363460917656958
39973,13.802584752061325
39974,18.711399385902183
39975,11.561328083693583
39976,11.45874686856034
39977,13.562551982878338
39978,13.131592304318387
39979,21.59692565251015
39980,13.631613603122663
39981,12.505470704523614
39982,18.968412473689334
39983,17.850295647578722
39984,18.43821844099631
39985,15.37963277731175
39986,13.737721391363849
39987,24.30827462613197
39988,19.82779811397031
39989,16.144139400290946
39990,13.765856212428616
39991,15.317601523646285
39992,22.235547015708946
39993,15.59814675789104
39994,15.272478198574326
39995,21.41825701865516
39996,9.908413700721898
39997,15.039840691182546
39998,18.38579634426374
39999,13.353899756869124
40000,17.72843732343667
